rank,score,keystone_team_id,mythic_level,dungeon_name,completed_at,clear_time_ms,keystone_time_ms,num_chests,affixes,player_name,player_class,player_spec,player_role,player_realm,player_faction
1,349.8,307104176,11,Mists of Tirna Scithe,2024-11-14T02:59:48.000Z,1146419,1890999,3,"Xal'atath's Bargain: Ascendant, Tyrannical, Challenger's Peril, Fortified",貓咪的肉墊-22000006,Paladin,Protection,tank,Shadowmoon
1,349.8,307104176,11,Mists of Tirna Scithe,2024-11-14T02:59:48.000Z,1146419,1890999,3,"Xal'atath's Bargain: Ascendant, Tyrannical, Challenger's Peril, Fortified",冷雪貓咪,Hunter,Survival,dps,World Tree
1,349.8,307104176,11,Mists of Tirna Scithe,2024-11-14T02:59:48.000Z,1146419,1890999,3,"Xal'atath's Bargain: Ascendant, Tyrannical, Challenger's Peril, Fortified",Chatterley,Druid,Restoration,healer,Shadowmoon
1,349.8,307104176,11,Mists of Tirna Scithe,2024-11-14T02:59:48.000Z,1146419,1890999,3,"Xal'atath's Bargain: Ascendant, Tyrannical, Challenger's Peril, Fortified",醒來,Shaman,Enhancement,dps,Shadowmoon
1,349.8,307104176,11,Mists of Tirna Scithe,2024-11-14T02:59:48.000Z,1146419,1890999,3,"Xal'atath's Bargain: Ascendant, Tyrannical, Challenger's Peril, Fortified",已讀亂回,Mage,Frost,dps,Whisperwind
2,349.5,258697004,11,Mists of Tirna Scithe,2024-10-25T15:26:05.000Z,1162264,1890999,3,"Xal'atath's Bargain: Ascendant, Fortified, Challenger's Peril, Tyrannical",九月繁花,Shaman,Elemental,dps,Whisperwind
2,349.5,258697004,11,Mists of Tirna Scithe,2024-10-25T15:26:05.000Z,1162264,1890999,3,"Xal'atath's Bargain: Ascendant, Fortified, Challenger's Peril, Tyrannical",三重西瓜來,Rogue,Assassination,dps,Dragonmaw
2,349.5,258697004,11,Mists of Tirna Scithe,2024-10-25T15:26:05.000Z,1162264,1890999,3,"Xal'atath's Bargain: Ascendant, Fortified, Challenger's Peril, Tyrannical",糖門誘惑,Warlock,Affliction,dps,Hellscream
2,349.5,258697004,11,Mists of Tirna Scithe,2024-10-25T15:26:05.000Z,1162264,1890999,3,"Xal'atath's Bargain: Ascendant, Fortified, Challenger's Peril, Tyrannical",Anon726105D,Priest,Holy,healer,Anonymous
2,349.5,258697004,11,Mists of Tirna Scithe,2024-10-25T15:26:05.000Z,1162264,1890999,3,"Xal'atath's Bargain: Ascendant, Fortified, Challenger's Peril, Tyrannical",黯冰沁,Demon Hunter,Vengeance,tank,Wrathbringer
3,349.3,307728358,11,Mists of Tirna Scithe,2024-11-17T15:02:34.000Z,1168986,1890999,3,"Xal'atath's Bargain: Ascendant, Tyrannical, Challenger's Peril, Fortified",小米果,Druid,Restoration,healer,Whisperwind
3,349.3,307728358,11,Mists of Tirna Scithe,2024-11-17T15:02:34.000Z,1168986,1890999,3,"Xal'atath's Bargain: Ascendant, Tyrannical, Challenger's Peril, Fortified",賴清德拉諾,Rogue,Assassination,dps,Spirestone
3,349.3,307728358,11,Mists of Tirna Scithe,2024-11-17T15:02:34.000Z,1168986,1890999,3,"Xal'atath's Bargain: Ascendant, Tyrannical, Challenger's Peril, Fortified",Anon687EAAD,Paladin,Retribution,dps,Anonymous
3,349.3,307728358,11,Mists of Tirna Scithe,2024-11-17T15:02:34.000Z,1168986,1890999,3,"Xal'atath's Bargain: Ascendant, Tyrannical, Challenger's Peril, Fortified",Nekojira,Paladin,Protection,tank,Wrathbringer
3,349.3,307728358,11,Mists of Tirna Scithe,2024-11-17T15:02:34.000Z,1168986,1890999,3,"Xal'atath's Bargain: Ascendant, Tyrannical, Challenger's Peril, Fortified",賤種,Shaman,Enhancement,dps,Dragonmaw
4,349.1,307929102,11,Mists of Tirna Scithe,2024-11-18T16:33:26.000Z,1182477,1890999,2,"Xal'atath's Bargain: Ascendant, Tyrannical, Challenger's Peril, Fortified",Arancione,Rogue,Assassination,dps,Shadowmoon
4,349.1,307929102,11,Mists of Tirna Scithe,2024-11-18T16:33:26.000Z,1182477,1890999,2,"Xal'atath's Bargain: Ascendant, Tyrannical, Challenger's Peril, Fortified",煙斗阿光,Warrior,Fury,dps,Whisperwind
4,349.1,307929102,11,Mists of Tirna Scithe,2024-11-18T16:33:26.000Z,1182477,1890999,2,"Xal'atath's Bargain: Ascendant, Tyrannical, Challenger's Peril, Fortified",姜太公,Paladin,Protection,tank,Icecrown
4,349.1,307929102,11,Mists of Tirna Scithe,2024-11-18T16:33:26.000Z,1182477,1890999,2,"Xal'atath's Bargain: Ascendant, Tyrannical, Challenger's Peril, Fortified",龍羽飛,Evoker,Preservation,healer,Shadowmoon
4,349.1,307929102,11,Mists of Tirna Scithe,2024-11-18T16:33:26.000Z,1182477,1890999,2,"Xal'atath's Bargain: Ascendant, Tyrannical, Challenger's Peril, Fortified",找你呢,Druid,Balance,dps,Shadowmoon
5,349,308090001,11,Mists of Tirna Scithe,2024-11-19T16:00:56.000Z,1184158,1890999,2,"Xal'atath's Bargain: Ascendant, Tyrannical, Challenger's Peril, Fortified",煎魚,Paladin,Retribution,dps,Skywall
5,349,308090001,11,Mists of Tirna Scithe,2024-11-19T16:00:56.000Z,1184158,1890999,2,"Xal'atath's Bargain: Ascendant, Tyrannical, Challenger's Peril, Fortified",南蠻風唐揚雞,Shaman,Elemental,dps,Light's Hope
5,349,308090001,11,Mists of Tirna Scithe,2024-11-19T16:00:56.000Z,1184158,1890999,2,"Xal'atath's Bargain: Ascendant, Tyrannical, Challenger's Peril, Fortified",Stormpaladin,Paladin,Protection,tank,Shadowmoon
5,349,308090001,11,Mists of Tirna Scithe,2024-11-19T16:00:56.000Z,1184158,1890999,2,"Xal'atath's Bargain: Ascendant, Tyrannical, Challenger's Peril, Fortified",狸貍芙妮,Priest,Discipline,healer,Quel'dorei
5,349,308090001,11,Mists of Tirna Scithe,2024-11-19T16:00:56.000Z,1184158,1890999,2,"Xal'atath's Bargain: Ascendant, Tyrannical, Challenger's Peril, Fortified",AnonDB13990,Shaman,Enhancement,dps,Anonymous
6,348.1,303364810,11,Mists of Tirna Scithe,2024-10-28T00:19:21.000Z,1228932,1890999,2,"Xal'atath's Bargain: Ascendant, Fortified, Challenger's Peril, Tyrannical",龍嵐悠雨,Shaman,Enhancement,dps,Chillwind Point
6,348.1,303364810,11,Mists of Tirna Scithe,2024-10-28T00:19:21.000Z,1228932,1890999,2,"Xal'atath's Bargain: Ascendant, Fortified, Challenger's Peril, Tyrannical",宅男沒春天,Druid,Balance,dps,Nightsong
6,348.1,303364810,11,Mists of Tirna Scithe,2024-10-28T00:19:21.000Z,1228932,1890999,2,"Xal'atath's Bargain: Ascendant, Fortified, Challenger's Peril, Tyrannical",Nie,Priest,Discipline,healer,Light's Hope
6,348.1,303364810,11,Mists of Tirna Scithe,2024-10-28T00:19:21.000Z,1228932,1890999,2,"Xal'atath's Bargain: Ascendant, Fortified, Challenger's Peril, Tyrannical",Kawainenechi,Shaman,Elemental,dps,Shadowmoon
6,348.1,303364810,11,Mists of Tirna Scithe,2024-10-28T00:19:21.000Z,1228932,1890999,2,"Xal'atath's Bargain: Ascendant, Fortified, Challenger's Peril, Tyrannical",蘑菇蘑菇,Paladin,Protection,tank,Icecrown
7,348.1,307744662,11,Mists of Tirna Scithe,2024-11-17T16:06:37.000Z,1231939,1890999,2,"Xal'atath's Bargain: Ascendant, Tyrannical, Challenger's Peril, Fortified",Lagertha,Warrior,Fury,dps,Shadowmoon
7,348.1,307744662,11,Mists of Tirna Scithe,2024-11-17T16:06:37.000Z,1231939,1890999,2,"Xal'atath's Bargain: Ascendant, Tyrannical, Challenger's Peril, Fortified",主公大人,Paladin,Protection,tank,Whisperwind
7,348.1,307744662,11,Mists of Tirna Scithe,2024-11-17T16:06:37.000Z,1231939,1890999,2,"Xal'atath's Bargain: Ascendant, Tyrannical, Challenger's Peril, Fortified",Xjbb,Hunter,Survival,dps,Shadowmoon
7,348.1,307744662,11,Mists of Tirna Scithe,2024-11-17T16:06:37.000Z,1231939,1890999,2,"Xal'atath's Bargain: Ascendant, Tyrannical, Challenger's Peril, Fortified",比比呦,Priest,Shadow,dps,Frostmane
7,348.1,307744662,11,Mists of Tirna Scithe,2024-11-17T16:06:37.000Z,1231939,1890999,2,"Xal'atath's Bargain: Ascendant, Tyrannical, Challenger's Peril, Fortified",小糜鹿,Shaman,Restoration,healer,Frostmane
8,348,302936317,11,Mists of Tirna Scithe,2024-10-26T14:33:25.000Z,1234050,1890999,2,"Xal'atath's Bargain: Ascendant, Fortified, Challenger's Peril, Tyrannical",Chilldk,Death Knight,Frost,dps,Zealot Blade
8,348,302936317,11,Mists of Tirna Scithe,2024-10-26T14:33:25.000Z,1234050,1890999,2,"Xal'atath's Bargain: Ascendant, Fortified, Challenger's Peril, Tyrannical",丹丹真好吃,Rogue,Assassination,dps,Zealot Blade
8,348,302936317,11,Mists of Tirna Scithe,2024-10-26T14:33:25.000Z,1234050,1890999,2,"Xal'atath's Bargain: Ascendant, Fortified, Challenger's Peril, Tyrannical",陳哲礱,Druid,Balance,dps,Chillwind Point
8,348,302936317,11,Mists of Tirna Scithe,2024-10-26T14:33:25.000Z,1234050,1890999,2,"Xal'atath's Bargain: Ascendant, Fortified, Challenger's Peril, Tyrannical",我快要中風,Warrior,Protection,tank,Chillwind Point
8,348,302936317,11,Mists of Tirna Scithe,2024-10-26T14:33:25.000Z,1234050,1890999,2,"Xal'atath's Bargain: Ascendant, Fortified, Challenger's Peril, Tyrannical",你很喜歡我欸,Shaman,Restoration,healer,Shadowmoon
9,348,303388426,11,Mists of Tirna Scithe,2024-10-28T08:00:11.000Z,1236076,1890999,2,"Xal'atath's Bargain: Ascendant, Fortified, Challenger's Peril, Tyrannical",九月繁花,Shaman,Elemental,dps,Whisperwind
9,348,303388426,11,Mists of Tirna Scithe,2024-10-28T08:00:11.000Z,1236076,1890999,2,"Xal'atath's Bargain: Ascendant, Fortified, Challenger's Peril, Tyrannical",芃爾狄,Paladin,Protection,tank,Shadowmoon
9,348,303388426,11,Mists of Tirna Scithe,2024-10-28T08:00:11.000Z,1236076,1890999,2,"Xal'atath's Bargain: Ascendant, Fortified, Challenger's Peril, Tyrannical",Entaroadun,Shaman,Enhancement,dps,World Tree
9,348,303388426,11,Mists of Tirna Scithe,2024-10-28T08:00:11.000Z,1236076,1890999,2,"Xal'atath's Bargain: Ascendant, Fortified, Challenger's Peril, Tyrannical",Smallmage,Mage,Arcane,dps,Arygos
9,348,303388426,11,Mists of Tirna Scithe,2024-10-28T08:00:11.000Z,1236076,1890999,2,"Xal'atath's Bargain: Ascendant, Fortified, Challenger's Peril, Tyrannical",鬼狼,Druid,Restoration,healer,Whisperwind
10,348,307340623,11,Mists of Tirna Scithe,2024-11-15T17:11:17.000Z,1237380,1890999,2,"Xal'atath's Bargain: Ascendant, Tyrannical, Challenger's Peril, Fortified",哈酷納瑪塔塔,Mage,Frost,dps,Shadowmoon
10,348,307340623,11,Mists of Tirna Scithe,2024-11-15T17:11:17.000Z,1237380,1890999,2,"Xal'atath's Bargain: Ascendant, Tyrannical, Challenger's Peril, Fortified",大鳥小甜心,Mage,Arcane,dps,Shadowmoon
10,348,307340623,11,Mists of Tirna Scithe,2024-11-15T17:11:17.000Z,1237380,1890999,2,"Xal'atath's Bargain: Ascendant, Tyrannical, Challenger's Peril, Fortified",龍羽飛,Evoker,Preservation,healer,Shadowmoon
10,348,307340623,11,Mists of Tirna Scithe,2024-11-15T17:11:17.000Z,1237380,1890999,2,"Xal'atath's Bargain: Ascendant, Tyrannical, Challenger's Peril, Fortified",修葛爾斯-130010399,Paladin,Protection,tank,Shadowmoon
10,348,307340623,11,Mists of Tirna Scithe,2024-11-15T17:11:17.000Z,1237380,1890999,2,"Xal'atath's Bargain: Ascendant, Tyrannical, Challenger's Peril, Fortified",Kghost,Warrior,Fury,dps,Shadowmoon
11,347.9,307262756,11,Mists of Tirna Scithe,2024-11-15T03:01:07.000Z,1238338,1890999,2,"Xal'atath's Bargain: Ascendant, Tyrannical, Challenger's Peril, Fortified",仇惡鬼,Shaman,Restoration,healer,Nightsong
11,347.9,307262756,11,Mists of Tirna Scithe,2024-11-15T03:01:07.000Z,1238338,1890999,2,"Xal'atath's Bargain: Ascendant, Tyrannical, Challenger's Peril, Fortified",Alone,Hunter,Beast Mastery,dps,Quel'dorei
11,347.9,307262756,11,Mists of Tirna Scithe,2024-11-15T03:01:07.000Z,1238338,1890999,2,"Xal'atath's Bargain: Ascendant, Tyrannical, Challenger's Peril, Fortified",Pon,Paladin,Retribution,dps,Bleeding Hollow
11,347.9,307262756,11,Mists of Tirna Scithe,2024-11-15T03:01:07.000Z,1238338,1890999,2,"Xal'atath's Bargain: Ascendant, Tyrannical, Challenger's Peril, Fortified",污地可耕,Warlock,Affliction,dps,Arygos
11,347.9,307262756,11,Mists of Tirna Scithe,2024-11-15T03:01:07.000Z,1238338,1890999,2,"Xal'atath's Bargain: Ascendant, Tyrannical, Challenger's Peril, Fortified",寒冷夜雪,Paladin,Protection,tank,Hellscream
12,347.9,303206063,11,Mists of Tirna Scithe,2024-10-27T14:53:05.000Z,1242259,1890999,2,"Xal'atath's Bargain: Ascendant, Fortified, Challenger's Peril, Tyrannical",龍彥-143448859,Evoker,Augmentation,dps,Sundown Marsh
12,347.9,303206063,11,Mists of Tirna Scithe,2024-10-27T14:53:05.000Z,1242259,1890999,2,"Xal'atath's Bargain: Ascendant, Fortified, Challenger's Peril, Tyrannical",Flows,Warrior,Protection,tank,Shadowmoon
12,347.9,303206063,11,Mists of Tirna Scithe,2024-10-27T14:53:05.000Z,1242259,1890999,2,"Xal'atath's Bargain: Ascendant, Fortified, Challenger's Peril, Tyrannical",肛莖,Death Knight,Frost,dps,Arthas
12,347.9,303206063,11,Mists of Tirna Scithe,2024-10-27T14:53:05.000Z,1242259,1890999,2,"Xal'atath's Bargain: Ascendant, Fortified, Challenger's Peril, Tyrannical",米麗安,Priest,Discipline,healer,Whisperwind
12,347.9,303206063,11,Mists of Tirna Scithe,2024-10-27T14:53:05.000Z,1242259,1890999,2,"Xal'atath's Bargain: Ascendant, Fortified, Challenger's Peril, Tyrannical",AnonDB13990,Shaman,Enhancement,dps,Anonymous
13,347.8,303645996,11,Mists of Tirna Scithe,2024-10-29T15:59:36.000Z,1246242,1890999,2,"Xal'atath's Bargain: Ascendant, Fortified, Challenger's Peril, Tyrannical",Oofasi,Mage,Arcane,dps,Sundown Marsh
13,347.8,303645996,11,Mists of Tirna Scithe,2024-10-29T15:59:36.000Z,1246242,1890999,2,"Xal'atath's Bargain: Ascendant, Fortified, Challenger's Peril, Tyrannical",刮痧小吉牧師,Priest,Discipline,healer,Wrathbringer
13,347.8,303645996,11,Mists of Tirna Scithe,2024-10-29T15:59:36.000Z,1246242,1890999,2,"Xal'atath's Bargain: Ascendant, Fortified, Challenger's Peril, Tyrannical",盧恩午睡圖騰,Shaman,Elemental,dps,Sundown Marsh
13,347.8,303645996,11,Mists of Tirna Scithe,2024-10-29T15:59:36.000Z,1246242,1890999,2,"Xal'atath's Bargain: Ascendant, Fortified, Challenger's Peril, Tyrannical",Yenpal,Paladin,Protection,tank,Nightsong
13,347.8,303645996,11,Mists of Tirna Scithe,2024-10-29T15:59:36.000Z,1246242,1890999,2,"Xal'atath's Bargain: Ascendant, Fortified, Challenger's Peril, Tyrannical",Keehongan,Paladin,Retribution,dps,Demon Fall Canyon
14,347.7,308087627,11,Mists of Tirna Scithe,2024-11-19T15:25:22.000Z,1249809,1890999,2,"Xal'atath's Bargain: Ascendant, Tyrannical, Challenger's Peril, Fortified",大德魯伊,Druid,Balance,dps,Whisperwind
14,347.7,308087627,11,Mists of Tirna Scithe,2024-11-19T15:25:22.000Z,1249809,1890999,2,"Xal'atath's Bargain: Ascendant, Tyrannical, Challenger's Peril, Fortified",Xjbb,Hunter,Survival,dps,Shadowmoon
14,347.7,308087627,11,Mists of Tirna Scithe,2024-11-19T15:25:22.000Z,1249809,1890999,2,"Xal'atath's Bargain: Ascendant, Tyrannical, Challenger's Peril, Fortified",知你冷暖,Demon Hunter,Vengeance,tank,Whisperwind
14,347.7,308087627,11,Mists of Tirna Scithe,2024-11-19T15:25:22.000Z,1249809,1890999,2,"Xal'atath's Bargain: Ascendant, Tyrannical, Challenger's Peril, Fortified",Chingouo,Shaman,Restoration,healer,Quel'dorei
14,347.7,308087627,11,Mists of Tirna Scithe,2024-11-19T15:25:22.000Z,1249809,1890999,2,"Xal'atath's Bargain: Ascendant, Tyrannical, Challenger's Peril, Fortified",複利卡內基,Warrior,Fury,dps,Quel'dorei
15,347.5,307477614,11,Mists of Tirna Scithe,2024-11-16T10:05:40.000Z,1259101,1890999,2,"Xal'atath's Bargain: Ascendant, Tyrannical, Challenger's Peril, Fortified",御神流,Priest,Discipline,healer,Crystalpine Stinger
15,347.5,307477614,11,Mists of Tirna Scithe,2024-11-16T10:05:40.000Z,1259101,1890999,2,"Xal'atath's Bargain: Ascendant, Tyrannical, Challenger's Peril, Fortified",紅孩兒,Hunter,Survival,dps,Arthas
15,347.5,307477614,11,Mists of Tirna Scithe,2024-11-16T10:05:40.000Z,1259101,1890999,2,"Xal'atath's Bargain: Ascendant, Tyrannical, Challenger's Peril, Fortified",污地可耕,Warlock,Affliction,dps,Arygos
15,347.5,307477614,11,Mists of Tirna Scithe,2024-11-16T10:05:40.000Z,1259101,1890999,2,"Xal'atath's Bargain: Ascendant, Tyrannical, Challenger's Peril, Fortified",寒冷夜雪,Paladin,Protection,tank,Hellscream
15,347.5,307477614,11,Mists of Tirna Scithe,2024-11-16T10:05:40.000Z,1259101,1890999,2,"Xal'atath's Bargain: Ascendant, Tyrannical, Challenger's Peril, Fortified",Wasker,Rogue,Assassination,dps,World Tree
16,347.3,303834163,11,Mists of Tirna Scithe,2024-10-30T12:47:31.000Z,1270154,1890999,2,"Xal'atath's Bargain: Ascendant, Fortified, Challenger's Peril, Tyrannical",北投地獄吼,Death Knight,Unholy,dps,Menethil
16,347.3,303834163,11,Mists of Tirna Scithe,2024-10-30T12:47:31.000Z,1270154,1890999,2,"Xal'atath's Bargain: Ascendant, Fortified, Challenger's Peril, Tyrannical",意面,Paladin,Retribution,dps,Chillwind Point
16,347.3,303834163,11,Mists of Tirna Scithe,2024-10-30T12:47:31.000Z,1270154,1890999,2,"Xal'atath's Bargain: Ascendant, Fortified, Challenger's Peril, Tyrannical",糯米薩滿,Shaman,Restoration,healer,Order of the Cloud Serpent
16,347.3,303834163,11,Mists of Tirna Scithe,2024-10-30T12:47:31.000Z,1270154,1890999,2,"Xal'atath's Bargain: Ascendant, Fortified, Challenger's Peril, Tyrannical",芙雷娜,Hunter,Beast Mastery,dps,Menethil
16,347.3,303834163,11,Mists of Tirna Scithe,2024-10-30T12:47:31.000Z,1270154,1890999,2,"Xal'atath's Bargain: Ascendant, Fortified, Challenger's Peril, Tyrannical",疾祈快怪,Monk,Brewmaster,tank,Frostmane
17,347.3,303470498,11,Mists of Tirna Scithe,2024-10-28T17:58:03.000Z,1271706,1890999,2,"Xal'atath's Bargain: Ascendant, Fortified, Challenger's Peril, Tyrannical",新台,Priest,Discipline,healer,Bleeding Hollow
17,347.3,303470498,11,Mists of Tirna Scithe,2024-10-28T17:58:03.000Z,1271706,1890999,2,"Xal'atath's Bargain: Ascendant, Fortified, Challenger's Peril, Tyrannical",Anon687EAAD,Paladin,Retribution,dps,Anonymous
17,347.3,303470498,11,Mists of Tirna Scithe,2024-10-28T17:58:03.000Z,1271706,1890999,2,"Xal'atath's Bargain: Ascendant, Fortified, Challenger's Peril, Tyrannical",Laharl,Demon Hunter,Vengeance,tank,Spirestone
17,347.3,303470498,11,Mists of Tirna Scithe,2024-10-28T17:58:03.000Z,1271706,1890999,2,"Xal'atath's Bargain: Ascendant, Fortified, Challenger's Peril, Tyrannical",拜因德拉莫,Warlock,Demonology,dps,Icecrown
17,347.3,303470498,11,Mists of Tirna Scithe,2024-10-28T17:58:03.000Z,1271706,1890999,2,"Xal'atath's Bargain: Ascendant, Fortified, Challenger's Peril, Tyrannical",咪邱搜,Shaman,Elemental,dps,Nightsong
18,347.2,307102498,11,Mists of Tirna Scithe,2024-11-14T02:21:41.000Z,1274633,1890999,2,"Xal'atath's Bargain: Ascendant, Tyrannical, Challenger's Peril, Fortified",血染滄雪,Warrior,Arms,dps,Crystalpine Stinger
18,347.2,307102498,11,Mists of Tirna Scithe,2024-11-14T02:21:41.000Z,1274633,1890999,2,"Xal'atath's Bargain: Ascendant, Tyrannical, Challenger's Peril, Fortified",呆小妮,Priest,Discipline,healer,Wrathbringer
18,347.2,307102498,11,Mists of Tirna Scithe,2024-11-14T02:21:41.000Z,1274633,1890999,2,"Xal'atath's Bargain: Ascendant, Tyrannical, Challenger's Peril, Fortified",Ardyn,Paladin,Protection,tank,Crystalpine Stinger
18,347.2,307102498,11,Mists of Tirna Scithe,2024-11-14T02:21:41.000Z,1274633,1890999,2,"Xal'atath's Bargain: Ascendant, Tyrannical, Challenger's Peril, Fortified",Kåtâñå,Paladin,Retribution,dps,Crystalpine Stinger
18,347.2,307102498,11,Mists of Tirna Scithe,2024-11-14T02:21:41.000Z,1274633,1890999,2,"Xal'atath's Bargain: Ascendant, Tyrannical, Challenger's Peril, Fortified",黑絲蛋包飯,Shaman,Enhancement,dps,Crystalpine Stinger
19,347.2,303425589,11,Mists of Tirna Scithe,2024-10-28T15:03:28.000Z,1278154,1890999,2,"Xal'atath's Bargain: Ascendant, Fortified, Challenger's Peril, Tyrannical",祖阿妮,Shaman,Restoration,healer,Sundown Marsh
19,347.2,303425589,11,Mists of Tirna Scithe,2024-10-28T15:03:28.000Z,1278154,1890999,2,"Xal'atath's Bargain: Ascendant, Fortified, Challenger's Peril, Tyrannical",Reileen,Mage,Frost,dps,Shadowmoon
19,347.2,303425589,11,Mists of Tirna Scithe,2024-10-28T15:03:28.000Z,1278154,1890999,2,"Xal'atath's Bargain: Ascendant, Fortified, Challenger's Peril, Tyrannical",依芙兒,Paladin,Retribution,dps,Icecrown
19,347.2,303425589,11,Mists of Tirna Scithe,2024-10-28T15:03:28.000Z,1278154,1890999,2,"Xal'atath's Bargain: Ascendant, Fortified, Challenger's Peril, Tyrannical",天譴寶寶,Demon Hunter,Vengeance,tank,Icecrown
19,347.2,303425589,11,Mists of Tirna Scithe,2024-10-28T15:03:28.000Z,1278154,1890999,2,"Xal'atath's Bargain: Ascendant, Fortified, Challenger's Peril, Tyrannical",Katia,Warlock,Demonology,dps,Arthas
20,347.1,303641347,11,Mists of Tirna Scithe,2024-10-29T13:32:49.000Z,1278619,1890999,2,"Xal'atath's Bargain: Ascendant, Fortified, Challenger's Peril, Tyrannical",奧特莉雅絲,Paladin,Retribution,dps,Quel'dorei
20,347.1,303641347,11,Mists of Tirna Scithe,2024-10-29T13:32:49.000Z,1278619,1890999,2,"Xal'atath's Bargain: Ascendant, Fortified, Challenger's Peril, Tyrannical",Allintesla,Rogue,Assassination,dps,Shadowmoon
20,347.1,303641347,11,Mists of Tirna Scithe,2024-10-29T13:32:49.000Z,1278619,1890999,2,"Xal'atath's Bargain: Ascendant, Fortified, Challenger's Peril, Tyrannical",筆筆羊鼠,Shaman,Restoration,healer,Shadowmoon
20,347.1,303641347,11,Mists of Tirna Scithe,2024-10-29T13:32:49.000Z,1278619,1890999,2,"Xal'atath's Bargain: Ascendant, Fortified, Challenger's Peril, Tyrannical",嬉皮-228281417,Shaman,Elemental,dps,Frostmane
20,347.1,303641347,11,Mists of Tirna Scithe,2024-10-29T13:32:49.000Z,1278619,1890999,2,"Xal'atath's Bargain: Ascendant, Fortified, Challenger's Peril, Tyrannical",Gummibären,Druid,Guardian,tank,Shadowmoon
21,347.1,308305488,11,Mists of Tirna Scithe,2024-11-20T17:21:12.000Z,1282376,1890999,2,"Xal'atath's Bargain: Ascendant, Tyrannical, Challenger's Peril, Fortified",春水糖,Paladin,Retribution,dps,Shadowmoon
21,347.1,308305488,11,Mists of Tirna Scithe,2024-11-20T17:21:12.000Z,1282376,1890999,2,"Xal'atath's Bargain: Ascendant, Tyrannical, Challenger's Peril, Fortified",愛伊莎貝拉,Paladin,Retribution,dps,Zealot Blade
21,347.1,308305488,11,Mists of Tirna Scithe,2024-11-20T17:21:12.000Z,1282376,1890999,2,"Xal'atath's Bargain: Ascendant, Tyrannical, Challenger's Peril, Fortified",小安騎士,Paladin,Protection,tank,Arygos
21,347.1,308305488,11,Mists of Tirna Scithe,2024-11-20T17:21:12.000Z,1282376,1890999,2,"Xal'atath's Bargain: Ascendant, Tyrannical, Challenger's Peril, Fortified",天使舞依,Priest,Discipline,healer,Spirestone
21,347.1,308305488,11,Mists of Tirna Scithe,2024-11-20T17:21:12.000Z,1282376,1890999,2,"Xal'atath's Bargain: Ascendant, Tyrannical, Challenger's Peril, Fortified",梵靈櫻花,Shaman,Enhancement,dps,Arygos
22,347,307538810,11,Mists of Tirna Scithe,2024-11-16T17:12:50.000Z,1283805,1890999,2,"Xal'atath's Bargain: Ascendant, Tyrannical, Challenger's Peril, Fortified",九嫂,Shaman,Enhancement,dps,Silverwing Hold
22,347,307538810,11,Mists of Tirna Scithe,2024-11-16T17:12:50.000Z,1283805,1890999,2,"Xal'atath's Bargain: Ascendant, Tyrannical, Challenger's Peril, Fortified",Alexchau,Hunter,Survival,dps,Silverwing Hold
22,347,307538810,11,Mists of Tirna Scithe,2024-11-16T17:12:50.000Z,1283805,1890999,2,"Xal'atath's Bargain: Ascendant, Tyrannical, Challenger's Peril, Fortified",鹿兒,Druid,Balance,dps,Sundown Marsh
22,347,307538810,11,Mists of Tirna Scithe,2024-11-16T17:12:50.000Z,1283805,1890999,2,"Xal'atath's Bargain: Ascendant, Tyrannical, Challenger's Peril, Fortified",百鬼綾目有紀,Paladin,Protection,tank,Silverwing Hold
22,347,307538810,11,Mists of Tirna Scithe,2024-11-16T17:12:50.000Z,1283805,1890999,2,"Xal'atath's Bargain: Ascendant, Tyrannical, Challenger's Peril, Fortified",林師父,Shaman,Restoration,healer,Silverwing Hold
23,347,307460184,11,Mists of Tirna Scithe,2024-11-16T06:57:26.000Z,1285729,1890999,2,"Xal'atath's Bargain: Ascendant, Tyrannical, Challenger's Peril, Fortified",堅挺的小女孩,Druid,Restoration,healer,Spirestone
23,347,307460184,11,Mists of Tirna Scithe,2024-11-16T06:57:26.000Z,1285729,1890999,2,"Xal'atath's Bargain: Ascendant, Tyrannical, Challenger's Peril, Fortified",小海寧,Priest,Shadow,dps,Crystalpine Stinger
23,347,307460184,11,Mists of Tirna Scithe,2024-11-16T06:57:26.000Z,1285729,1890999,2,"Xal'atath's Bargain: Ascendant, Tyrannical, Challenger's Peril, Fortified",飄撇的先祖,Shaman,Elemental,dps,Crystalpine Stinger
23,347,307460184,11,Mists of Tirna Scithe,2024-11-16T06:57:26.000Z,1285729,1890999,2,"Xal'atath's Bargain: Ascendant, Tyrannical, Challenger's Peril, Fortified",狂信終點,Paladin,Retribution,dps,Quel'dorei
23,347,307460184,11,Mists of Tirna Scithe,2024-11-16T06:57:26.000Z,1285729,1890999,2,"Xal'atath's Bargain: Ascendant, Tyrannical, Challenger's Peril, Fortified",我愛冬天約會,Paladin,Protection,tank,Crystalpine Stinger
24,347,303638315,11,Mists of Tirna Scithe,2024-10-29T11:18:57.000Z,1287503,1890999,2,"Xal'atath's Bargain: Ascendant, Fortified, Challenger's Peril, Tyrannical",Ki,Priest,Shadow,dps,Shadowmoon
24,347,303638315,11,Mists of Tirna Scithe,2024-10-29T11:18:57.000Z,1287503,1890999,2,"Xal'atath's Bargain: Ascendant, Fortified, Challenger's Peril, Tyrannical",鬼徹的龍人,Evoker,Augmentation,dps,Shadowmoon
24,347,303638315,11,Mists of Tirna Scithe,2024-10-29T11:18:57.000Z,1287503,1890999,2,"Xal'atath's Bargain: Ascendant, Fortified, Challenger's Peril, Tyrannical",Ujs,Paladin,Protection,tank,Whisperwind
24,347,303638315,11,Mists of Tirna Scithe,2024-10-29T11:18:57.000Z,1287503,1890999,2,"Xal'atath's Bargain: Ascendant, Fortified, Challenger's Peril, Tyrannical",Lalarsha,Shaman,Elemental,dps,Shadowmoon
24,347,303638315,11,Mists of Tirna Scithe,2024-10-29T11:18:57.000Z,1287503,1890999,2,"Xal'atath's Bargain: Ascendant, Fortified, Challenger's Peril, Tyrannical",貼布盡力惹,Shaman,Restoration,healer,Icecrown
25,347,303816554,11,Mists of Tirna Scithe,2024-10-30T09:35:53.000Z,1287984,1890999,2,"Xal'atath's Bargain: Ascendant, Fortified, Challenger's Peril, Tyrannical",Ultra,Paladin,Protection,tank,Arthas
25,347,303816554,11,Mists of Tirna Scithe,2024-10-30T09:35:53.000Z,1287984,1890999,2,"Xal'atath's Bargain: Ascendant, Fortified, Challenger's Peril, Tyrannical",呆拿獸,Death Knight,Frost,dps,World Tree
25,347,303816554,11,Mists of Tirna Scithe,2024-10-30T09:35:53.000Z,1287984,1890999,2,"Xal'atath's Bargain: Ascendant, Fortified, Challenger's Peril, Tyrannical",超了啦好大杯,Shaman,Elemental,dps,Chillwind Point
25,347,303816554,11,Mists of Tirna Scithe,2024-10-30T09:35:53.000Z,1287984,1890999,2,"Xal'atath's Bargain: Ascendant, Fortified, Challenger's Peril, Tyrannical",薩娃低咖,Shaman,Restoration,healer,Crystalpine Stinger
25,347,303816554,11,Mists of Tirna Scithe,2024-10-30T09:35:53.000Z,1287984,1890999,2,"Xal'atath's Bargain: Ascendant, Fortified, Challenger's Peril, Tyrannical",隨風飄拭,Demon Hunter,Havoc,dps,Light's Hope
26,346.9,307160462,11,Mists of Tirna Scithe,2024-11-14T14:27:23.000Z,1289057,1890999,2,"Xal'atath's Bargain: Ascendant, Tyrannical, Challenger's Peril, Fortified",歐絡因,Mage,Frost,dps,Arygos
26,346.9,307160462,11,Mists of Tirna Scithe,2024-11-14T14:27:23.000Z,1289057,1890999,2,"Xal'atath's Bargain: Ascendant, Tyrannical, Challenger's Peril, Fortified",小兔子寶寶,Paladin,Retribution,dps,Arthas
26,346.9,307160462,11,Mists of Tirna Scithe,2024-11-14T14:27:23.000Z,1289057,1890999,2,"Xal'atath's Bargain: Ascendant, Tyrannical, Challenger's Peril, Fortified",姜太公,Paladin,Protection,tank,Icecrown
26,346.9,307160462,11,Mists of Tirna Scithe,2024-11-14T14:27:23.000Z,1289057,1890999,2,"Xal'atath's Bargain: Ascendant, Tyrannical, Challenger's Peril, Fortified",千早愛音,Paladin,Holy,healer,Dragonmaw
26,346.9,307160462,11,Mists of Tirna Scithe,2024-11-14T14:27:23.000Z,1289057,1890999,2,"Xal'atath's Bargain: Ascendant, Tyrannical, Challenger's Peril, Fortified",奈奈祈,Shaman,Enhancement,dps,Hellscream
27,346.9,307740116,11,Mists of Tirna Scithe,2024-11-17T16:07:35.000Z,1291203,1890999,2,"Xal'atath's Bargain: Ascendant, Tyrannical, Challenger's Peril, Fortified",旂恪,Hunter,Survival,dps,Shadowmoon
27,346.9,307740116,11,Mists of Tirna Scithe,2024-11-17T16:07:35.000Z,1291203,1890999,2,"Xal'atath's Bargain: Ascendant, Tyrannical, Challenger's Peril, Fortified",搖滾泡泡,Priest,Discipline,healer,Zealot Blade
27,346.9,307740116,11,Mists of Tirna Scithe,2024-11-17T16:07:35.000Z,1291203,1890999,2,"Xal'atath's Bargain: Ascendant, Tyrannical, Challenger's Peril, Fortified",瘋狂芒果冰,Druid,Guardian,tank,Hellscream
27,346.9,307740116,11,Mists of Tirna Scithe,2024-11-17T16:07:35.000Z,1291203,1890999,2,"Xal'atath's Bargain: Ascendant, Tyrannical, Challenger's Peril, Fortified",Soro,Evoker,Augmentation,dps,Whisperwind
27,346.9,307740116,11,Mists of Tirna Scithe,2024-11-17T16:07:35.000Z,1291203,1890999,2,"Xal'atath's Bargain: Ascendant, Tyrannical, Challenger's Peril, Fortified",止水真澄,Warrior,Fury,dps,Dragonmaw
28,346.8,303100346,11,Mists of Tirna Scithe,2024-10-27T03:31:38.000Z,1294866,1890999,2,"Xal'atath's Bargain: Ascendant, Fortified, Challenger's Peril, Tyrannical",銀色天翼,Druid,Guardian,tank,Frostmane
28,346.8,303100346,11,Mists of Tirna Scithe,2024-10-27T03:31:38.000Z,1294866,1890999,2,"Xal'atath's Bargain: Ascendant, Fortified, Challenger's Peril, Tyrannical",野兔猴子,Hunter,Survival,dps,Arygos
28,346.8,303100346,11,Mists of Tirna Scithe,2024-10-27T03:31:38.000Z,1294866,1890999,2,"Xal'atath's Bargain: Ascendant, Fortified, Challenger's Peril, Tyrannical",睡醒的兔子,Evoker,Augmentation,dps,Icecrown
28,346.8,303100346,11,Mists of Tirna Scithe,2024-10-27T03:31:38.000Z,1294866,1890999,2,"Xal'atath's Bargain: Ascendant, Fortified, Challenger's Peril, Tyrannical",薩爽登場,Shaman,Enhancement,dps,Arygos
28,346.8,303100346,11,Mists of Tirna Scithe,2024-10-27T03:31:38.000Z,1294866,1890999,2,"Xal'atath's Bargain: Ascendant, Fortified, Challenger's Peril, Tyrannical",Morphy,Priest,Discipline,healer,Frostmane
29,346.8,308083458,11,Mists of Tirna Scithe,2024-11-19T15:04:43.000Z,1296542,1890999,2,"Xal'atath's Bargain: Ascendant, Tyrannical, Challenger's Peril, Fortified",碎霜,Death Knight,Blood,tank,Quel'dorei
29,346.8,308083458,11,Mists of Tirna Scithe,2024-11-19T15:04:43.000Z,1296542,1890999,2,"Xal'atath's Bargain: Ascendant, Tyrannical, Challenger's Peril, Fortified",Hxx,Demon Hunter,Havoc,dps,Shadowmoon
29,346.8,308083458,11,Mists of Tirna Scithe,2024-11-19T15:04:43.000Z,1296542,1890999,2,"Xal'atath's Bargain: Ascendant, Tyrannical, Challenger's Peril, Fortified",雷禪,Demon Hunter,Havoc,dps,Sundown Marsh
29,346.8,308083458,11,Mists of Tirna Scithe,2024-11-19T15:04:43.000Z,1296542,1890999,2,"Xal'atath's Bargain: Ascendant, Tyrannical, Challenger's Peril, Fortified",Mafi,Shaman,Restoration,healer,Whisperwind
29,346.8,308083458,11,Mists of Tirna Scithe,2024-11-19T15:04:43.000Z,1296542,1890999,2,"Xal'atath's Bargain: Ascendant, Tyrannical, Challenger's Peril, Fortified",Totopal,Paladin,Retribution,dps,Shadowmoon
30,346.8,308255396,11,Mists of Tirna Scithe,2024-11-20T09:30:20.000Z,1297715,1890999,2,"Xal'atath's Bargain: Ascendant, Tyrannical, Challenger's Peril, Fortified",微笑的向日葵,Shaman,Restoration,healer,World Tree
30,346.8,308255396,11,Mists of Tirna Scithe,2024-11-20T09:30:20.000Z,1297715,1890999,2,"Xal'atath's Bargain: Ascendant, Tyrannical, Challenger's Peril, Fortified",我們補是條龍,Evoker,Augmentation,dps,Sundown Marsh
30,346.8,308255396,11,Mists of Tirna Scithe,2024-11-20T09:30:20.000Z,1297715,1890999,2,"Xal'atath's Bargain: Ascendant, Tyrannical, Challenger's Peril, Fortified",Jibarogue,Rogue,Outlaw,dps,World Tree
30,346.8,308255396,11,Mists of Tirna Scithe,2024-11-20T09:30:20.000Z,1297715,1890999,2,"Xal'atath's Bargain: Ascendant, Tyrannical, Challenger's Peril, Fortified",橘子汁的回甘,Paladin,Retribution,dps,Stormscale
30,346.8,308255396,11,Mists of Tirna Scithe,2024-11-20T09:30:20.000Z,1297715,1890999,2,"Xal'atath's Bargain: Ascendant, Tyrannical, Challenger's Peril, Fortified",實武宮分,Paladin,Protection,tank,Arygos
31,346.6,307306634,11,Mists of Tirna Scithe,2024-11-15T12:26:18.000Z,1307475,1890999,2,"Xal'atath's Bargain: Ascendant, Tyrannical, Challenger's Peril, Fortified",Zsxx,Warrior,Fury,dps,Shadowmoon
31,346.6,307306634,11,Mists of Tirna Scithe,2024-11-15T12:26:18.000Z,1307475,1890999,2,"Xal'atath's Bargain: Ascendant, Tyrannical, Challenger's Peril, Fortified",小哭包,Druid,Restoration,healer,Whisperwind
31,346.6,307306634,11,Mists of Tirna Scithe,2024-11-15T12:26:18.000Z,1307475,1890999,2,"Xal'atath's Bargain: Ascendant, Tyrannical, Challenger's Peril, Fortified",Sòlars,Hunter,Beast Mastery,dps,Arygos
31,346.6,307306634,11,Mists of Tirna Scithe,2024-11-15T12:26:18.000Z,1307475,1890999,2,"Xal'atath's Bargain: Ascendant, Tyrannical, Challenger's Peril, Fortified",Wounds,Evoker,Augmentation,dps,Shadowmoon
31,346.6,307306634,11,Mists of Tirna Scithe,2024-11-15T12:26:18.000Z,1307475,1890999,2,"Xal'atath's Bargain: Ascendant, Tyrannical, Challenger's Peril, Fortified",Totopal,Paladin,Protection,tank,Shadowmoon
32,346.5,307712755,11,Mists of Tirna Scithe,2024-11-17T13:22:15.000Z,1311433,1890999,2,"Xal'atath's Bargain: Ascendant, Tyrannical, Challenger's Peril, Fortified",冰泉豆腐花,Warrior,Protection,tank,Demon Fall Canyon
32,346.5,307712755,11,Mists of Tirna Scithe,2024-11-17T13:22:15.000Z,1311433,1890999,2,"Xal'atath's Bargain: Ascendant, Tyrannical, Challenger's Peril, Fortified",甘寧興霸,Death Knight,Unholy,dps,Frostmane
32,346.5,307712755,11,Mists of Tirna Scithe,2024-11-17T13:22:15.000Z,1311433,1890999,2,"Xal'atath's Bargain: Ascendant, Tyrannical, Challenger's Peril, Fortified",Elie,Shaman,Restoration,healer,Demon Fall Canyon
32,346.5,307712755,11,Mists of Tirna Scithe,2024-11-17T13:22:15.000Z,1311433,1890999,2,"Xal'atath's Bargain: Ascendant, Tyrannical, Challenger's Peril, Fortified",米米糕,Shaman,Elemental,dps,Sundown Marsh
32,346.5,307712755,11,Mists of Tirna Scithe,2024-11-17T13:22:15.000Z,1311433,1890999,2,"Xal'atath's Bargain: Ascendant, Tyrannical, Challenger's Peril, Fortified",沐祤,Hunter,Survival,dps,Sundown Marsh
33,346.5,307158069,11,Mists of Tirna Scithe,2024-11-14T14:05:41.000Z,1311504,1890999,2,"Xal'atath's Bargain: Ascendant, Tyrannical, Challenger's Peril, Fortified",Ngnljojo,Warrior,Arms,dps,Sundown Marsh
33,346.5,307158069,11,Mists of Tirna Scithe,2024-11-14T14:05:41.000Z,1311504,1890999,2,"Xal'atath's Bargain: Ascendant, Tyrannical, Challenger's Peril, Fortified",一千減七,Warlock,Demonology,dps,Sundown Marsh
33,346.5,307158069,11,Mists of Tirna Scithe,2024-11-14T14:05:41.000Z,1311504,1890999,2,"Xal'atath's Bargain: Ascendant, Tyrannical, Challenger's Peril, Fortified",紫菜肉鬆夾餅,Hunter,Survival,dps,Sundown Marsh
33,346.5,307158069,11,Mists of Tirna Scithe,2024-11-14T14:05:41.000Z,1311504,1890999,2,"Xal'atath's Bargain: Ascendant, Tyrannical, Challenger's Peril, Fortified",森里螢一,Paladin,Protection,tank,Crystalpine Stinger
33,346.5,307158069,11,Mists of Tirna Scithe,2024-11-14T14:05:41.000Z,1311504,1890999,2,"Xal'atath's Bargain: Ascendant, Tyrannical, Challenger's Peril, Fortified",風冥騎士,Paladin,Holy,healer,Crystalpine Stinger
34,346.5,307941397,11,Mists of Tirna Scithe,2024-11-18T18:45:00.000Z,1312162,1890999,2,"Xal'atath's Bargain: Ascendant, Tyrannical, Challenger's Peril, Fortified",等月淚,Shaman,Restoration,healer,Shadowmoon
34,346.5,307941397,11,Mists of Tirna Scithe,2024-11-18T18:45:00.000Z,1312162,1890999,2,"Xal'atath's Bargain: Ascendant, Tyrannical, Challenger's Peril, Fortified",維拉里安,Hunter,Survival,dps,Nightsong
34,346.5,307941397,11,Mists of Tirna Scithe,2024-11-18T18:45:00.000Z,1312162,1890999,2,"Xal'atath's Bargain: Ascendant, Tyrannical, Challenger's Peril, Fortified",Gililh,Hunter,Survival,dps,World Tree
34,346.5,307941397,11,Mists of Tirna Scithe,2024-11-18T18:45:00.000Z,1312162,1890999,2,"Xal'atath's Bargain: Ascendant, Tyrannical, Challenger's Peril, Fortified",瑪斯,Paladin,Protection,tank,Sundown Marsh
34,346.5,307941397,11,Mists of Tirna Scithe,2024-11-18T18:45:00.000Z,1312162,1890999,2,"Xal'atath's Bargain: Ascendant, Tyrannical, Challenger's Peril, Fortified",Bambi,Druid,Balance,dps,Nightsong
35,346.5,303719690,11,Mists of Tirna Scithe,2024-10-29T18:04:07.000Z,1313184,1890999,2,"Xal'atath's Bargain: Ascendant, Fortified, Challenger's Peril, Tyrannical",Sullivenevo,Evoker,Augmentation,dps,Arthas
35,346.5,303719690,11,Mists of Tirna Scithe,2024-10-29T18:04:07.000Z,1313184,1890999,2,"Xal'atath's Bargain: Ascendant, Fortified, Challenger's Peril, Tyrannical",土著牛牛,Shaman,Restoration,healer,Chillwind Point
35,346.5,303719690,11,Mists of Tirna Scithe,2024-10-29T18:04:07.000Z,1313184,1890999,2,"Xal'atath's Bargain: Ascendant, Fortified, Challenger's Peril, Tyrannical",Nomsyolk,Shaman,Enhancement,dps,Sundown Marsh
35,346.5,303719690,11,Mists of Tirna Scithe,2024-10-29T18:04:07.000Z,1313184,1890999,2,"Xal'atath's Bargain: Ascendant, Fortified, Challenger's Peril, Tyrannical",求求,Demon Hunter,Vengeance,tank,Whisperwind
35,346.5,303719690,11,Mists of Tirna Scithe,2024-10-29T18:04:07.000Z,1313184,1890999,2,"Xal'atath's Bargain: Ascendant, Fortified, Challenger's Peril, Tyrannical",Deathcake,Death Knight,Frost,dps,Arthas
36,346.5,307561341,11,Mists of Tirna Scithe,2024-11-16T17:54:04.000Z,1313471,1890999,2,"Xal'atath's Bargain: Ascendant, Tyrannical, Challenger's Peril, Fortified",嫂嫂獻醜了,Hunter,Survival,dps,Spirestone
36,346.5,307561341,11,Mists of Tirna Scithe,2024-11-16T17:54:04.000Z,1313471,1890999,2,"Xal'atath's Bargain: Ascendant, Tyrannical, Challenger's Peril, Fortified",哪吒,Evoker,Devastation,dps,Spirestone
36,346.5,307561341,11,Mists of Tirna Scithe,2024-11-16T17:54:04.000Z,1313471,1890999,2,"Xal'atath's Bargain: Ascendant, Tyrannical, Challenger's Peril, Fortified",Devilwings,Warrior,Protection,tank,Spirestone
36,346.5,307561341,11,Mists of Tirna Scithe,2024-11-16T17:54:04.000Z,1313471,1890999,2,"Xal'atath's Bargain: Ascendant, Tyrannical, Challenger's Peril, Fortified",馬縣長,Hunter,Survival,dps,Spirestone
36,346.5,307561341,11,Mists of Tirna Scithe,2024-11-16T17:54:04.000Z,1313471,1890999,2,"Xal'atath's Bargain: Ascendant, Tyrannical, Challenger's Peril, Fortified",聖靈塗炭,Priest,Discipline,healer,Spirestone
37,346.4,302486488,11,Mists of Tirna Scithe,2024-10-29T17:13:49.000Z,1315533,1890999,2,"Xal'atath's Bargain: Ascendant, Fortified, Challenger's Peril, Tyrannical",米开朗琪罗,Priest,Shadow,dps,Spirestone
37,346.4,302486488,11,Mists of Tirna Scithe,2024-10-29T17:13:49.000Z,1315533,1890999,2,"Xal'atath's Bargain: Ascendant, Fortified, Challenger's Peril, Tyrannical",非凡之血,Mage,Frost,dps,Spirestone
37,346.4,302486488,11,Mists of Tirna Scithe,2024-10-29T17:13:49.000Z,1315533,1890999,2,"Xal'atath's Bargain: Ascendant, Fortified, Challenger's Peril, Tyrannical",没牛,Monk,Mistweaver,healer,Spirestone
37,346.4,302486488,11,Mists of Tirna Scithe,2024-10-29T17:13:49.000Z,1315533,1890999,2,"Xal'atath's Bargain: Ascendant, Fortified, Challenger's Peril, Tyrannical",我頭上有倆角,Evoker,Augmentation,dps,Spirestone
37,346.4,302486488,11,Mists of Tirna Scithe,2024-10-29T17:13:49.000Z,1315533,1890999,2,"Xal'atath's Bargain: Ascendant, Fortified, Challenger's Peril, Tyrannical",我還是大黃呀,Paladin,Protection,tank,Spirestone
38,346.2,307360250,11,Mists of Tirna Scithe,2024-11-15T19:34:48.000Z,1323882,1890999,2,"Xal'atath's Bargain: Ascendant, Tyrannical, Challenger's Peril, Fortified",Mostococo,Paladin,Protection,tank,World Tree
38,346.2,307360250,11,Mists of Tirna Scithe,2024-11-15T19:34:48.000Z,1323882,1890999,2,"Xal'atath's Bargain: Ascendant, Tyrannical, Challenger's Peril, Fortified",甜心誘惑,Priest,Holy,healer,Whisperwind
38,346.2,307360250,11,Mists of Tirna Scithe,2024-11-15T19:34:48.000Z,1323882,1890999,2,"Xal'atath's Bargain: Ascendant, Tyrannical, Challenger's Peril, Fortified",Reiling,Priest,Shadow,dps,Shadowmoon
38,346.2,307360250,11,Mists of Tirna Scithe,2024-11-15T19:34:48.000Z,1323882,1890999,2,"Xal'atath's Bargain: Ascendant, Tyrannical, Challenger's Peril, Fortified",超電磁小兔子,Shaman,Enhancement,dps,Sundown Marsh
38,346.2,307360250,11,Mists of Tirna Scithe,2024-11-15T19:34:48.000Z,1323882,1890999,2,"Xal'atath's Bargain: Ascendant, Tyrannical, Challenger's Peril, Fortified",牧里昂,Warlock,Demonology,dps,Icecrown
39,346.2,303881759,11,Mists of Tirna Scithe,2024-10-30T18:42:53.000Z,1327147,1890999,2,"Xal'atath's Bargain: Ascendant, Fortified, Challenger's Peril, Tyrannical",和尚端湯上塔,Shaman,Elemental,dps,Quel'dorei
39,346.2,303881759,11,Mists of Tirna Scithe,2024-10-30T18:42:53.000Z,1327147,1890999,2,"Xal'atath's Bargain: Ascendant, Fortified, Challenger's Peril, Tyrannical",夏蘇勒哈,Hunter,Survival,dps,Whisperwind
39,346.2,303881759,11,Mists of Tirna Scithe,2024-10-30T18:42:53.000Z,1327147,1890999,2,"Xal'atath's Bargain: Ascendant, Fortified, Challenger's Peril, Tyrannical",桃花狸,Priest,Discipline,healer,Zealot Blade
39,346.2,303881759,11,Mists of Tirna Scithe,2024-10-30T18:42:53.000Z,1327147,1890999,2,"Xal'atath's Bargain: Ascendant, Fortified, Challenger's Peril, Tyrannical",修葛達因,Warrior,Protection,tank,Shadowmoon
39,346.2,303881759,11,Mists of Tirna Scithe,2024-10-30T18:42:53.000Z,1327147,1890999,2,"Xal'atath's Bargain: Ascendant, Fortified, Challenger's Peril, Tyrannical",Kghost,Warrior,Fury,dps,Shadowmoon
40,346.2,302905893,11,Mists of Tirna Scithe,2024-10-26T08:45:50.000Z,1327476,1890999,2,"Xal'atath's Bargain: Ascendant, Fortified, Challenger's Peril, Tyrannical",胖冬瓜,Shaman,Restoration,healer,Wrathbringer
40,346.2,302905893,11,Mists of Tirna Scithe,2024-10-26T08:45:50.000Z,1327476,1890999,2,"Xal'atath's Bargain: Ascendant, Fortified, Challenger's Peril, Tyrannical",吃飽沒,Mage,Frost,dps,Wrathbringer
40,346.2,302905893,11,Mists of Tirna Scithe,2024-10-26T08:45:50.000Z,1327476,1890999,2,"Xal'atath's Bargain: Ascendant, Fortified, Challenger's Peril, Tyrannical",宅鳥威,Druid,Balance,dps,Wrathbringer
40,346.2,302905893,11,Mists of Tirna Scithe,2024-10-26T08:45:50.000Z,1327476,1890999,2,"Xal'atath's Bargain: Ascendant, Fortified, Challenger's Peril, Tyrannical",Minjeong,Warrior,Protection,tank,Wrathbringer
40,346.2,302905893,11,Mists of Tirna Scithe,2024-10-26T08:45:50.000Z,1327476,1890999,2,"Xal'atath's Bargain: Ascendant, Fortified, Challenger's Peril, Tyrannical",櫻井龍綺,Evoker,Devastation,dps,Shadowmoon
41,346.1,307914622,11,Mists of Tirna Scithe,2024-11-18T14:06:51.000Z,1328962,1890999,2,"Xal'atath's Bargain: Ascendant, Tyrannical, Challenger's Peril, Fortified",獵藝,Hunter,Beast Mastery,dps,Shadowmoon
41,346.1,307914622,11,Mists of Tirna Scithe,2024-11-18T14:06:51.000Z,1328962,1890999,2,"Xal'atath's Bargain: Ascendant, Tyrannical, Challenger's Peril, Fortified",雅紗,Shaman,Restoration,healer,Whisperwind
41,346.1,307914622,11,Mists of Tirna Scithe,2024-11-18T14:06:51.000Z,1328962,1890999,2,"Xal'atath's Bargain: Ascendant, Tyrannical, Challenger's Peril, Fortified",Venlafaxine,Paladin,Retribution,dps,Nightsong
41,346.1,307914622,11,Mists of Tirna Scithe,2024-11-18T14:06:51.000Z,1328962,1890999,2,"Xal'atath's Bargain: Ascendant, Tyrannical, Challenger's Peril, Fortified",長橋顧馬,Paladin,Protection,tank,Silverwing Hold
41,346.1,307914622,11,Mists of Tirna Scithe,2024-11-18T14:06:51.000Z,1328962,1890999,2,"Xal'atath's Bargain: Ascendant, Tyrannical, Challenger's Peril, Fortified",自殺熊,Shaman,Enhancement,dps,Sundown Marsh
42,346.1,307713996,11,Mists of Tirna Scithe,2024-11-17T13:41:05.000Z,1329053,1890999,2,"Xal'atath's Bargain: Ascendant, Tyrannical, Challenger's Peril, Fortified",蜜糖波堤,Warlock,Demonology,dps,Chillwind Point
42,346.1,307713996,11,Mists of Tirna Scithe,2024-11-17T13:41:05.000Z,1329053,1890999,2,"Xal'atath's Bargain: Ascendant, Tyrannical, Challenger's Peril, Fortified",Boltxx,Shaman,Enhancement,dps,Chillwind Point
42,346.1,307713996,11,Mists of Tirna Scithe,2024-11-17T13:41:05.000Z,1329053,1890999,2,"Xal'atath's Bargain: Ascendant, Tyrannical, Challenger's Peril, Fortified",Pcr,Paladin,Protection,tank,Nightsong
42,346.1,307713996,11,Mists of Tirna Scithe,2024-11-17T13:41:05.000Z,1329053,1890999,2,"Xal'atath's Bargain: Ascendant, Tyrannical, Challenger's Peril, Fortified",Ruisikii,Priest,Discipline,healer,Chillwind Point
42,346.1,307713996,11,Mists of Tirna Scithe,2024-11-17T13:41:05.000Z,1329053,1890999,2,"Xal'atath's Bargain: Ascendant, Tyrannical, Challenger's Peril, Fortified",耶蘇激凸,Evoker,Augmentation,dps,Crystalpine Stinger
43,346.1,302674883,11,Mists of Tirna Scithe,2024-10-25T13:27:36.000Z,1329404,1890999,2,"Xal'atath's Bargain: Ascendant, Fortified, Challenger's Peril, Tyrannical",承諾永不言悔,Rogue,Assassination,dps,Light's Hope
43,346.1,302674883,11,Mists of Tirna Scithe,2024-10-25T13:27:36.000Z,1329404,1890999,2,"Xal'atath's Bargain: Ascendant, Fortified, Challenger's Peril, Tyrannical",大地炎黃,Paladin,Retribution,dps,Shadowmoon
43,346.1,302674883,11,Mists of Tirna Scithe,2024-10-25T13:27:36.000Z,1329404,1890999,2,"Xal'atath's Bargain: Ascendant, Fortified, Challenger's Peril, Tyrannical",天氣姐姐,Mage,Frost,dps,Sundown Marsh
43,346.1,302674883,11,Mists of Tirna Scithe,2024-10-25T13:27:36.000Z,1329404,1890999,2,"Xal'atath's Bargain: Ascendant, Fortified, Challenger's Peril, Tyrannical",Hereweare,Demon Hunter,Vengeance,tank,Zealot Blade
43,346.1,302674883,11,Mists of Tirna Scithe,2024-10-25T13:27:36.000Z,1329404,1890999,2,"Xal'atath's Bargain: Ascendant, Fortified, Challenger's Peril, Tyrannical",Magma,Shaman,Restoration,healer,Sundown Marsh
44,346.1,307318792,11,Mists of Tirna Scithe,2024-11-15T14:55:48.000Z,1330627,1890999,2,"Xal'atath's Bargain: Ascendant, Tyrannical, Challenger's Peril, Fortified",沙拉骨,Druid,Balance,dps,Hellscream
44,346.1,307318792,11,Mists of Tirna Scithe,2024-11-15T14:55:48.000Z,1330627,1890999,2,"Xal'atath's Bargain: Ascendant, Tyrannical, Challenger's Peril, Fortified",佐倉綾音,Mage,Frost,dps,Chillwind Point
44,346.1,307318792,11,Mists of Tirna Scithe,2024-11-15T14:55:48.000Z,1330627,1890999,2,"Xal'atath's Bargain: Ascendant, Tyrannical, Challenger's Peril, Fortified",森山大道,Monk,Mistweaver,healer,Quel'dorei
44,346.1,307318792,11,Mists of Tirna Scithe,2024-11-15T14:55:48.000Z,1330627,1890999,2,"Xal'atath's Bargain: Ascendant, Tyrannical, Challenger's Peril, Fortified",褲襠大黃瓜,Demon Hunter,Havoc,dps,Arthas
44,346.1,307318792,11,Mists of Tirna Scithe,2024-11-15T14:55:48.000Z,1330627,1890999,2,"Xal'atath's Bargain: Ascendant, Tyrannical, Challenger's Peril, Fortified",死柄木弔,Death Knight,Blood,tank,Arthas
45,346.1,307435157,11,Mists of Tirna Scithe,2024-11-16T02:50:28.000Z,1332166,1890999,2,"Xal'atath's Bargain: Ascendant, Tyrannical, Challenger's Peril, Fortified",小倩鬼,Paladin,Retribution,dps,Wrathbringer
45,346.1,307435157,11,Mists of Tirna Scithe,2024-11-16T02:50:28.000Z,1332166,1890999,2,"Xal'atath's Bargain: Ascendant, Tyrannical, Challenger's Peril, Fortified",蒼天疾驅,Demon Hunter,Vengeance,tank,Bleeding Hollow
45,346.1,307435157,11,Mists of Tirna Scithe,2024-11-16T02:50:28.000Z,1332166,1890999,2,"Xal'atath's Bargain: Ascendant, Tyrannical, Challenger's Peril, Fortified",饒狗汪汪叫,Paladin,Retribution,dps,Crystalpine Stinger
45,346.1,307435157,11,Mists of Tirna Scithe,2024-11-16T02:50:28.000Z,1332166,1890999,2,"Xal'atath's Bargain: Ascendant, Tyrannical, Challenger's Peril, Fortified",小葵,Paladin,Retribution,dps,Silverwing Hold
45,346.1,307435157,11,Mists of Tirna Scithe,2024-11-16T02:50:28.000Z,1332166,1890999,2,"Xal'atath's Bargain: Ascendant, Tyrannical, Challenger's Peril, Fortified",泰薾貝薾,Evoker,Preservation,healer,Wrathbringer
46,346.1,302300308,11,Mists of Tirna Scithe,2024-10-29T14:34:28.000Z,1332233,1890999,2,"Xal'atath's Bargain: Ascendant, Fortified, Challenger's Peril, Tyrannical",中二的薩滿,Shaman,Elemental,dps,Wrathbringer
46,346.1,302300308,11,Mists of Tirna Scithe,2024-10-29T14:34:28.000Z,1332233,1890999,2,"Xal'atath's Bargain: Ascendant, Fortified, Challenger's Peril, Tyrannical",Hanplus,Warrior,Protection,tank,Chillwind Point
46,346.1,302300308,11,Mists of Tirna Scithe,2024-10-29T14:34:28.000Z,1332233,1890999,2,"Xal'atath's Bargain: Ascendant, Fortified, Challenger's Peril, Tyrannical",Suzukaze,Paladin,Retribution,dps,Icecrown
46,346.1,302300308,11,Mists of Tirna Scithe,2024-10-29T14:34:28.000Z,1332233,1890999,2,"Xal'atath's Bargain: Ascendant, Fortified, Challenger's Peril, Tyrannical",Arcticwind,Death Knight,Frost,dps,Arthas
46,346.1,302300308,11,Mists of Tirna Scithe,2024-10-29T14:34:28.000Z,1332233,1890999,2,"Xal'atath's Bargain: Ascendant, Fortified, Challenger's Peril, Tyrannical",冷魅帝姬,Priest,Discipline,healer,Shadowmoon
47,346,303622732,11,Mists of Tirna Scithe,2024-10-29T10:28:38.000Z,1336755,1890999,2,"Xal'atath's Bargain: Ascendant, Fortified, Challenger's Peril, Tyrannical",慕容菲爾,Paladin,Retribution,dps,Whisperwind
47,346,303622732,11,Mists of Tirna Scithe,2024-10-29T10:28:38.000Z,1336755,1890999,2,"Xal'atath's Bargain: Ascendant, Fortified, Challenger's Peril, Tyrannical",筱兔子寶寶,Shaman,Restoration,healer,Whisperwind
47,346,303622732,11,Mists of Tirna Scithe,2024-10-29T10:28:38.000Z,1336755,1890999,2,"Xal'atath's Bargain: Ascendant, Fortified, Challenger's Peril, Tyrannical",姜太公,Paladin,Protection,tank,Icecrown
47,346,303622732,11,Mists of Tirna Scithe,2024-10-29T10:28:38.000Z,1336755,1890999,2,"Xal'atath's Bargain: Ascendant, Fortified, Challenger's Peril, Tyrannical",培根嘎火腿,Rogue,Assassination,dps,Frostmane
47,346,303622732,11,Mists of Tirna Scithe,2024-10-29T10:28:38.000Z,1336755,1890999,2,"Xal'atath's Bargain: Ascendant, Fortified, Challenger's Peril, Tyrannical",Pachinco,Shaman,Elemental,dps,Crystalpine Stinger
48,346,307728274,11,Mists of Tirna Scithe,2024-11-17T14:16:02.000Z,1336800,1890999,2,"Xal'atath's Bargain: Ascendant, Tyrannical, Challenger's Peril, Fortified",月悠悠,Druid,Restoration,healer,Shadowmoon
48,346,307728274,11,Mists of Tirna Scithe,2024-11-17T14:16:02.000Z,1336800,1890999,2,"Xal'atath's Bargain: Ascendant, Tyrannical, Challenger's Peril, Fortified",多摩俏妞,Druid,Balance,dps,Shadowmoon
48,346,307728274,11,Mists of Tirna Scithe,2024-11-17T14:16:02.000Z,1336800,1890999,2,"Xal'atath's Bargain: Ascendant, Tyrannical, Challenger's Peril, Fortified",楪祈,Paladin,Retribution,dps,Whisperwind
48,346,307728274,11,Mists of Tirna Scithe,2024-11-17T14:16:02.000Z,1336800,1890999,2,"Xal'atath's Bargain: Ascendant, Tyrannical, Challenger's Peril, Fortified",月影寒,Paladin,Protection,tank,Shadowmoon
48,346,307728274,11,Mists of Tirna Scithe,2024-11-17T14:16:02.000Z,1336800,1890999,2,"Xal'atath's Bargain: Ascendant, Tyrannical, Challenger's Peril, Fortified",Providence,Hunter,Survival,dps,Arthas
49,346,308121492,11,Mists of Tirna Scithe,2024-11-19T17:13:26.000Z,1337571,1890999,2,"Xal'atath's Bargain: Ascendant, Tyrannical, Challenger's Peril, Fortified",香乂穗,Shaman,Restoration,healer,Shadowmoon
49,346,308121492,11,Mists of Tirna Scithe,2024-11-19T17:13:26.000Z,1337571,1890999,2,"Xal'atath's Bargain: Ascendant, Tyrannical, Challenger's Peril, Fortified",愛伊莎貝拉,Paladin,Retribution,dps,Zealot Blade
49,346,308121492,11,Mists of Tirna Scithe,2024-11-19T17:13:26.000Z,1337571,1890999,2,"Xal'atath's Bargain: Ascendant, Tyrannical, Challenger's Peril, Fortified",夏爾蘿,Rogue,Assassination,dps,Arygos
49,346,308121492,11,Mists of Tirna Scithe,2024-11-19T17:13:26.000Z,1337571,1890999,2,"Xal'atath's Bargain: Ascendant, Tyrannical, Challenger's Peril, Fortified",小安騎士,Paladin,Protection,tank,Arygos
49,346,308121492,11,Mists of Tirna Scithe,2024-11-19T17:13:26.000Z,1337571,1890999,2,"Xal'atath's Bargain: Ascendant, Tyrannical, Challenger's Peril, Fortified",瞬煌櫻花,Death Knight,Frost,dps,Arygos
50,346,307171776,11,Mists of Tirna Scithe,2024-11-14T16:10:07.000Z,1337851,1890999,2,"Xal'atath's Bargain: Ascendant, Tyrannical, Challenger's Peril, Fortified",一千減七,Warlock,Demonology,dps,Sundown Marsh
50,346,307171776,11,Mists of Tirna Scithe,2024-11-14T16:10:07.000Z,1337851,1890999,2,"Xal'atath's Bargain: Ascendant, Tyrannical, Challenger's Peril, Fortified",月明,Hunter,Survival,dps,Crystalpine Stinger
50,346,307171776,11,Mists of Tirna Scithe,2024-11-14T16:10:07.000Z,1337851,1890999,2,"Xal'atath's Bargain: Ascendant, Tyrannical, Challenger's Peril, Fortified",森里螢一,Paladin,Protection,tank,Crystalpine Stinger
50,346,307171776,11,Mists of Tirna Scithe,2024-11-14T16:10:07.000Z,1337851,1890999,2,"Xal'atath's Bargain: Ascendant, Tyrannical, Challenger's Peril, Fortified",風冥騎士,Paladin,Holy,healer,Crystalpine Stinger
50,346,307171776,11,Mists of Tirna Scithe,2024-11-14T16:10:07.000Z,1337851,1890999,2,"Xal'atath's Bargain: Ascendant, Tyrannical, Challenger's Peril, Fortified",豆腐雞腩飯-231073760,Druid,Balance,dps,Crystalpine Stinger
51,345.9,302861673,11,Mists of Tirna Scithe,2024-10-26T03:28:40.000Z,1339804,1890999,2,"Xal'atath's Bargain: Ascendant, Fortified, Challenger's Peril, Tyrannical",Chrissy,Paladin,Retribution,dps,Sundown Marsh
51,345.9,302861673,11,Mists of Tirna Scithe,2024-10-26T03:28:40.000Z,1339804,1890999,2,"Xal'atath's Bargain: Ascendant, Fortified, Challenger's Peril, Tyrannical",波拿拿,Priest,Shadow,dps,Demon Fall Canyon
51,345.9,302861673,11,Mists of Tirna Scithe,2024-10-26T03:28:40.000Z,1339804,1890999,2,"Xal'atath's Bargain: Ascendant, Fortified, Challenger's Peril, Tyrannical",曉狗春麻子,Shaman,Restoration,healer,Shadowmoon
51,345.9,302861673,11,Mists of Tirna Scithe,2024-10-26T03:28:40.000Z,1339804,1890999,2,"Xal'atath's Bargain: Ascendant, Fortified, Challenger's Peril, Tyrannical",殺迫狼,Paladin,Retribution,dps,Shadowmoon
51,345.9,302861673,11,Mists of Tirna Scithe,2024-10-26T03:28:40.000Z,1339804,1890999,2,"Xal'atath's Bargain: Ascendant, Fortified, Challenger's Peril, Tyrannical",黑嬤嬤,Warrior,Protection,tank,Sundown Marsh
52,345.9,304538323,11,Mists of Tirna Scithe,2024-11-15T17:40:20.000Z,1342854,1890999,2,"Xal'atath's Bargain: Ascendant, Tyrannical, Challenger's Peril, Fortified",願風指引你,Paladin,Protection,tank,Arthas
52,345.9,304538323,11,Mists of Tirna Scithe,2024-11-15T17:40:20.000Z,1342854,1890999,2,"Xal'atath's Bargain: Ascendant, Tyrannical, Challenger's Peril, Fortified",桃伶,Priest,Discipline,healer,Arthas
52,345.9,304538323,11,Mists of Tirna Scithe,2024-11-15T17:40:20.000Z,1342854,1890999,2,"Xal'atath's Bargain: Ascendant, Tyrannical, Challenger's Peril, Fortified",紫色龍龜,Evoker,Augmentation,dps,Arthas
52,345.9,304538323,11,Mists of Tirna Scithe,2024-11-15T17:40:20.000Z,1342854,1890999,2,"Xal'atath's Bargain: Ascendant, Tyrannical, Challenger's Peril, Fortified",齁裡穴,Death Knight,Frost,dps,Arthas
52,345.9,304538323,11,Mists of Tirna Scithe,2024-11-15T17:40:20.000Z,1342854,1890999,2,"Xal'atath's Bargain: Ascendant, Tyrannical, Challenger's Peril, Fortified",藥膏潮了,Shaman,Enhancement,dps,Arthas
53,345.8,307686759,11,Mists of Tirna Scithe,2024-11-17T09:54:00.000Z,1344886,1890999,2,"Xal'atath's Bargain: Ascendant, Tyrannical, Challenger's Peril, Fortified",Kennylop,Warlock,Destruction,dps,Whisperwind
53,345.8,307686759,11,Mists of Tirna Scithe,2024-11-17T09:54:00.000Z,1344886,1890999,2,"Xal'atath's Bargain: Ascendant, Tyrannical, Challenger's Peril, Fortified",冰清雪碧,Paladin,Retribution,dps,Sundown Marsh
53,345.8,307686759,11,Mists of Tirna Scithe,2024-11-17T09:54:00.000Z,1344886,1890999,2,"Xal'atath's Bargain: Ascendant, Tyrannical, Challenger's Peril, Fortified",小辣海苔,Evoker,Preservation,healer,Wrathbringer
53,345.8,307686759,11,Mists of Tirna Scithe,2024-11-17T09:54:00.000Z,1344886,1890999,2,"Xal'atath's Bargain: Ascendant, Tyrannical, Challenger's Peril, Fortified",Pcr,Paladin,Protection,tank,Nightsong
53,345.8,307686759,11,Mists of Tirna Scithe,2024-11-17T09:54:00.000Z,1344886,1890999,2,"Xal'atath's Bargain: Ascendant, Tyrannical, Challenger's Peril, Fortified",鬼頭明里,Evoker,Devastation,dps,Wrathbringer
54,345.8,303392040,11,Mists of Tirna Scithe,2024-10-28T09:41:56.000Z,1345507,1890999,2,"Xal'atath's Bargain: Ascendant, Fortified, Challenger's Peril, Tyrannical",異形禮,Hunter,Beast Mastery,dps,Sundown Marsh
54,345.8,303392040,11,Mists of Tirna Scithe,2024-10-28T09:41:56.000Z,1345507,1890999,2,"Xal'atath's Bargain: Ascendant, Fortified, Challenger's Peril, Tyrannical",哞哞奶茶,Druid,Restoration,healer,Hellscream
54,345.8,303392040,11,Mists of Tirna Scithe,2024-10-28T09:41:56.000Z,1345507,1890999,2,"Xal'atath's Bargain: Ascendant, Fortified, Challenger's Peril, Tyrannical",巫蠱機,Evoker,Augmentation,dps,Bleeding Hollow
54,345.8,303392040,11,Mists of Tirna Scithe,2024-10-28T09:41:56.000Z,1345507,1890999,2,"Xal'atath's Bargain: Ascendant, Fortified, Challenger's Peril, Tyrannical",扒褲亂擼,Shaman,Elemental,dps,Sundown Marsh
54,345.8,303392040,11,Mists of Tirna Scithe,2024-10-28T09:41:56.000Z,1345507,1890999,2,"Xal'atath's Bargain: Ascendant, Fortified, Challenger's Peril, Tyrannical",靈感,Paladin,Protection,tank,Chillwind Point
55,345.7,307158629,11,Mists of Tirna Scithe,2024-11-14T14:13:23.000Z,1350297,1890999,2,"Xal'atath's Bargain: Ascendant, Tyrannical, Challenger's Peril, Fortified",怎麼都吉娃娃,Evoker,Augmentation,dps,Quel'dorei
55,345.7,307158629,11,Mists of Tirna Scithe,2024-11-14T14:13:23.000Z,1350297,1890999,2,"Xal'atath's Bargain: Ascendant, Tyrannical, Challenger's Peril, Fortified",啥小啦,Druid,Balance,dps,Wrathbringer
55,345.7,307158629,11,Mists of Tirna Scithe,2024-11-14T14:13:23.000Z,1350297,1890999,2,"Xal'atath's Bargain: Ascendant, Tyrannical, Challenger's Peril, Fortified",紳丶聖騎士,Paladin,Protection,tank,Sundown Marsh
55,345.7,307158629,11,Mists of Tirna Scithe,2024-11-14T14:13:23.000Z,1350297,1890999,2,"Xal'atath's Bargain: Ascendant, Tyrannical, Challenger's Peril, Fortified",Downfall,Priest,Discipline,healer,Sundown Marsh
55,345.7,307158629,11,Mists of Tirna Scithe,2024-11-14T14:13:23.000Z,1350297,1890999,2,"Xal'atath's Bargain: Ascendant, Tyrannical, Challenger's Peril, Fortified",笨哥,Shaman,Enhancement,dps,Zealot Blade
56,345.7,308077382,11,Mists of Tirna Scithe,2024-11-19T14:03:39.000Z,1350324,1890999,2,"Xal'atath's Bargain: Ascendant, Tyrannical, Challenger's Peril, Fortified",小紅帽公主,Priest,Discipline,healer,Spirestone
56,345.7,308077382,11,Mists of Tirna Scithe,2024-11-19T14:03:39.000Z,1350324,1890999,2,"Xal'atath's Bargain: Ascendant, Tyrannical, Challenger's Peril, Fortified",神奇萊恩,Paladin,Retribution,dps,Quel'dorei
56,345.7,308077382,11,Mists of Tirna Scithe,2024-11-19T14:03:39.000Z,1350324,1890999,2,"Xal'atath's Bargain: Ascendant, Tyrannical, Challenger's Peril, Fortified",Ggpaladin,Paladin,Protection,tank,Shadowmoon
56,345.7,308077382,11,Mists of Tirna Scithe,2024-11-19T14:03:39.000Z,1350324,1890999,2,"Xal'atath's Bargain: Ascendant, Tyrannical, Challenger's Peril, Fortified",獨孤霜寒,Hunter,Survival,dps,Quel'dorei
56,345.7,308077382,11,Mists of Tirna Scithe,2024-11-19T14:03:39.000Z,1350324,1890999,2,"Xal'atath's Bargain: Ascendant, Tyrannical, Challenger's Peril, Fortified",Dessert,Rogue,Assassination,dps,Chillwind Point
57,345.6,303441058,11,Mists of Tirna Scithe,2024-10-28T16:43:39.000Z,1356177,1890999,2,"Xal'atath's Bargain: Ascendant, Fortified, Challenger's Peril, Tyrannical",黑嗆,Paladin,Holy,healer,Crystalpine Stinger
57,345.6,303441058,11,Mists of Tirna Scithe,2024-10-28T16:43:39.000Z,1356177,1890999,2,"Xal'atath's Bargain: Ascendant, Fortified, Challenger's Peril, Tyrannical",Ballowo,Mage,Frost,dps,Spirestone
57,345.6,303441058,11,Mists of Tirna Scithe,2024-10-28T16:43:39.000Z,1356177,1890999,2,"Xal'atath's Bargain: Ascendant, Fortified, Challenger's Peril, Tyrannical",天使丘比,Priest,Shadow,dps,Arygos
57,345.6,303441058,11,Mists of Tirna Scithe,2024-10-28T16:43:39.000Z,1356177,1890999,2,"Xal'atath's Bargain: Ascendant, Fortified, Challenger's Peril, Tyrannical",Dessert,Rogue,Assassination,dps,Chillwind Point
57,345.6,303441058,11,Mists of Tirna Scithe,2024-10-28T16:43:39.000Z,1356177,1890999,2,"Xal'atath's Bargain: Ascendant, Fortified, Challenger's Peril, Tyrannical",是想妳的聲音,Paladin,Protection,tank,Chillwind Point
58,345.6,307461096,11,Mists of Tirna Scithe,2024-11-16T06:55:27.000Z,1356495,1890999,2,"Xal'atath's Bargain: Ascendant, Tyrannical, Challenger's Peril, Fortified",尼勒,Demon Hunter,Havoc,dps,Quel'dorei
58,345.6,307461096,11,Mists of Tirna Scithe,2024-11-16T06:55:27.000Z,1356495,1890999,2,"Xal'atath's Bargain: Ascendant, Tyrannical, Challenger's Peril, Fortified",朝風,Shaman,Restoration,healer,Crystalpine Stinger
58,345.6,307461096,11,Mists of Tirna Scithe,2024-11-16T06:55:27.000Z,1356495,1890999,2,"Xal'atath's Bargain: Ascendant, Tyrannical, Challenger's Peril, Fortified",Layse,Mage,Frost,dps,Frostmane
58,345.6,307461096,11,Mists of Tirna Scithe,2024-11-16T06:55:27.000Z,1356495,1890999,2,"Xal'atath's Bargain: Ascendant, Tyrannical, Challenger's Peril, Fortified",雁歌,Death Knight,Blood,tank,Spirestone
58,345.6,307461096,11,Mists of Tirna Scithe,2024-11-16T06:55:27.000Z,1356495,1890999,2,"Xal'atath's Bargain: Ascendant, Tyrannical, Challenger's Peril, Fortified",Mismoon,Warlock,Destruction,dps,Nightsong
59,345.6,302766759,11,Mists of Tirna Scithe,2024-10-25T17:43:37.000Z,1357675,1890999,2,"Xal'atath's Bargain: Ascendant, Fortified, Challenger's Peril, Tyrannical",丁尼,Evoker,Augmentation,dps,World Tree
59,345.6,302766759,11,Mists of Tirna Scithe,2024-10-25T17:43:37.000Z,1357675,1890999,2,"Xal'atath's Bargain: Ascendant, Fortified, Challenger's Peril, Tyrannical",一记喵喵拳,Shaman,Elemental,dps,Sundown Marsh
59,345.6,302766759,11,Mists of Tirna Scithe,2024-10-25T17:43:37.000Z,1357675,1890999,2,"Xal'atath's Bargain: Ascendant, Fortified, Challenger's Peril, Tyrannical",餐餐豬油配,Shaman,Enhancement,dps,Sundown Marsh
59,345.6,302766759,11,Mists of Tirna Scithe,2024-10-25T17:43:37.000Z,1357675,1890999,2,"Xal'atath's Bargain: Ascendant, Fortified, Challenger's Peril, Tyrannical",千葉-211241075,Demon Hunter,Vengeance,tank,Sundown Marsh
59,345.6,302766759,11,Mists of Tirna Scithe,2024-10-25T17:43:37.000Z,1357675,1890999,2,"Xal'atath's Bargain: Ascendant, Fortified, Challenger's Peril, Tyrannical",萌萌小腦斧,Paladin,Holy,healer,Skywall
60,345.5,307167785,11,Mists of Tirna Scithe,2024-11-14T15:00:05.000Z,1359662,1890999,2,"Xal'atath's Bargain: Ascendant, Tyrannical, Challenger's Peril, Fortified",雪若紗,Priest,Discipline,healer,Dragonmaw
60,345.5,307167785,11,Mists of Tirna Scithe,2024-11-14T15:00:05.000Z,1359662,1890999,2,"Xal'atath's Bargain: Ascendant, Tyrannical, Challenger's Peril, Fortified",天上有箭,Hunter,Survival,dps,Sundown Marsh
60,345.5,307167785,11,Mists of Tirna Scithe,2024-11-14T15:00:05.000Z,1359662,1890999,2,"Xal'atath's Bargain: Ascendant, Tyrannical, Challenger's Peril, Fortified",軟哞哞,Druid,Balance,dps,Sundown Marsh
60,345.5,307167785,11,Mists of Tirna Scithe,2024-11-14T15:00:05.000Z,1359662,1890999,2,"Xal'atath's Bargain: Ascendant, Tyrannical, Challenger's Peril, Fortified",林克公主,Demon Hunter,Vengeance,tank,Sundown Marsh
60,345.5,307167785,11,Mists of Tirna Scithe,2024-11-14T15:00:05.000Z,1359662,1890999,2,"Xal'atath's Bargain: Ascendant, Tyrannical, Challenger's Peril, Fortified",Danqs,Paladin,Retribution,dps,Icecrown
61,345.5,302706143,11,Mists of Tirna Scithe,2024-10-25T17:25:22.000Z,1362649,1890999,2,"Xal'atath's Bargain: Ascendant, Fortified, Challenger's Peril, Tyrannical",一銀絲卷一,Monk,Mistweaver,healer,Shadowmoon
61,345.5,302706143,11,Mists of Tirna Scithe,2024-10-25T17:25:22.000Z,1362649,1890999,2,"Xal'atath's Bargain: Ascendant, Fortified, Challenger's Peril, Tyrannical",萌兔,Warlock,Demonology,dps,Shadowmoon
61,345.5,302706143,11,Mists of Tirna Scithe,2024-10-25T17:25:22.000Z,1362649,1890999,2,"Xal'atath's Bargain: Ascendant, Fortified, Challenger's Peril, Tyrannical",齁齁聖,Paladin,Protection,tank,Shadowmoon
61,345.5,302706143,11,Mists of Tirna Scithe,2024-10-25T17:25:22.000Z,1362649,1890999,2,"Xal'atath's Bargain: Ascendant, Fortified, Challenger's Peril, Tyrannical",陷阱,Hunter,Marksmanship,dps,Quel'dorei
61,345.5,302706143,11,Mists of Tirna Scithe,2024-10-25T17:25:22.000Z,1362649,1890999,2,"Xal'atath's Bargain: Ascendant, Fortified, Challenger's Peril, Tyrannical",落燼,Shaman,Enhancement,dps,Whisperwind
62,345.5,303558239,11,Mists of Tirna Scithe,2024-10-28T15:25:14.000Z,1363773,1890999,2,"Xal'atath's Bargain: Ascendant, Fortified, Challenger's Peril, Tyrannical",滅團只剩牛,Paladin,Retribution,dps,Hellscream
62,345.5,303558239,11,Mists of Tirna Scithe,2024-10-28T15:25:14.000Z,1363773,1890999,2,"Xal'atath's Bargain: Ascendant, Fortified, Challenger's Peril, Tyrannical",聽的見嗎,Mage,Frost,dps,Arthas
62,345.5,303558239,11,Mists of Tirna Scithe,2024-10-28T15:25:14.000Z,1363773,1890999,2,"Xal'atath's Bargain: Ascendant, Fortified, Challenger's Peril, Tyrannical",Klto,Shaman,Elemental,dps,Shadowmoon
62,345.5,303558239,11,Mists of Tirna Scithe,2024-10-28T15:25:14.000Z,1363773,1890999,2,"Xal'atath's Bargain: Ascendant, Fortified, Challenger's Peril, Tyrannical",胖熊君,Druid,Guardian,tank,Chillwind Point
62,345.5,303558239,11,Mists of Tirna Scithe,2024-10-28T15:25:14.000Z,1363773,1890999,2,"Xal'atath's Bargain: Ascendant, Fortified, Challenger's Peril, Tyrannical",冬日晴空,Shaman,Restoration,healer,Shadowmoon
63,345.5,307328194,11,Mists of Tirna Scithe,2024-11-15T15:45:24.000Z,1364021,1890999,2,"Xal'atath's Bargain: Ascendant, Tyrannical, Challenger's Peril, Fortified",中華嬌子,Shaman,Restoration,healer,Crystalpine Stinger
63,345.5,307328194,11,Mists of Tirna Scithe,2024-11-15T15:45:24.000Z,1364021,1890999,2,"Xal'atath's Bargain: Ascendant, Tyrannical, Challenger's Peril, Fortified",天吶你真騷,Paladin,Protection,tank,Crystalpine Stinger
63,345.5,307328194,11,Mists of Tirna Scithe,2024-11-15T15:45:24.000Z,1364021,1890999,2,"Xal'atath's Bargain: Ascendant, Tyrannical, Challenger's Peril, Fortified",痴線嘅正常人,Warlock,Destruction,dps,Crystalpine Stinger
63,345.5,307328194,11,Mists of Tirna Scithe,2024-11-15T15:45:24.000Z,1364021,1890999,2,"Xal'atath's Bargain: Ascendant, Tyrannical, Challenger's Peril, Fortified",頭文字獵,Hunter,Survival,dps,Silverwing Hold
63,345.5,307328194,11,Mists of Tirna Scithe,2024-11-15T15:45:24.000Z,1364021,1890999,2,"Xal'atath's Bargain: Ascendant, Tyrannical, Challenger's Peril, Fortified",蘇卡不列特,Shaman,Elemental,dps,Whisperwind
64,345.4,302464498,11,Mists of Tirna Scithe,2024-10-24T11:33:19.000Z,1364094,1890999,2,"Xal'atath's Bargain: Ascendant, Fortified, Challenger's Peril, Tyrannical",Kathyrose,Rogue,Assassination,dps,Shadowmoon
64,345.4,302464498,11,Mists of Tirna Scithe,2024-10-24T11:33:19.000Z,1364094,1890999,2,"Xal'atath's Bargain: Ascendant, Fortified, Challenger's Peril, Tyrannical",蕊妮蜜絲,Evoker,Augmentation,dps,Quel'dorei
64,345.4,302464498,11,Mists of Tirna Scithe,2024-10-24T11:33:19.000Z,1364094,1890999,2,"Xal'atath's Bargain: Ascendant, Fortified, Challenger's Peril, Tyrannical",君炎,Demon Hunter,Vengeance,tank,Chillwind Point
64,345.4,302464498,11,Mists of Tirna Scithe,2024-10-24T11:33:19.000Z,1364094,1890999,2,"Xal'atath's Bargain: Ascendant, Fortified, Challenger's Peril, Tyrannical",月遙遙,Shaman,Restoration,healer,Sundown Marsh
64,345.4,302464498,11,Mists of Tirna Scithe,2024-10-24T11:33:19.000Z,1364094,1890999,2,"Xal'atath's Bargain: Ascendant, Fortified, Challenger's Peril, Tyrannical",踢宮北武波比,Death Knight,Frost,dps,Chillwind Point
65,345.4,307493267,11,Mists of Tirna Scithe,2024-11-16T12:51:17.000Z,1364638,1890999,2,"Xal'atath's Bargain: Ascendant, Tyrannical, Challenger's Peril, Fortified",沫薇,Druid,Guardian,tank,World Tree
65,345.4,307493267,11,Mists of Tirna Scithe,2024-11-16T12:51:17.000Z,1364638,1890999,2,"Xal'atath's Bargain: Ascendant, Tyrannical, Challenger's Peril, Fortified",平民百姓,Warrior,Fury,dps,World Tree
65,345.4,307493267,11,Mists of Tirna Scithe,2024-11-16T12:51:17.000Z,1364638,1890999,2,"Xal'atath's Bargain: Ascendant, Tyrannical, Challenger's Peril, Fortified",大冰檸檬,Shaman,Restoration,healer,Shadowmoon
65,345.4,307493267,11,Mists of Tirna Scithe,2024-11-16T12:51:17.000Z,1364638,1890999,2,"Xal'atath's Bargain: Ascendant, Tyrannical, Challenger's Peril, Fortified",他老弟貳點零,Warlock,Demonology,dps,Crystalpine Stinger
65,345.4,307493267,11,Mists of Tirna Scithe,2024-11-16T12:51:17.000Z,1364638,1890999,2,"Xal'atath's Bargain: Ascendant, Tyrannical, Challenger's Peril, Fortified",Irysocool,Shaman,Enhancement,dps,World Tree
66,345.4,307532265,11,Mists of Tirna Scithe,2024-11-16T17:02:39.000Z,1367624,1890999,2,"Xal'atath's Bargain: Ascendant, Tyrannical, Challenger's Peril, Fortified",小米果,Druid,Restoration,healer,Whisperwind
66,345.4,307532265,11,Mists of Tirna Scithe,2024-11-16T17:02:39.000Z,1367624,1890999,2,"Xal'atath's Bargain: Ascendant, Tyrannical, Challenger's Peril, Fortified",沐妍洛洛,Paladin,Protection,tank,Spirestone
66,345.4,307532265,11,Mists of Tirna Scithe,2024-11-16T17:02:39.000Z,1367624,1890999,2,"Xal'atath's Bargain: Ascendant, Tyrannical, Challenger's Peril, Fortified",柚亞,Mage,Frost,dps,Zealot Blade
66,345.4,307532265,11,Mists of Tirna Scithe,2024-11-16T17:02:39.000Z,1367624,1890999,2,"Xal'atath's Bargain: Ascendant, Tyrannical, Challenger's Peril, Fortified",聖光波波,Paladin,Retribution,dps,Shadowmoon
66,345.4,307532265,11,Mists of Tirna Scithe,2024-11-16T17:02:39.000Z,1367624,1890999,2,"Xal'atath's Bargain: Ascendant, Tyrannical, Challenger's Peril, Fortified",賤種,Shaman,Enhancement,dps,Dragonmaw
67,345.4,302939495,11,Mists of Tirna Scithe,2024-10-26T14:49:53.000Z,1368193,1890999,2,"Xal'atath's Bargain: Ascendant, Fortified, Challenger's Peril, Tyrannical",每天想旎,Warlock,Affliction,dps,Shadowmoon
67,345.4,302939495,11,Mists of Tirna Scithe,2024-10-26T14:49:53.000Z,1368193,1890999,2,"Xal'atath's Bargain: Ascendant, Fortified, Challenger's Peril, Tyrannical",東東咬東東,Rogue,Assassination,dps,Bleeding Hollow
67,345.4,302939495,11,Mists of Tirna Scithe,2024-10-26T14:49:53.000Z,1368193,1890999,2,"Xal'atath's Bargain: Ascendant, Fortified, Challenger's Peril, Tyrannical",初衫,Priest,Discipline,healer,Shadowmoon
67,345.4,302939495,11,Mists of Tirna Scithe,2024-10-26T14:49:53.000Z,1368193,1890999,2,"Xal'atath's Bargain: Ascendant, Fortified, Challenger's Peril, Tyrannical",自由發揮,Evoker,Augmentation,dps,Shadowmoon
67,345.4,302939495,11,Mists of Tirna Scithe,2024-10-26T14:49:53.000Z,1368193,1890999,2,"Xal'atath's Bargain: Ascendant, Fortified, Challenger's Peril, Tyrannical",血骑骑,Paladin,Protection,tank,World Tree
68,345.4,293447332,11,Mists of Tirna Scithe,2024-10-25T13:33:14.000Z,1369062,1890999,2,"Xal'atath's Bargain: Ascendant, Fortified, Challenger's Peril, Tyrannical",雪羽嵐,Shaman,Restoration,healer,Shadowmoon
68,345.4,293447332,11,Mists of Tirna Scithe,2024-10-25T13:33:14.000Z,1369062,1890999,2,"Xal'atath's Bargain: Ascendant, Fortified, Challenger's Peril, Tyrannical",別哭泣,Warlock,Demonology,dps,Hellscream
68,345.4,293447332,11,Mists of Tirna Scithe,2024-10-25T13:33:14.000Z,1369062,1890999,2,"Xal'atath's Bargain: Ascendant, Fortified, Challenger's Peril, Tyrannical",旂恪,Hunter,Survival,dps,Shadowmoon
68,345.4,293447332,11,Mists of Tirna Scithe,2024-10-25T13:33:14.000Z,1369062,1890999,2,"Xal'atath's Bargain: Ascendant, Fortified, Challenger's Peril, Tyrannical",瘋狂芒果冰,Druid,Guardian,tank,Hellscream
68,345.4,293447332,11,Mists of Tirna Scithe,2024-10-25T13:33:14.000Z,1369062,1890999,2,"Xal'atath's Bargain: Ascendant, Fortified, Challenger's Peril, Tyrannical",夏奶奶,Mage,Arcane,dps,Quel'dorei
69,345.3,307452455,11,Mists of Tirna Scithe,2024-11-16T05:23:06.000Z,1370519,1890999,2,"Xal'atath's Bargain: Ascendant, Tyrannical, Challenger's Peril, Fortified",段純貞紅燒肉,Priest,Discipline,healer,Wrathbringer
69,345.3,307452455,11,Mists of Tirna Scithe,2024-11-16T05:23:06.000Z,1370519,1890999,2,"Xal'atath's Bargain: Ascendant, Tyrannical, Challenger's Peril, Fortified",奧格瑪老闆娘,Warlock,Destruction,dps,Sundown Marsh
69,345.3,307452455,11,Mists of Tirna Scithe,2024-11-16T05:23:06.000Z,1370519,1890999,2,"Xal'atath's Bargain: Ascendant, Tyrannical, Challenger's Peril, Fortified",琉光沓,Druid,Balance,dps,Spirestone
69,345.3,307452455,11,Mists of Tirna Scithe,2024-11-16T05:23:06.000Z,1370519,1890999,2,"Xal'atath's Bargain: Ascendant, Tyrannical, Challenger's Peril, Fortified",看來過倒別,Demon Hunter,Vengeance,tank,Wrathbringer
69,345.3,307452455,11,Mists of Tirna Scithe,2024-11-16T05:23:06.000Z,1370519,1890999,2,"Xal'atath's Bargain: Ascendant, Tyrannical, Challenger's Peril, Fortified",泰爾貝爾,Mage,Frost,dps,Wrathbringer
70,345.3,307145766,11,Mists of Tirna Scithe,2024-11-14T11:35:57.000Z,1370942,1890999,2,"Xal'atath's Bargain: Ascendant, Tyrannical, Challenger's Peril, Fortified",姬娜,Shaman,Enhancement,dps,Shadowmoon
70,345.3,307145766,11,Mists of Tirna Scithe,2024-11-14T11:35:57.000Z,1370942,1890999,2,"Xal'atath's Bargain: Ascendant, Tyrannical, Challenger's Peril, Fortified",杜杜小公主,Priest,Holy,healer,Frostmane
70,345.3,307145766,11,Mists of Tirna Scithe,2024-11-14T11:35:57.000Z,1370942,1890999,2,"Xal'atath's Bargain: Ascendant, Tyrannical, Challenger's Peril, Fortified",霂啾啾,Death Knight,Frost,dps,Crystalpine Stinger
70,345.3,307145766,11,Mists of Tirna Scithe,2024-11-14T11:35:57.000Z,1370942,1890999,2,"Xal'atath's Bargain: Ascendant, Tyrannical, Challenger's Peril, Fortified",雪染櫻,Hunter,Marksmanship,dps,Sundown Marsh
70,345.3,307145766,11,Mists of Tirna Scithe,2024-11-14T11:35:57.000Z,1370942,1890999,2,"Xal'atath's Bargain: Ascendant, Tyrannical, Challenger's Peril, Fortified",鐵支路等一人,Paladin,Protection,tank,Chillwind Point
71,345.3,302689183,11,Mists of Tirna Scithe,2024-10-25T16:14:29.000Z,1371641,1890999,2,"Xal'atath's Bargain: Ascendant, Fortified, Challenger's Peril, Tyrannical",阿宅人生,Shaman,Restoration,healer,Arthas
71,345.3,302689183,11,Mists of Tirna Scithe,2024-10-25T16:14:29.000Z,1371641,1890999,2,"Xal'atath's Bargain: Ascendant, Fortified, Challenger's Peril, Tyrannical",地獄超倒楣鬼,Evoker,Augmentation,dps,Arthas
71,345.3,302689183,11,Mists of Tirna Scithe,2024-10-25T16:14:29.000Z,1371641,1890999,2,"Xal'atath's Bargain: Ascendant, Fortified, Challenger's Peril, Tyrannical",Gi,Warrior,Protection,tank,Menethil
71,345.3,302689183,11,Mists of Tirna Scithe,2024-10-25T16:14:29.000Z,1371641,1890999,2,"Xal'atath's Bargain: Ascendant, Fortified, Challenger's Peril, Tyrannical",Bluewaste,Shaman,Elemental,dps,Zealot Blade
71,345.3,302689183,11,Mists of Tirna Scithe,2024-10-25T16:14:29.000Z,1371641,1890999,2,"Xal'atath's Bargain: Ascendant, Fortified, Challenger's Peril, Tyrannical",阿公穿肚兜閃,Mage,Frost,dps,Nightsong
72,345.3,302943005,11,Mists of Tirna Scithe,2024-10-26T14:30:10.000Z,1373400,1890999,2,"Xal'atath's Bargain: Ascendant, Fortified, Challenger's Peril, Tyrannical",壹拾柒刀,Shaman,Elemental,dps,Sundown Marsh
72,345.3,302943005,11,Mists of Tirna Scithe,2024-10-26T14:30:10.000Z,1373400,1890999,2,"Xal'atath's Bargain: Ascendant, Fortified, Challenger's Peril, Tyrannical",Broman,Paladin,Retribution,dps,Shadowmoon
72,345.3,302943005,11,Mists of Tirna Scithe,2024-10-26T14:30:10.000Z,1373400,1890999,2,"Xal'atath's Bargain: Ascendant, Fortified, Challenger's Peril, Tyrannical",就知道睡覺-225304903,Death Knight,Frost,dps,Sundown Marsh
72,345.3,302943005,11,Mists of Tirna Scithe,2024-10-26T14:30:10.000Z,1373400,1890999,2,"Xal'atath's Bargain: Ascendant, Fortified, Challenger's Peril, Tyrannical",比那明居天子,Shaman,Restoration,healer,Shadowmoon
72,345.3,302943005,11,Mists of Tirna Scithe,2024-10-26T14:30:10.000Z,1373400,1890999,2,"Xal'atath's Bargain: Ascendant, Fortified, Challenger's Peril, Tyrannical",逆天改命,Druid,Guardian,tank,Silverwing Hold
73,345.2,303641349,11,Mists of Tirna Scithe,2024-10-29T02:16:39.000Z,1374782,1890999,2,"Xal'atath's Bargain: Ascendant, Fortified, Challenger's Peril, Tyrannical",胖達圖騰,Shaman,Elemental,dps,Hellscream
73,345.2,303641349,11,Mists of Tirna Scithe,2024-10-29T02:16:39.000Z,1374782,1890999,2,"Xal'atath's Bargain: Ascendant, Fortified, Challenger's Peril, Tyrannical",兔子丟丟,Priest,Discipline,healer,Chillwind Point
73,345.2,303641349,11,Mists of Tirna Scithe,2024-10-29T02:16:39.000Z,1374782,1890999,2,"Xal'atath's Bargain: Ascendant, Fortified, Challenger's Peril, Tyrannical",龍蝶帝,Evoker,Augmentation,dps,Zealot Blade
73,345.2,303641349,11,Mists of Tirna Scithe,2024-10-29T02:16:39.000Z,1374782,1890999,2,"Xal'atath's Bargain: Ascendant, Fortified, Challenger's Peril, Tyrannical",白喬-227394913,Paladin,Retribution,dps,Shadowmoon
73,345.2,303641349,11,Mists of Tirna Scithe,2024-10-29T02:16:39.000Z,1374782,1890999,2,"Xal'atath's Bargain: Ascendant, Fortified, Challenger's Peril, Tyrannical",Algar,Death Knight,Blood,tank,Zealot Blade
74,345.2,303615057,11,Mists of Tirna Scithe,2024-10-29T10:54:32.000Z,1375462,1890999,2,"Xal'atath's Bargain: Ascendant, Fortified, Challenger's Peril, Tyrannical",娃的傳說,Paladin,Retribution,dps,Sundown Marsh
74,345.2,303615057,11,Mists of Tirna Scithe,2024-10-29T10:54:32.000Z,1375462,1890999,2,"Xal'atath's Bargain: Ascendant, Fortified, Challenger's Peril, Tyrannical",牛川楓,Warrior,Fury,dps,Stormscale
74,345.2,303615057,11,Mists of Tirna Scithe,2024-10-29T10:54:32.000Z,1375462,1890999,2,"Xal'atath's Bargain: Ascendant, Fortified, Challenger's Peril, Tyrannical",Ultra,Paladin,Protection,tank,Arthas
74,345.2,303615057,11,Mists of Tirna Scithe,2024-10-29T10:54:32.000Z,1375462,1890999,2,"Xal'atath's Bargain: Ascendant, Fortified, Challenger's Peril, Tyrannical",亂玩小牧,Priest,Discipline,healer,Sundown Marsh
74,345.2,303615057,11,Mists of Tirna Scithe,2024-10-29T10:54:32.000Z,1375462,1890999,2,"Xal'atath's Bargain: Ascendant, Fortified, Challenger's Peril, Tyrannical",黑色猛牛法師,Shaman,Elemental,dps,Stormscale
75,345.2,307737245,11,Mists of Tirna Scithe,2024-11-17T15:53:43.000Z,1376229,1890999,2,"Xal'atath's Bargain: Ascendant, Tyrannical, Challenger's Peril, Fortified",小慧怡,Hunter,Beast Mastery,dps,Crystalpine Stinger
75,345.2,307737245,11,Mists of Tirna Scithe,2024-11-17T15:53:43.000Z,1376229,1890999,2,"Xal'atath's Bargain: Ascendant, Tyrannical, Challenger's Peril, Fortified",雙燕子星,Druid,Balance,dps,Bleeding Hollow
75,345.2,307737245,11,Mists of Tirna Scithe,2024-11-17T15:53:43.000Z,1376229,1890999,2,"Xal'atath's Bargain: Ascendant, Tyrannical, Challenger's Peril, Fortified",雨後茉莉,Priest,Holy,healer,Demon Fall Canyon
75,345.2,307737245,11,Mists of Tirna Scithe,2024-11-17T15:53:43.000Z,1376229,1890999,2,"Xal'atath's Bargain: Ascendant, Tyrannical, Challenger's Peril, Fortified",同塵和光,Warrior,Protection,tank,Demon Fall Canyon
75,345.2,307737245,11,Mists of Tirna Scithe,2024-11-17T15:53:43.000Z,1376229,1890999,2,"Xal'atath's Bargain: Ascendant, Tyrannical, Challenger's Peril, Fortified",Lchshaman,Shaman,Elemental,dps,Nightsong
76,345.2,307298749,11,Mists of Tirna Scithe,2024-11-15T10:35:36.000Z,1376575,1890999,2,"Xal'atath's Bargain: Ascendant, Tyrannical, Challenger's Peril, Fortified",Cecily,Warlock,Demonology,dps,Shadowmoon
76,345.2,307298749,11,Mists of Tirna Scithe,2024-11-15T10:35:36.000Z,1376575,1890999,2,"Xal'atath's Bargain: Ascendant, Tyrannical, Challenger's Peril, Fortified",櫻華月響,Death Knight,Blood,tank,Sundown Marsh
76,345.2,307298749,11,Mists of Tirna Scithe,2024-11-15T10:35:36.000Z,1376575,1890999,2,"Xal'atath's Bargain: Ascendant, Tyrannical, Challenger's Peril, Fortified",Keria,Paladin,Retribution,dps,Stormscale
76,345.2,307298749,11,Mists of Tirna Scithe,2024-11-15T10:35:36.000Z,1376575,1890999,2,"Xal'atath's Bargain: Ascendant, Tyrannical, Challenger's Peril, Fortified",Eushlly,Hunter,Marksmanship,dps,Sundown Marsh
76,345.2,307298749,11,Mists of Tirna Scithe,2024-11-15T10:35:36.000Z,1376575,1890999,2,"Xal'atath's Bargain: Ascendant, Tyrannical, Challenger's Peril, Fortified",月落凜凜,Shaman,Restoration,healer,Quel'dorei
77,345.2,303837890,11,Mists of Tirna Scithe,2024-10-30T13:00:27.000Z,1376683,1890999,2,"Xal'atath's Bargain: Ascendant, Fortified, Challenger's Peril, Tyrannical",已經吃不下了,Priest,Shadow,dps,Arthas
77,345.2,303837890,11,Mists of Tirna Scithe,2024-10-30T13:00:27.000Z,1376683,1890999,2,"Xal'atath's Bargain: Ascendant, Fortified, Challenger's Peril, Tyrannical",沐也,Paladin,Holy,healer,Shadowmoon
77,345.2,303837890,11,Mists of Tirna Scithe,2024-10-30T13:00:27.000Z,1376683,1890999,2,"Xal'atath's Bargain: Ascendant, Fortified, Challenger's Peril, Tyrannical",Druidkit,Druid,Guardian,tank,Skywall
77,345.2,303837890,11,Mists of Tirna Scithe,2024-10-30T13:00:27.000Z,1376683,1890999,2,"Xal'atath's Bargain: Ascendant, Fortified, Challenger's Peril, Tyrannical",我是三點,Paladin,Retribution,dps,Skywall
77,345.2,303837890,11,Mists of Tirna Scithe,2024-10-30T13:00:27.000Z,1376683,1890999,2,"Xal'atath's Bargain: Ascendant, Fortified, Challenger's Peril, Tyrannical",小腐薩,Shaman,Enhancement,dps,Whisperwind
78,345.1,307881892,11,Mists of Tirna Scithe,2024-11-18T07:36:14.000Z,1380224,1890999,2,"Xal'atath's Bargain: Ascendant, Tyrannical, Challenger's Peril, Fortified",符姬,Paladin,Retribution,dps,Arthas
78,345.1,307881892,11,Mists of Tirna Scithe,2024-11-18T07:36:14.000Z,1380224,1890999,2,"Xal'atath's Bargain: Ascendant, Tyrannical, Challenger's Peril, Fortified",微笑的向日葵,Shaman,Restoration,healer,World Tree
78,345.1,307881892,11,Mists of Tirna Scithe,2024-11-18T07:36:14.000Z,1380224,1890999,2,"Xal'atath's Bargain: Ascendant, Tyrannical, Challenger's Peril, Fortified",Fenix,Warrior,Fury,dps,Crystalpine Stinger
78,345.1,307881892,11,Mists of Tirna Scithe,2024-11-18T07:36:14.000Z,1380224,1890999,2,"Xal'atath's Bargain: Ascendant, Tyrannical, Challenger's Peril, Fortified",褲襠破個洞,Warlock,Destruction,dps,Shadowmoon
78,345.1,307881892,11,Mists of Tirna Scithe,2024-11-18T07:36:14.000Z,1380224,1890999,2,"Xal'atath's Bargain: Ascendant, Tyrannical, Challenger's Peril, Fortified",實武宮分,Paladin,Protection,tank,Arygos
79,345.1,307744655,11,Mists of Tirna Scithe,2024-11-17T16:16:16.000Z,1380610,1890999,2,"Xal'atath's Bargain: Ascendant, Tyrannical, Challenger's Peril, Fortified",秋風的流浪,Shaman,Restoration,healer,Shadowmoon
79,345.1,307744655,11,Mists of Tirna Scithe,2024-11-17T16:16:16.000Z,1380610,1890999,2,"Xal'atath's Bargain: Ascendant, Tyrannical, Challenger's Peril, Fortified",風起,Demon Hunter,Havoc,dps,Crystalpine Stinger
79,345.1,307744655,11,Mists of Tirna Scithe,2024-11-17T16:16:16.000Z,1380610,1890999,2,"Xal'atath's Bargain: Ascendant, Tyrannical, Challenger's Peril, Fortified",吾乃黯影王,Warlock,Demonology,dps,Chillwind Point
79,345.1,307744655,11,Mists of Tirna Scithe,2024-11-17T16:16:16.000Z,1380610,1890999,2,"Xal'atath's Bargain: Ascendant, Tyrannical, Challenger's Peril, Fortified",遊俠大富,Hunter,Survival,dps,Shadowmoon
79,345.1,307744655,11,Mists of Tirna Scithe,2024-11-17T16:16:16.000Z,1380610,1890999,2,"Xal'atath's Bargain: Ascendant, Tyrannical, Challenger's Peril, Fortified",生命体,Paladin,Protection,tank,World Tree
80,345.1,303626370,11,Mists of Tirna Scithe,2024-10-29T11:06:00.000Z,1381990,1890999,2,"Xal'atath's Bargain: Ascendant, Fortified, Challenger's Peril, Tyrannical",三逼八改,Shaman,Elemental,dps,Demon Fall Canyon
80,345.1,303626370,11,Mists of Tirna Scithe,2024-10-29T11:06:00.000Z,1381990,1890999,2,"Xal'atath's Bargain: Ascendant, Fortified, Challenger's Peril, Tyrannical",雪貓甜滋滋,Paladin,Retribution,dps,Light's Hope
80,345.1,303626370,11,Mists of Tirna Scithe,2024-10-29T11:06:00.000Z,1381990,1890999,2,"Xal'atath's Bargain: Ascendant, Fortified, Challenger's Peril, Tyrannical",演員,Paladin,Retribution,dps,Skywall
80,345.1,303626370,11,Mists of Tirna Scithe,2024-10-29T11:06:00.000Z,1381990,1890999,2,"Xal'atath's Bargain: Ascendant, Fortified, Challenger's Peril, Tyrannical",Mooggu,Evoker,Preservation,healer,Skywall
80,345.1,303626370,11,Mists of Tirna Scithe,2024-10-29T11:06:00.000Z,1381990,1890999,2,"Xal'atath's Bargain: Ascendant, Fortified, Challenger's Peril, Tyrannical",布丁不咘叮,Warrior,Protection,tank,Skywall
81,345.1,302709689,11,Mists of Tirna Scithe,2024-10-25T15:59:09.000Z,1382227,1890999,2,"Xal'atath's Bargain: Ascendant, Fortified, Challenger's Peril, Tyrannical",嗯哼小丑,Mage,Arcane,dps,Bleeding Hollow
81,345.1,302709689,11,Mists of Tirna Scithe,2024-10-25T15:59:09.000Z,1382227,1890999,2,"Xal'atath's Bargain: Ascendant, Fortified, Challenger's Peril, Tyrannical",明天再來,Demon Hunter,Vengeance,tank,Nightsong
81,345.1,302709689,11,Mists of Tirna Scithe,2024-10-25T15:59:09.000Z,1382227,1890999,2,"Xal'atath's Bargain: Ascendant, Fortified, Challenger's Peril, Tyrannical",小兲蛋,Death Knight,Frost,dps,Bleeding Hollow
81,345.1,302709689,11,Mists of Tirna Scithe,2024-10-25T15:59:09.000Z,1382227,1890999,2,"Xal'atath's Bargain: Ascendant, Fortified, Challenger's Peril, Tyrannical",吃飽太閑,Shaman,Restoration,healer,Frostmane
81,345.1,302709689,11,Mists of Tirna Scithe,2024-10-25T15:59:09.000Z,1382227,1890999,2,"Xal'atath's Bargain: Ascendant, Fortified, Challenger's Peril, Tyrannical",Rweq,Hunter,Survival,dps,Arthas
82,345.1,307162644,11,Mists of Tirna Scithe,2024-11-14T14:49:21.000Z,1382355,1890999,2,"Xal'atath's Bargain: Ascendant, Tyrannical, Challenger's Peril, Fortified",北投聖徒,Paladin,Retribution,dps,Bleeding Hollow
82,345.1,307162644,11,Mists of Tirna Scithe,2024-11-14T14:49:21.000Z,1382355,1890999,2,"Xal'atath's Bargain: Ascendant, Tyrannical, Challenger's Peril, Fortified",Darthxonuaty,Demon Hunter,Havoc,dps,Frostmane
82,345.1,307162644,11,Mists of Tirna Scithe,2024-11-14T14:49:21.000Z,1382355,1890999,2,"Xal'atath's Bargain: Ascendant, Tyrannical, Challenger's Peril, Fortified",Tengae,Hunter,Beast Mastery,dps,Bleeding Hollow
82,345.1,307162644,11,Mists of Tirna Scithe,2024-11-14T14:49:21.000Z,1382355,1890999,2,"Xal'atath's Bargain: Ascendant, Tyrannical, Challenger's Peril, Fortified",新台,Priest,Discipline,healer,Bleeding Hollow
82,345.1,307162644,11,Mists of Tirna Scithe,2024-11-14T14:49:21.000Z,1382355,1890999,2,"Xal'atath's Bargain: Ascendant, Tyrannical, Challenger's Peril, Fortified",牛頭韋,Paladin,Protection,tank,Dragonmaw
83,345.1,307715081,11,Mists of Tirna Scithe,2024-11-17T12:34:02.000Z,1382379,1890999,2,"Xal'atath's Bargain: Ascendant, Tyrannical, Challenger's Peril, Fortified",Aishidelu,Mage,Frost,dps,Arygos
83,345.1,307715081,11,Mists of Tirna Scithe,2024-11-17T12:34:02.000Z,1382379,1890999,2,"Xal'atath's Bargain: Ascendant, Tyrannical, Challenger's Peril, Fortified",熊熊醬,Paladin,Retribution,dps,Nightsong
83,345.1,307715081,11,Mists of Tirna Scithe,2024-11-17T12:34:02.000Z,1382379,1890999,2,"Xal'atath's Bargain: Ascendant, Tyrannical, Challenger's Peril, Fortified",阿達,Rogue,Assassination,dps,Menethil
83,345.1,307715081,11,Mists of Tirna Scithe,2024-11-17T12:34:02.000Z,1382379,1890999,2,"Xal'atath's Bargain: Ascendant, Tyrannical, Challenger's Peril, Fortified",奈思兔咪啾,Shaman,Restoration,healer,Light's Hope
83,345.1,307715081,11,Mists of Tirna Scithe,2024-11-17T12:34:02.000Z,1382379,1890999,2,"Xal'atath's Bargain: Ascendant, Tyrannical, Challenger's Peril, Fortified",太屌鳥,Paladin,Protection,tank,Shadowmoon
84,345.1,302640665,11,Mists of Tirna Scithe,2024-10-25T09:23:10.000Z,1383790,1890999,2,"Xal'atath's Bargain: Ascendant, Fortified, Challenger's Peril, Tyrannical",進化傻滿,Shaman,Restoration,healer,Spirestone
84,345.1,302640665,11,Mists of Tirna Scithe,2024-10-25T09:23:10.000Z,1383790,1890999,2,"Xal'atath's Bargain: Ascendant, Fortified, Challenger's Peril, Tyrannical",百步鳩谷,Demon Hunter,Havoc,dps,Light's Hope
84,345.1,302640665,11,Mists of Tirna Scithe,2024-10-25T09:23:10.000Z,1383790,1890999,2,"Xal'atath's Bargain: Ascendant, Fortified, Challenger's Peril, Tyrannical",Yyme,Warrior,Protection,tank,Sundown Marsh
84,345.1,302640665,11,Mists of Tirna Scithe,2024-10-25T09:23:10.000Z,1383790,1890999,2,"Xal'atath's Bargain: Ascendant, Fortified, Challenger's Peril, Tyrannical",Jqlove,Mage,Arcane,dps,Wrathbringer
84,345.1,302640665,11,Mists of Tirna Scithe,2024-10-25T09:23:10.000Z,1383790,1890999,2,"Xal'atath's Bargain: Ascendant, Fortified, Challenger's Peril, Tyrannical",Luxis,Death Knight,Unholy,dps,Shadowmoon
85,345.1,302696157,11,Mists of Tirna Scithe,2024-10-25T17:46:57.000Z,1383865,1890999,2,"Xal'atath's Bargain: Ascendant, Fortified, Challenger's Peril, Tyrannical",Leii,Rogue,Assassination,dps,Arygos
85,345.1,302696157,11,Mists of Tirna Scithe,2024-10-25T17:46:57.000Z,1383865,1890999,2,"Xal'atath's Bargain: Ascendant, Fortified, Challenger's Peril, Tyrannical",天氣姐姐,Mage,Frost,dps,Sundown Marsh
85,345.1,302696157,11,Mists of Tirna Scithe,2024-10-25T17:46:57.000Z,1383865,1890999,2,"Xal'atath's Bargain: Ascendant, Fortified, Challenger's Peril, Tyrannical",Hereweare,Demon Hunter,Vengeance,tank,Zealot Blade
85,345.1,302696157,11,Mists of Tirna Scithe,2024-10-25T17:46:57.000Z,1383865,1890999,2,"Xal'atath's Bargain: Ascendant, Fortified, Challenger's Peril, Tyrannical",Magma,Shaman,Restoration,healer,Sundown Marsh
85,345.1,302696157,11,Mists of Tirna Scithe,2024-10-25T17:46:57.000Z,1383865,1890999,2,"Xal'atath's Bargain: Ascendant, Fortified, Challenger's Peril, Tyrannical",老子就是可愛,Death Knight,Frost,dps,Frostmane
86,345.1,303668424,11,Mists of Tirna Scithe,2024-10-29T17:41:35.000Z,1384102,1890999,2,"Xal'atath's Bargain: Ascendant, Fortified, Challenger's Peril, Tyrannical",二林,Evoker,Augmentation,dps,Zealot Blade
86,345.1,303668424,11,Mists of Tirna Scithe,2024-10-29T17:41:35.000Z,1384102,1890999,2,"Xal'atath's Bargain: Ascendant, Fortified, Challenger's Peril, Tyrannical",農姬,Paladin,Holy,healer,Arygos
86,345.1,303668424,11,Mists of Tirna Scithe,2024-10-29T17:41:35.000Z,1384102,1890999,2,"Xal'atath's Bargain: Ascendant, Fortified, Challenger's Peril, Tyrannical",肆甜小娟,Shaman,Elemental,dps,Sundown Marsh
86,345.1,303668424,11,Mists of Tirna Scithe,2024-10-29T17:41:35.000Z,1384102,1890999,2,"Xal'atath's Bargain: Ascendant, Fortified, Challenger's Peril, Tyrannical",苦命阿勞,Shaman,Enhancement,dps,Quel'dorei
86,345.1,303668424,11,Mists of Tirna Scithe,2024-10-29T17:41:35.000Z,1384102,1890999,2,"Xal'atath's Bargain: Ascendant, Fortified, Challenger's Peril, Tyrannical",萬神論劍,Warrior,Protection,tank,Arygos
87,345,307170598,11,Mists of Tirna Scithe,2024-11-14T15:56:21.000Z,1387608,1890999,2,"Xal'atath's Bargain: Ascendant, Tyrannical, Challenger's Peril, Fortified",牛酥蹄,Druid,Balance,dps,Wrathbringer
87,345,307170598,11,Mists of Tirna Scithe,2024-11-14T15:56:21.000Z,1387608,1890999,2,"Xal'atath's Bargain: Ascendant, Tyrannical, Challenger's Peril, Fortified",維尼跳跳熊,Monk,Brewmaster,tank,Wrathbringer
87,345,307170598,11,Mists of Tirna Scithe,2024-11-14T15:56:21.000Z,1387608,1890999,2,"Xal'atath's Bargain: Ascendant, Tyrannical, Challenger's Peril, Fortified",Avonrepus,Paladin,Retribution,dps,Crystalpine Stinger
87,345,307170598,11,Mists of Tirna Scithe,2024-11-14T15:56:21.000Z,1387608,1890999,2,"Xal'atath's Bargain: Ascendant, Tyrannical, Challenger's Peril, Fortified",我為逝者哀哭,Warlock,Destruction,dps,Crystalpine Stinger
87,345,307170598,11,Mists of Tirna Scithe,2024-11-14T15:56:21.000Z,1387608,1890999,2,"Xal'atath's Bargain: Ascendant, Tyrannical, Challenger's Peril, Fortified",噴射麥,Evoker,Preservation,healer,Wrathbringer
88,345,303226334,11,Mists of Tirna Scithe,2024-10-27T17:09:18.000Z,1387796,1890999,2,"Xal'atath's Bargain: Ascendant, Fortified, Challenger's Peril, Tyrannical",菇阿桃,Paladin,Retribution,dps,Crystalpine Stinger
88,345,303226334,11,Mists of Tirna Scithe,2024-10-27T17:09:18.000Z,1387796,1890999,2,"Xal'atath's Bargain: Ascendant, Fortified, Challenger's Peril, Tyrannical",比比丷,Demon Hunter,Vengeance,tank,Sundown Marsh
88,345,303226334,11,Mists of Tirna Scithe,2024-10-27T17:09:18.000Z,1387796,1890999,2,"Xal'atath's Bargain: Ascendant, Fortified, Challenger's Peril, Tyrannical",小春日,Mage,Frost,dps,Sundown Marsh
88,345,303226334,11,Mists of Tirna Scithe,2024-10-27T17:09:18.000Z,1387796,1890999,2,"Xal'atath's Bargain: Ascendant, Fortified, Challenger's Peril, Tyrannical",天天自然醒,Shaman,Restoration,healer,Sundown Marsh
88,345,303226334,11,Mists of Tirna Scithe,2024-10-27T17:09:18.000Z,1387796,1890999,2,"Xal'atath's Bargain: Ascendant, Fortified, Challenger's Peril, Tyrannical",Lalarsha,Shaman,Elemental,dps,Shadowmoon
89,344.9,307759592,11,Mists of Tirna Scithe,2024-11-17T17:33:55.000Z,1391096,1890999,2,"Xal'atath's Bargain: Ascendant, Tyrannical, Challenger's Peril, Fortified",薛諾,Death Knight,Frost,dps,Shadowmoon
89,344.9,307759592,11,Mists of Tirna Scithe,2024-11-17T17:33:55.000Z,1391096,1890999,2,"Xal'atath's Bargain: Ascendant, Tyrannical, Challenger's Peril, Fortified",月下亮爪子,Druid,Restoration,healer,Whisperwind
89,344.9,307759592,11,Mists of Tirna Scithe,2024-11-17T17:33:55.000Z,1391096,1890999,2,"Xal'atath's Bargain: Ascendant, Tyrannical, Challenger's Peril, Fortified",冰妞妞,Hunter,Beast Mastery,dps,Demon Fall Canyon
89,344.9,307759592,11,Mists of Tirna Scithe,2024-11-17T17:33:55.000Z,1391096,1890999,2,"Xal'atath's Bargain: Ascendant, Tyrannical, Challenger's Peril, Fortified",Biguo,Warlock,Destruction,dps,Shadowmoon
89,344.9,307759592,11,Mists of Tirna Scithe,2024-11-17T17:33:55.000Z,1391096,1890999,2,"Xal'atath's Bargain: Ascendant, Tyrannical, Challenger's Peril, Fortified",這碗面,Warrior,Protection,tank,Whisperwind
90,344.9,307510511,11,Mists of Tirna Scithe,2024-11-16T14:42:16.000Z,1391122,1890999,2,"Xal'atath's Bargain: Ascendant, Tyrannical, Challenger's Peril, Fortified",高山我流,Demon Hunter,Vengeance,tank,Shadowmoon
90,344.9,307510511,11,Mists of Tirna Scithe,2024-11-16T14:42:16.000Z,1391122,1890999,2,"Xal'atath's Bargain: Ascendant, Tyrannical, Challenger's Peril, Fortified",Elcondorpasa,Shaman,Enhancement,dps,Nightsong
90,344.9,307510511,11,Mists of Tirna Scithe,2024-11-16T14:42:16.000Z,1391122,1890999,2,"Xal'atath's Bargain: Ascendant, Tyrannical, Challenger's Peril, Fortified",快樂皮皮牛,Paladin,Retribution,dps,Shadowmoon
90,344.9,307510511,11,Mists of Tirna Scithe,2024-11-16T14:42:16.000Z,1391122,1890999,2,"Xal'atath's Bargain: Ascendant, Tyrannical, Challenger's Peril, Fortified",六道皆幻,Death Knight,Frost,dps,Shadowmoon
90,344.9,307510511,11,Mists of Tirna Scithe,2024-11-16T14:42:16.000Z,1391122,1890999,2,"Xal'atath's Bargain: Ascendant, Tyrannical, Challenger's Peril, Fortified",Xxzxf,Shaman,Restoration,healer,Bleeding Hollow
91,344.9,307698918,11,Mists of Tirna Scithe,2024-11-17T11:39:24.000Z,1392331,1890999,2,"Xal'atath's Bargain: Ascendant, Tyrannical, Challenger's Peril, Fortified",名稱真難,Demon Hunter,Havoc,dps,Zealot Blade
91,344.9,307698918,11,Mists of Tirna Scithe,2024-11-17T11:39:24.000Z,1392331,1890999,2,"Xal'atath's Bargain: Ascendant, Tyrannical, Challenger's Peril, Fortified",在天一方,Rogue,Outlaw,dps,Shadowmoon
91,344.9,307698918,11,Mists of Tirna Scithe,2024-11-17T11:39:24.000Z,1392331,1890999,2,"Xal'atath's Bargain: Ascendant, Tyrannical, Challenger's Peril, Fortified",咩羋咩,Shaman,Restoration,healer,Nightsong
91,344.9,307698918,11,Mists of Tirna Scithe,2024-11-17T11:39:24.000Z,1392331,1890999,2,"Xal'atath's Bargain: Ascendant, Tyrannical, Challenger's Peril, Fortified",疾祈快怪,Monk,Brewmaster,tank,Frostmane
91,344.9,307698918,11,Mists of Tirna Scithe,2024-11-17T11:39:24.000Z,1392331,1890999,2,"Xal'atath's Bargain: Ascendant, Tyrannical, Challenger's Peril, Fortified",北大路妹,Death Knight,Frost,dps,Chillwind Point
92,344.9,307312603,11,Mists of Tirna Scithe,2024-11-15T14:07:02.000Z,1392524,1890999,2,"Xal'atath's Bargain: Ascendant, Tyrannical, Challenger's Peril, Fortified",Vegaga,Mage,Frost,dps,Frostmane
92,344.9,307312603,11,Mists of Tirna Scithe,2024-11-15T14:07:02.000Z,1392524,1890999,2,"Xal'atath's Bargain: Ascendant, Tyrannical, Challenger's Peril, Fortified",熊喵人,Shaman,Enhancement,dps,Arthas
92,344.9,307312603,11,Mists of Tirna Scithe,2024-11-15T14:07:02.000Z,1392524,1890999,2,"Xal'atath's Bargain: Ascendant, Tyrannical, Challenger's Peril, Fortified",贈送飲品一杯,Druid,Balance,dps,Hellscream
92,344.9,307312603,11,Mists of Tirna Scithe,2024-11-15T14:07:02.000Z,1392524,1890999,2,"Xal'atath's Bargain: Ascendant, Tyrannical, Challenger's Peril, Fortified",Nyx,Priest,Discipline,healer,Frostmane
92,344.9,307312603,11,Mists of Tirna Scithe,2024-11-15T14:07:02.000Z,1392524,1890999,2,"Xal'atath's Bargain: Ascendant, Tyrannical, Challenger's Peril, Fortified",胖熊君,Druid,Guardian,tank,Chillwind Point
93,344.9,302874707,11,Mists of Tirna Scithe,2024-10-26T07:52:56.000Z,1393075,1890999,2,"Xal'atath's Bargain: Ascendant, Fortified, Challenger's Peril, Tyrannical",神之名,Paladin,Holy,healer,Hellscream
93,344.9,302874707,11,Mists of Tirna Scithe,2024-10-26T07:52:56.000Z,1393075,1890999,2,"Xal'atath's Bargain: Ascendant, Fortified, Challenger's Peril, Tyrannical",歐麥修,Mage,Frost,dps,Wrathbringer
93,344.9,302874707,11,Mists of Tirna Scithe,2024-10-26T07:52:56.000Z,1393075,1890999,2,"Xal'atath's Bargain: Ascendant, Fortified, Challenger's Peril, Tyrannical",桑葉,Paladin,Retribution,dps,Quel'dorei
93,344.9,302874707,11,Mists of Tirna Scithe,2024-10-26T07:52:56.000Z,1393075,1890999,2,"Xal'atath's Bargain: Ascendant, Fortified, Challenger's Peril, Tyrannical",米利昂,Monk,Brewmaster,tank,Icecrown
93,344.9,302874707,11,Mists of Tirna Scithe,2024-10-26T07:52:56.000Z,1393075,1890999,2,"Xal'atath's Bargain: Ascendant, Fortified, Challenger's Peril, Tyrannical",踏山河啊杰,Hunter,Marksmanship,dps,Shadowmoon
94,344.9,220676637,11,Mists of Tirna Scithe,2024-11-19T14:44:30.000Z,1393297,1890999,2,"Xal'atath's Bargain: Ascendant, Tyrannical, Challenger's Peril, Fortified",雪羽嵐,Shaman,Restoration,healer,Shadowmoon
94,344.9,220676637,11,Mists of Tirna Scithe,2024-11-19T14:44:30.000Z,1393297,1890999,2,"Xal'atath's Bargain: Ascendant, Tyrannical, Challenger's Peril, Fortified",別哭泣,Warlock,Demonology,dps,Hellscream
94,344.9,220676637,11,Mists of Tirna Scithe,2024-11-19T14:44:30.000Z,1393297,1890999,2,"Xal'atath's Bargain: Ascendant, Tyrannical, Challenger's Peril, Fortified",旂恪,Hunter,Survival,dps,Shadowmoon
94,344.9,220676637,11,Mists of Tirna Scithe,2024-11-19T14:44:30.000Z,1393297,1890999,2,"Xal'atath's Bargain: Ascendant, Tyrannical, Challenger's Peril, Fortified",瘋狂芒果冰,Druid,Guardian,tank,Hellscream
94,344.9,220676637,11,Mists of Tirna Scithe,2024-11-19T14:44:30.000Z,1393297,1890999,2,"Xal'atath's Bargain: Ascendant, Tyrannical, Challenger's Peril, Fortified",Soro,Evoker,Augmentation,dps,Whisperwind
95,344.9,302950872,11,Mists of Tirna Scithe,2024-10-26T15:47:36.000Z,1393834,1890999,2,"Xal'atath's Bargain: Ascendant, Fortified, Challenger's Peril, Tyrannical",香乂穗,Shaman,Restoration,healer,Shadowmoon
95,344.9,302950872,11,Mists of Tirna Scithe,2024-10-26T15:47:36.000Z,1393834,1890999,2,"Xal'atath's Bargain: Ascendant, Fortified, Challenger's Peril, Tyrannical",小安熊鶴,Druid,Guardian,tank,Arygos
95,344.9,302950872,11,Mists of Tirna Scithe,2024-10-26T15:47:36.000Z,1393834,1890999,2,"Xal'atath's Bargain: Ascendant, Fortified, Challenger's Peril, Tyrannical",巴拉達許,Paladin,Retribution,dps,Skywall
95,344.9,302950872,11,Mists of Tirna Scithe,2024-10-26T15:47:36.000Z,1393834,1890999,2,"Xal'atath's Bargain: Ascendant, Fortified, Challenger's Peril, Tyrannical",改弱他改弱你,Mage,Frost,dps,Sundown Marsh
95,344.9,302950872,11,Mists of Tirna Scithe,2024-10-26T15:47:36.000Z,1393834,1890999,2,"Xal'atath's Bargain: Ascendant, Fortified, Challenger's Peril, Tyrannical",滅寂凋零,Death Knight,Frost,dps,Sundown Marsh
96,344.8,307470169,11,Mists of Tirna Scithe,2024-11-16T08:13:25.000Z,1394994,1890999,2,"Xal'atath's Bargain: Ascendant, Tyrannical, Challenger's Peril, Fortified",香蕉果凍,Rogue,Outlaw,dps,Whisperwind
96,344.8,307470169,11,Mists of Tirna Scithe,2024-11-16T08:13:25.000Z,1394994,1890999,2,"Xal'atath's Bargain: Ascendant, Tyrannical, Challenger's Peril, Fortified",Skullcookie,Hunter,Survival,dps,Bleeding Hollow
96,344.8,307470169,11,Mists of Tirna Scithe,2024-11-16T08:13:25.000Z,1394994,1890999,2,"Xal'atath's Bargain: Ascendant, Tyrannical, Challenger's Peril, Fortified",小星,Shaman,Restoration,healer,Quel'dorei
96,344.8,307470169,11,Mists of Tirna Scithe,2024-11-16T08:13:25.000Z,1394994,1890999,2,"Xal'atath's Bargain: Ascendant, Tyrannical, Challenger's Peril, Fortified",桑葉,Paladin,Retribution,dps,Quel'dorei
96,344.8,307470169,11,Mists of Tirna Scithe,2024-11-16T08:13:25.000Z,1394994,1890999,2,"Xal'atath's Bargain: Ascendant, Tyrannical, Challenger's Peril, Fortified",我愛冬天約會,Paladin,Protection,tank,Crystalpine Stinger
97,344.8,307140371,11,Mists of Tirna Scithe,2024-11-14T10:47:53.000Z,1395086,1890999,2,"Xal'atath's Bargain: Ascendant, Tyrannical, Challenger's Peril, Fortified",小寶妮,Paladin,Protection,tank,Nightsong
97,344.8,307140371,11,Mists of Tirna Scithe,2024-11-14T10:47:53.000Z,1395086,1890999,2,"Xal'atath's Bargain: Ascendant, Tyrannical, Challenger's Peril, Fortified",小語漾,Monk,Mistweaver,healer,Nightsong
97,344.8,307140371,11,Mists of Tirna Scithe,2024-11-14T10:47:53.000Z,1395086,1890999,2,"Xal'atath's Bargain: Ascendant, Tyrannical, Challenger's Peril, Fortified",哈驀,Warlock,Demonology,dps,Nightsong
97,344.8,307140371,11,Mists of Tirna Scithe,2024-11-14T10:47:53.000Z,1395086,1890999,2,"Xal'atath's Bargain: Ascendant, Tyrannical, Challenger's Peril, Fortified",颯拉諾斯,Demon Hunter,Havoc,dps,Nightsong
97,344.8,307140371,11,Mists of Tirna Scithe,2024-11-14T10:47:53.000Z,1395086,1890999,2,"Xal'atath's Bargain: Ascendant, Tyrannical, Challenger's Peril, Fortified",獅子牡丹,Death Knight,Unholy,dps,Bleeding Hollow
98,344.8,303854317,11,Mists of Tirna Scithe,2024-10-30T15:36:25.000Z,1395557,1890999,2,"Xal'atath's Bargain: Ascendant, Fortified, Challenger's Peril, Tyrannical",大奶歐巴-22361300,Shaman,Enhancement,dps,Shadowmoon
98,344.8,303854317,11,Mists of Tirna Scithe,2024-10-30T15:36:25.000Z,1395557,1890999,2,"Xal'atath's Bargain: Ascendant, Fortified, Challenger's Peril, Tyrannical",Kralgin,Shaman,Restoration,healer,Whisperwind
98,344.8,303854317,11,Mists of Tirna Scithe,2024-10-30T15:36:25.000Z,1395557,1890999,2,"Xal'atath's Bargain: Ascendant, Fortified, Challenger's Peril, Tyrannical",發霉的鯛魚燒,Death Knight,Frost,dps,Shadowmoon
98,344.8,303854317,11,Mists of Tirna Scithe,2024-10-30T15:36:25.000Z,1395557,1890999,2,"Xal'atath's Bargain: Ascendant, Fortified, Challenger's Peril, Tyrannical",再一次迷失,Warrior,Protection,tank,Silverwing Hold
98,344.8,303854317,11,Mists of Tirna Scithe,2024-10-30T15:36:25.000Z,1395557,1890999,2,"Xal'atath's Bargain: Ascendant, Fortified, Challenger's Peril, Tyrannical",世惡根源-230164905,Rogue,Assassination,dps,Sundown Marsh
99,344.8,307459686,11,Mists of Tirna Scithe,2024-11-16T06:42:14.000Z,1395929,1890999,2,"Xal'atath's Bargain: Ascendant, Tyrannical, Challenger's Peril, Fortified",落雪聖光,Paladin,Retribution,dps,Crystalpine Stinger
99,344.8,307459686,11,Mists of Tirna Scithe,2024-11-16T06:42:14.000Z,1395929,1890999,2,"Xal'atath's Bargain: Ascendant, Tyrannical, Challenger's Peril, Fortified",陌刀與玫瑰,Druid,Guardian,tank,Crystalpine Stinger
99,344.8,307459686,11,Mists of Tirna Scithe,2024-11-16T06:42:14.000Z,1395929,1890999,2,"Xal'atath's Bargain: Ascendant, Tyrannical, Challenger's Peril, Fortified",灬煩嘟嘟灬,Paladin,Retribution,dps,Skywall
99,344.8,307459686,11,Mists of Tirna Scithe,2024-11-16T06:42:14.000Z,1395929,1890999,2,"Xal'atath's Bargain: Ascendant, Tyrannical, Challenger's Peril, Fortified",踏山河啊杰,Hunter,Marksmanship,dps,Shadowmoon
99,344.8,307459686,11,Mists of Tirna Scithe,2024-11-16T06:42:14.000Z,1395929,1890999,2,"Xal'atath's Bargain: Ascendant, Tyrannical, Challenger's Peril, Fortified",Noahheal,Shaman,Restoration,healer,Arthas
100,344.8,302905938,11,Mists of Tirna Scithe,2024-10-26T09:13:41.000Z,1397640,1890999,2,"Xal'atath's Bargain: Ascendant, Fortified, Challenger's Peril, Tyrannical",吃飽沒,Mage,Arcane,dps,Wrathbringer
100,344.8,302905938,11,Mists of Tirna Scithe,2024-10-26T09:13:41.000Z,1397640,1890999,2,"Xal'atath's Bargain: Ascendant, Fortified, Challenger's Peril, Tyrannical",宅鳥威,Druid,Balance,dps,Wrathbringer
100,344.8,302905938,11,Mists of Tirna Scithe,2024-10-26T09:13:41.000Z,1397640,1890999,2,"Xal'atath's Bargain: Ascendant, Fortified, Challenger's Peril, Tyrannical",Minjeong,Warrior,Protection,tank,Wrathbringer
100,344.8,302905938,11,Mists of Tirna Scithe,2024-10-26T09:13:41.000Z,1397640,1890999,2,"Xal'atath's Bargain: Ascendant, Fortified, Challenger's Peril, Tyrannical",櫻井龍綺,Evoker,Devastation,dps,Shadowmoon
100,344.8,302905938,11,Mists of Tirna Scithe,2024-10-26T09:13:41.000Z,1397640,1890999,2,"Xal'atath's Bargain: Ascendant, Fortified, Challenger's Peril, Tyrannical",二隊薩滿,Evoker,Preservation,healer,Demon Fall Canyon
101,344.7,307931662,11,Mists of Tirna Scithe,2024-11-18T17:15:23.000Z,1399898,1890999,2,"Xal'atath's Bargain: Ascendant, Tyrannical, Challenger's Peril, Fortified",撒小術,Warlock,Demonology,dps,Stormscale
101,344.7,307931662,11,Mists of Tirna Scithe,2024-11-18T17:15:23.000Z,1399898,1890999,2,"Xal'atath's Bargain: Ascendant, Tyrannical, Challenger's Peril, Fortified",哈茲卡析,Warlock,Demonology,dps,Nightsong
101,344.7,307931662,11,Mists of Tirna Scithe,2024-11-18T17:15:23.000Z,1399898,1890999,2,"Xal'atath's Bargain: Ascendant, Tyrannical, Challenger's Peril, Fortified",Pong,Paladin,Protection,tank,Stormscale
101,344.7,307931662,11,Mists of Tirna Scithe,2024-11-18T17:15:23.000Z,1399898,1890999,2,"Xal'atath's Bargain: Ascendant, Tyrannical, Challenger's Peril, Fortified",恐懼圖騰,Shaman,Enhancement,dps,Stormscale
101,344.7,307931662,11,Mists of Tirna Scithe,2024-11-18T17:15:23.000Z,1399898,1890999,2,"Xal'atath's Bargain: Ascendant, Tyrannical, Challenger's Peril, Fortified",湫風,Priest,Discipline,healer,Stormscale
102,344.7,302697688,11,Mists of Tirna Scithe,2024-10-25T18:06:35.000Z,1401117,1890999,2,"Xal'atath's Bargain: Ascendant, Fortified, Challenger's Peril, Tyrannical",蒼暗寒霜,Death Knight,Unholy,dps,Shadowmoon
102,344.7,302697688,11,Mists of Tirna Scithe,2024-10-25T18:06:35.000Z,1401117,1890999,2,"Xal'atath's Bargain: Ascendant, Fortified, Challenger's Peril, Tyrannical",愛吃貓的魚,Death Knight,Frost,dps,Skywall
102,344.7,302697688,11,Mists of Tirna Scithe,2024-10-25T18:06:35.000Z,1401117,1890999,2,"Xal'atath's Bargain: Ascendant, Fortified, Challenger's Peril, Tyrannical",緋焰,Mage,Frost,dps,Whisperwind
102,344.7,302697688,11,Mists of Tirna Scithe,2024-10-25T18:06:35.000Z,1401117,1890999,2,"Xal'atath's Bargain: Ascendant, Fortified, Challenger's Peril, Tyrannical",Babapriest,Priest,Discipline,healer,Dragonmaw
102,344.7,302697688,11,Mists of Tirna Scithe,2024-10-25T18:06:35.000Z,1401117,1890999,2,"Xal'atath's Bargain: Ascendant, Fortified, Challenger's Peril, Tyrannical",犬月月,Druid,Guardian,tank,Chillwind Point
103,344.7,307326529,11,Mists of Tirna Scithe,2024-11-15T16:21:38.000Z,1402373,1890999,2,"Xal'atath's Bargain: Ascendant, Tyrannical, Challenger's Peril, Fortified",夏墨,Demon Hunter,Vengeance,tank,Skywall
103,344.7,307326529,11,Mists of Tirna Scithe,2024-11-15T16:21:38.000Z,1402373,1890999,2,"Xal'atath's Bargain: Ascendant, Tyrannical, Challenger's Peril, Fortified",雪花小喵喵,Death Knight,Frost,dps,Chillwind Point
103,344.7,307326529,11,Mists of Tirna Scithe,2024-11-15T16:21:38.000Z,1402373,1890999,2,"Xal'atath's Bargain: Ascendant, Tyrannical, Challenger's Peril, Fortified",蛤換我打宿儺,Paladin,Retribution,dps,Hellscream
103,344.7,307326529,11,Mists of Tirna Scithe,2024-11-15T16:21:38.000Z,1402373,1890999,2,"Xal'atath's Bargain: Ascendant, Tyrannical, Challenger's Peril, Fortified",姬騎安潔莉卡,Paladin,Retribution,dps,Wrathbringer
103,344.7,307326529,11,Mists of Tirna Scithe,2024-11-15T16:21:38.000Z,1402373,1890999,2,"Xal'atath's Bargain: Ascendant, Tyrannical, Challenger's Peril, Fortified",Woohankyung,Shaman,Restoration,healer,Quel'dorei
104,344.7,307358703,11,Mists of Tirna Scithe,2024-11-15T20:00:19.000Z,1402979,1890999,2,"Xal'atath's Bargain: Ascendant, Tyrannical, Challenger's Peril, Fortified",一成,Hunter,Beast Mastery,dps,Silverwing Hold
104,344.7,307358703,11,Mists of Tirna Scithe,2024-11-15T20:00:19.000Z,1402979,1890999,2,"Xal'atath's Bargain: Ascendant, Tyrannical, Challenger's Peril, Fortified",坎帕雷拉,Paladin,Retribution,dps,Sundown Marsh
104,344.7,307358703,11,Mists of Tirna Scithe,2024-11-15T20:00:19.000Z,1402979,1890999,2,"Xal'atath's Bargain: Ascendant, Tyrannical, Challenger's Peril, Fortified",奧利多女狼,Shaman,Restoration,healer,Demon Fall Canyon
104,344.7,307358703,11,Mists of Tirna Scithe,2024-11-15T20:00:19.000Z,1402979,1890999,2,"Xal'atath's Bargain: Ascendant, Tyrannical, Challenger's Peril, Fortified",彗星誼,Warlock,Demonology,dps,Sundown Marsh
104,344.7,307358703,11,Mists of Tirna Scithe,2024-11-15T20:00:19.000Z,1402979,1890999,2,"Xal'atath's Bargain: Ascendant, Tyrannical, Challenger's Peril, Fortified",Doubletop,Warrior,Protection,tank,Sundown Marsh
105,344.7,302492945,11,Mists of Tirna Scithe,2024-10-24T15:01:19.000Z,1403721,1890999,2,"Xal'atath's Bargain: Ascendant, Fortified, Challenger's Peril, Tyrannical",公公一號,Druid,Balance,dps,Spirestone
105,344.7,302492945,11,Mists of Tirna Scithe,2024-10-24T15:01:19.000Z,1403721,1890999,2,"Xal'atath's Bargain: Ascendant, Fortified, Challenger's Peril, Tyrannical",杏花微雨,Priest,Holy,healer,Demon Fall Canyon
105,344.7,302492945,11,Mists of Tirna Scithe,2024-10-24T15:01:19.000Z,1403721,1890999,2,"Xal'atath's Bargain: Ascendant, Fortified, Challenger's Peril, Tyrannical",血雨探花,Death Knight,Blood,tank,Demon Fall Canyon
105,344.7,302492945,11,Mists of Tirna Scithe,2024-10-24T15:01:19.000Z,1403721,1890999,2,"Xal'atath's Bargain: Ascendant, Fortified, Challenger's Peril, Tyrannical",我全家都矮人,Shaman,Elemental,dps,Frostmane
105,344.7,302492945,11,Mists of Tirna Scithe,2024-10-24T15:01:19.000Z,1403721,1890999,2,"Xal'atath's Bargain: Ascendant, Fortified, Challenger's Peril, Tyrannical",Rweq,Hunter,Survival,dps,Arthas
106,344.7,307290211,11,Mists of Tirna Scithe,2024-11-15T08:48:00.000Z,1404161,1890999,2,"Xal'atath's Bargain: Ascendant, Tyrannical, Challenger's Peril, Fortified",比讚會變身,Hunter,Marksmanship,dps,Shadowmoon
106,344.7,307290211,11,Mists of Tirna Scithe,2024-11-15T08:48:00.000Z,1404161,1890999,2,"Xal'atath's Bargain: Ascendant, Tyrannical, Challenger's Peril, Fortified",夏燕,Paladin,Retribution,dps,Quel'dorei
106,344.7,307290211,11,Mists of Tirna Scithe,2024-11-15T08:48:00.000Z,1404161,1890999,2,"Xal'atath's Bargain: Ascendant, Tyrannical, Challenger's Peril, Fortified",我的兔子聯盟,Shaman,Restoration,healer,Shadowmoon
106,344.7,307290211,11,Mists of Tirna Scithe,2024-11-15T08:48:00.000Z,1404161,1890999,2,"Xal'atath's Bargain: Ascendant, Tyrannical, Challenger's Peril, Fortified",Naoh,Paladin,Protection,tank,Skywall
106,344.7,307290211,11,Mists of Tirna Scithe,2024-11-15T08:48:00.000Z,1404161,1890999,2,"Xal'atath's Bargain: Ascendant, Tyrannical, Challenger's Peril, Fortified",撲街熊,Shaman,Elemental,dps,Shadowmoon
107,344.6,307699852,11,Mists of Tirna Scithe,2024-11-17T07:52:35.000Z,1405018,1890999,2,"Xal'atath's Bargain: Ascendant, Tyrannical, Challenger's Peril, Fortified",拾小九,Paladin,Holy,healer,Shadowmoon
107,344.6,307699852,11,Mists of Tirna Scithe,2024-11-17T07:52:35.000Z,1405018,1890999,2,"Xal'atath's Bargain: Ascendant, Tyrannical, Challenger's Peril, Fortified",羽毛被,Shaman,Enhancement,dps,Shadowmoon
107,344.6,307699852,11,Mists of Tirna Scithe,2024-11-17T07:52:35.000Z,1405018,1890999,2,"Xal'atath's Bargain: Ascendant, Tyrannical, Challenger's Peril, Fortified",戰狼天,Warrior,Protection,tank,Shadowmoon
107,344.6,307699852,11,Mists of Tirna Scithe,2024-11-17T07:52:35.000Z,1405018,1890999,2,"Xal'atath's Bargain: Ascendant, Tyrannical, Challenger's Peril, Fortified",風之聖域,Paladin,Retribution,dps,Whisperwind
107,344.6,307699852,11,Mists of Tirna Scithe,2024-11-17T07:52:35.000Z,1405018,1890999,2,"Xal'atath's Bargain: Ascendant, Tyrannical, Challenger's Peril, Fortified",櫻蓮糖,Paladin,Retribution,dps,Quel'dorei
108,344.6,302688549,11,Mists of Tirna Scithe,2024-10-25T16:05:33.000Z,1406109,1890999,2,"Xal'atath's Bargain: Ascendant, Fortified, Challenger's Peril, Tyrannical",卡希迪,Shaman,Restoration,healer,Shadowmoon
108,344.6,302688549,11,Mists of Tirna Scithe,2024-10-25T16:05:33.000Z,1406109,1890999,2,"Xal'atath's Bargain: Ascendant, Fortified, Challenger's Peril, Tyrannical",蒼天疾驅,Demon Hunter,Vengeance,tank,Bleeding Hollow
108,344.6,302688549,11,Mists of Tirna Scithe,2024-10-25T16:05:33.000Z,1406109,1890999,2,"Xal'atath's Bargain: Ascendant, Fortified, Challenger's Peril, Tyrannical",琰玥,Druid,Balance,dps,Crystalpine Stinger
108,344.6,302688549,11,Mists of Tirna Scithe,2024-10-25T16:05:33.000Z,1406109,1890999,2,"Xal'atath's Bargain: Ascendant, Fortified, Challenger's Peril, Tyrannical",饒狗汪汪叫,Paladin,Retribution,dps,Crystalpine Stinger
108,344.6,302688549,11,Mists of Tirna Scithe,2024-10-25T16:05:33.000Z,1406109,1890999,2,"Xal'atath's Bargain: Ascendant, Fortified, Challenger's Peril, Tyrannical",麻弟貓兒,Death Knight,Frost,dps,Bleeding Hollow
109,344.6,293175029,11,Mists of Tirna Scithe,2024-10-28T14:30:58.000Z,1406461,1890999,2,"Xal'atath's Bargain: Ascendant, Fortified, Challenger's Peril, Tyrannical",小秭命,Death Knight,Frost,dps,Wrathbringer
109,344.6,293175029,11,Mists of Tirna Scithe,2024-10-28T14:30:58.000Z,1406461,1890999,2,"Xal'atath's Bargain: Ascendant, Fortified, Challenger's Peril, Tyrannical",Eclair,Warrior,Fury,dps,Wrathbringer
109,344.6,293175029,11,Mists of Tirna Scithe,2024-10-28T14:30:58.000Z,1406461,1890999,2,"Xal'atath's Bargain: Ascendant, Fortified, Challenger's Peril, Tyrannical",右拳打開了天,Evoker,Devastation,dps,Wrathbringer
109,344.6,293175029,11,Mists of Tirna Scithe,2024-10-28T14:30:58.000Z,1406461,1890999,2,"Xal'atath's Bargain: Ascendant, Fortified, Challenger's Peril, Tyrannical",馬的法克怒風,Druid,Guardian,tank,Wrathbringer
109,344.6,293175029,11,Mists of Tirna Scithe,2024-10-28T14:30:58.000Z,1406461,1890999,2,"Xal'atath's Bargain: Ascendant, Fortified, Challenger's Peril, Tyrannical",不想要尾十,Shaman,Restoration,healer,Wrathbringer
110,344.6,307318779,11,Mists of Tirna Scithe,2024-11-15T14:16:05.000Z,1406624,1890999,2,"Xal'atath's Bargain: Ascendant, Tyrannical, Challenger's Peril, Fortified",阿蝦拉糯米,Paladin,Retribution,dps,Wrathbringer
110,344.6,307318779,11,Mists of Tirna Scithe,2024-11-15T14:16:05.000Z,1406624,1890999,2,"Xal'atath's Bargain: Ascendant, Tyrannical, Challenger's Peril, Fortified",Angeralastor,Demon Hunter,Vengeance,tank,Icecrown
110,344.6,307318779,11,Mists of Tirna Scithe,2024-11-15T14:16:05.000Z,1406624,1890999,2,"Xal'atath's Bargain: Ascendant, Tyrannical, Challenger's Peril, Fortified",眼底丶,Priest,Shadow,dps,Icecrown
110,344.6,307318779,11,Mists of Tirna Scithe,2024-11-15T14:16:05.000Z,1406624,1890999,2,"Xal'atath's Bargain: Ascendant, Tyrannical, Challenger's Peril, Fortified",風暴禿鼻鴉,Mage,Frost,dps,Crystalpine Stinger
110,344.6,307318779,11,Mists of Tirna Scithe,2024-11-15T14:16:05.000Z,1406624,1890999,2,"Xal'atath's Bargain: Ascendant, Tyrannical, Challenger's Peril, Fortified",Subwayqq,Monk,Mistweaver,healer,Sundown Marsh
111,344.6,308267345,11,Mists of Tirna Scithe,2024-11-20T12:08:11.000Z,1406680,1890999,2,"Xal'atath's Bargain: Ascendant, Tyrannical, Challenger's Peril, Fortified",Blackzone,Druid,Guardian,tank,Nightsong
111,344.6,308267345,11,Mists of Tirna Scithe,2024-11-20T12:08:11.000Z,1406680,1890999,2,"Xal'atath's Bargain: Ascendant, Tyrannical, Challenger's Peril, Fortified",Duolcretaw,Mage,Frost,dps,Arthas
111,344.6,308267345,11,Mists of Tirna Scithe,2024-11-20T12:08:11.000Z,1406680,1890999,2,"Xal'atath's Bargain: Ascendant, Tyrannical, Challenger's Peril, Fortified",花漾明星,Priest,Discipline,healer,Arthas
111,344.6,308267345,11,Mists of Tirna Scithe,2024-11-20T12:08:11.000Z,1406680,1890999,2,"Xal'atath's Bargain: Ascendant, Tyrannical, Challenger's Peril, Fortified",瞇人小奶投,Hunter,Survival,dps,Shadowmoon
111,344.6,308267345,11,Mists of Tirna Scithe,2024-11-20T12:08:11.000Z,1406680,1890999,2,"Xal'atath's Bargain: Ascendant, Tyrannical, Challenger's Peril, Fortified",Althea,Paladin,Retribution,dps,Arthas
112,344.6,303845910,11,Mists of Tirna Scithe,2024-10-30T14:37:20.000Z,1406876,1890999,2,"Xal'atath's Bargain: Ascendant, Fortified, Challenger's Peril, Tyrannical",魂忉,Demon Hunter,Havoc,dps,Demon Fall Canyon
112,344.6,303845910,11,Mists of Tirna Scithe,2024-10-30T14:37:20.000Z,1406876,1890999,2,"Xal'atath's Bargain: Ascendant, Fortified, Challenger's Peril, Tyrannical",Prinsloo,Druid,Restoration,healer,Demon Fall Canyon
112,344.6,303845910,11,Mists of Tirna Scithe,2024-10-30T14:37:20.000Z,1406876,1890999,2,"Xal'atath's Bargain: Ascendant, Fortified, Challenger's Peril, Tyrannical",Vellfire,Warrior,Protection,tank,Quel'dorei
112,344.6,303845910,11,Mists of Tirna Scithe,2024-10-30T14:37:20.000Z,1406876,1890999,2,"Xal'atath's Bargain: Ascendant, Fortified, Challenger's Peril, Tyrannical",灰色咕咕,Druid,Balance,dps,Sundown Marsh
112,344.6,303845910,11,Mists of Tirna Scithe,2024-10-30T14:37:20.000Z,1406876,1890999,2,"Xal'atath's Bargain: Ascendant, Fortified, Challenger's Peril, Tyrannical",龍殺者-176760716,Shaman,Enhancement,dps,Arthas
113,344.6,303194180,11,Mists of Tirna Scithe,2024-10-27T14:55:47.000Z,1407121,1890999,2,"Xal'atath's Bargain: Ascendant, Fortified, Challenger's Peril, Tyrannical",零零,Evoker,Preservation,healer,Shadowmoon
113,344.6,303194180,11,Mists of Tirna Scithe,2024-10-27T14:55:47.000Z,1407121,1890999,2,"Xal'atath's Bargain: Ascendant, Fortified, Challenger's Peril, Tyrannical",Penny,Hunter,Beast Mastery,dps,Quel'dorei
113,344.6,303194180,11,Mists of Tirna Scithe,2024-10-27T14:55:47.000Z,1407121,1890999,2,"Xal'atath's Bargain: Ascendant, Fortified, Challenger's Peril, Tyrannical",神龍哥來了,Warrior,Protection,tank,Shadowmoon
113,344.6,303194180,11,Mists of Tirna Scithe,2024-10-27T14:55:47.000Z,1407121,1890999,2,"Xal'atath's Bargain: Ascendant, Fortified, Challenger's Peril, Tyrannical",Jable,Paladin,Retribution,dps,Quel'dorei
113,344.6,303194180,11,Mists of Tirna Scithe,2024-10-27T14:55:47.000Z,1407121,1890999,2,"Xal'atath's Bargain: Ascendant, Fortified, Challenger's Peril, Tyrannical",听風引玉,Shaman,Elemental,dps,Quel'dorei
114,344.6,307493459,11,Mists of Tirna Scithe,2024-11-16T12:21:51.000Z,1407235,1890999,2,"Xal'atath's Bargain: Ascendant, Tyrannical, Challenger's Peril, Fortified",星街彗星,Shaman,Enhancement,dps,Whisperwind
114,344.6,307493459,11,Mists of Tirna Scithe,2024-11-16T12:21:51.000Z,1407235,1890999,2,"Xal'atath's Bargain: Ascendant, Tyrannical, Challenger's Peril, Fortified",量子糾纏,Shaman,Enhancement,dps,Hellscream
114,344.6,307493459,11,Mists of Tirna Scithe,2024-11-16T12:21:51.000Z,1407235,1890999,2,"Xal'atath's Bargain: Ascendant, Tyrannical, Challenger's Peril, Fortified",冬瓜僧,Monk,Brewmaster,tank,Arthas
114,344.6,307493459,11,Mists of Tirna Scithe,2024-11-16T12:21:51.000Z,1407235,1890999,2,"Xal'atath's Bargain: Ascendant, Tyrannical, Challenger's Peril, Fortified",有條尾巴,Shaman,Restoration,healer,Arthas
114,344.6,307493459,11,Mists of Tirna Scithe,2024-11-16T12:21:51.000Z,1407235,1890999,2,"Xal'atath's Bargain: Ascendant, Tyrannical, Challenger's Peril, Fortified",咚德咚,Druid,Feral,dps,Hellscream
115,344.6,307560359,11,Mists of Tirna Scithe,2024-11-16T19:52:35.000Z,1407335,1890999,2,"Xal'atath's Bargain: Ascendant, Tyrannical, Challenger's Peril, Fortified",追風伊人,Paladin,Retribution,dps,Chillwind Point
115,344.6,307560359,11,Mists of Tirna Scithe,2024-11-16T19:52:35.000Z,1407335,1890999,2,"Xal'atath's Bargain: Ascendant, Tyrannical, Challenger's Peril, Fortified",天生,Paladin,Protection,tank,Demon Fall Canyon
115,344.6,307560359,11,Mists of Tirna Scithe,2024-11-16T19:52:35.000Z,1407335,1890999,2,"Xal'atath's Bargain: Ascendant, Tyrannical, Challenger's Peril, Fortified",我全家都矮人,Shaman,Elemental,dps,Frostmane
115,344.6,307560359,11,Mists of Tirna Scithe,2024-11-16T19:52:35.000Z,1407335,1890999,2,"Xal'atath's Bargain: Ascendant, Tyrannical, Challenger's Peril, Fortified",雨後茉莉,Priest,Holy,healer,Demon Fall Canyon
115,344.6,307560359,11,Mists of Tirna Scithe,2024-11-16T19:52:35.000Z,1407335,1890999,2,"Xal'atath's Bargain: Ascendant, Tyrannical, Challenger's Peril, Fortified",Bruceoba,Shaman,Enhancement,dps,Shadowmoon
116,344.6,302662756,11,Mists of Tirna Scithe,2024-10-25T11:27:35.000Z,1408119,1890999,2,"Xal'atath's Bargain: Ascendant, Fortified, Challenger's Peril, Tyrannical",Withoutyou,Evoker,Augmentation,dps,Shadowmoon
116,344.6,302662756,11,Mists of Tirna Scithe,2024-10-25T11:27:35.000Z,1408119,1890999,2,"Xal'atath's Bargain: Ascendant, Fortified, Challenger's Peril, Tyrannical",被水嗆到的魚,Demon Hunter,Havoc,dps,Stormscale
116,344.6,302662756,11,Mists of Tirna Scithe,2024-10-25T11:27:35.000Z,1408119,1890999,2,"Xal'atath's Bargain: Ascendant, Fortified, Challenger's Peril, Tyrannical",北大路妹妹,Paladin,Retribution,dps,Arthas
116,344.6,302662756,11,Mists of Tirna Scithe,2024-10-25T11:27:35.000Z,1408119,1890999,2,"Xal'atath's Bargain: Ascendant, Fortified, Challenger's Peril, Tyrannical",Magma,Shaman,Restoration,healer,Sundown Marsh
116,344.6,302662756,11,Mists of Tirna Scithe,2024-10-25T11:27:35.000Z,1408119,1890999,2,"Xal'atath's Bargain: Ascendant, Fortified, Challenger's Peril, Tyrannical",落葉歸途,Warrior,Protection,tank,Zealot Blade
117,344.6,302936898,11,Mists of Tirna Scithe,2024-10-26T14:25:41.000Z,1408995,1890999,2,"Xal'atath's Bargain: Ascendant, Fortified, Challenger's Peril, Tyrannical",Superkai,Demon Hunter,Vengeance,tank,Arthas
117,344.6,302936898,11,Mists of Tirna Scithe,2024-10-26T14:25:41.000Z,1408995,1890999,2,"Xal'atath's Bargain: Ascendant, Fortified, Challenger's Peril, Tyrannical",妲蔻蔻,Druid,Restoration,healer,Skywall
117,344.6,302936898,11,Mists of Tirna Scithe,2024-10-26T14:25:41.000Z,1408995,1890999,2,"Xal'atath's Bargain: Ascendant, Fortified, Challenger's Peril, Tyrannical",小星光,Mage,Fire,dps,Skywall
117,344.6,302936898,11,Mists of Tirna Scithe,2024-10-26T14:25:41.000Z,1408995,1890999,2,"Xal'atath's Bargain: Ascendant, Fortified, Challenger's Peril, Tyrannical",扛十里不換肩-203209282,Warlock,Demonology,dps,Crystalpine Stinger
117,344.6,302936898,11,Mists of Tirna Scithe,2024-10-26T14:25:41.000Z,1408995,1890999,2,"Xal'atath's Bargain: Ascendant, Fortified, Challenger's Peril, Tyrannical",Nemodk,Death Knight,Frost,dps,Chillwind Point
118,344.5,302988938,11,Mists of Tirna Scithe,2024-10-26T18:54:45.000Z,1410221,1890999,2,"Xal'atath's Bargain: Ascendant, Fortified, Challenger's Peril, Tyrannical",Reiling,Priest,Shadow,dps,Shadowmoon
118,344.5,302988938,11,Mists of Tirna Scithe,2024-10-26T18:54:45.000Z,1410221,1890999,2,"Xal'atath's Bargain: Ascendant, Fortified, Challenger's Peril, Tyrannical",雷霆小白,Warrior,Protection,tank,Sundown Marsh
118,344.5,302988938,11,Mists of Tirna Scithe,2024-10-26T18:54:45.000Z,1410221,1890999,2,"Xal'atath's Bargain: Ascendant, Fortified, Challenger's Peril, Tyrannical",零零,Evoker,Augmentation,dps,Shadowmoon
118,344.5,302988938,11,Mists of Tirna Scithe,2024-10-26T18:54:45.000Z,1410221,1890999,2,"Xal'atath's Bargain: Ascendant, Fortified, Challenger's Peril, Tyrannical",Miris,Shaman,Restoration,healer,Whisperwind
118,344.5,302988938,11,Mists of Tirna Scithe,2024-10-26T18:54:45.000Z,1410221,1890999,2,"Xal'atath's Bargain: Ascendant, Fortified, Challenger's Peril, Tyrannical",AnonDB13990,Shaman,Enhancement,dps,Anonymous
119,344.5,307706067,11,Mists of Tirna Scithe,2024-11-17T12:44:13.000Z,1411700,1890999,2,"Xal'atath's Bargain: Ascendant, Tyrannical, Challenger's Peril, Fortified",汪僧,Shaman,Enhancement,dps,Sundown Marsh
119,344.5,307706067,11,Mists of Tirna Scithe,2024-11-17T12:44:13.000Z,1411700,1890999,2,"Xal'atath's Bargain: Ascendant, Tyrannical, Challenger's Peril, Fortified",狩熊,Hunter,Beast Mastery,dps,Sundown Marsh
119,344.5,307706067,11,Mists of Tirna Scithe,2024-11-17T12:44:13.000Z,1411700,1890999,2,"Xal'atath's Bargain: Ascendant, Tyrannical, Challenger's Peril, Fortified",逆特,Warrior,Protection,tank,Sundown Marsh
119,344.5,307706067,11,Mists of Tirna Scithe,2024-11-17T12:44:13.000Z,1411700,1890999,2,"Xal'atath's Bargain: Ascendant, Tyrannical, Challenger's Peril, Fortified",床上的飛魚,Death Knight,Frost,dps,Sundown Marsh
119,344.5,307706067,11,Mists of Tirna Scithe,2024-11-17T12:44:13.000Z,1411700,1890999,2,"Xal'atath's Bargain: Ascendant, Tyrannical, Challenger's Peril, Fortified",小鱷魚愛玩水,Shaman,Restoration,healer,Dragonmaw
120,344.5,302683800,11,Mists of Tirna Scithe,2024-10-25T14:57:17.000Z,1411748,1890999,2,"Xal'atath's Bargain: Ascendant, Fortified, Challenger's Peril, Tyrannical",傅帥,Rogue,Assassination,dps,Icecrown
120,344.5,302683800,11,Mists of Tirna Scithe,2024-10-25T14:57:17.000Z,1411748,1890999,2,"Xal'atath's Bargain: Ascendant, Fortified, Challenger's Peril, Tyrannical",天氣姐姐,Mage,Frost,dps,Sundown Marsh
120,344.5,302683800,11,Mists of Tirna Scithe,2024-10-25T14:57:17.000Z,1411748,1890999,2,"Xal'atath's Bargain: Ascendant, Fortified, Challenger's Peril, Tyrannical",Magma,Shaman,Restoration,healer,Sundown Marsh
120,344.5,302683800,11,Mists of Tirna Scithe,2024-10-25T14:57:17.000Z,1411748,1890999,2,"Xal'atath's Bargain: Ascendant, Fortified, Challenger's Peril, Tyrannical",老子就是可愛,Death Knight,Frost,dps,Frostmane
120,344.5,302683800,11,Mists of Tirna Scithe,2024-10-25T14:57:17.000Z,1411748,1890999,2,"Xal'atath's Bargain: Ascendant, Fortified, Challenger's Peril, Tyrannical",落葉歸途,Warrior,Protection,tank,Zealot Blade
121,344.5,307538924,11,Mists of Tirna Scithe,2024-11-16T16:11:48.000Z,1413108,1890999,2,"Xal'atath's Bargain: Ascendant, Tyrannical, Challenger's Peril, Fortified",白帥帥亮晶晶,Warrior,Protection,tank,Shadowmoon
121,344.5,307538924,11,Mists of Tirna Scithe,2024-11-16T16:11:48.000Z,1413108,1890999,2,"Xal'atath's Bargain: Ascendant, Tyrannical, Challenger's Peril, Fortified",燃燒獸人英雄-46541589,Shaman,Enhancement,dps,Shadowmoon
121,344.5,307538924,11,Mists of Tirna Scithe,2024-11-16T16:11:48.000Z,1413108,1890999,2,"Xal'atath's Bargain: Ascendant, Tyrannical, Challenger's Peril, Fortified",予馨,Shaman,Restoration,healer,Spirestone
121,344.5,307538924,11,Mists of Tirna Scithe,2024-11-16T16:11:48.000Z,1413108,1890999,2,"Xal'atath's Bargain: Ascendant, Tyrannical, Challenger's Peril, Fortified",眼底丶,Priest,Shadow,dps,Icecrown
121,344.5,307538924,11,Mists of Tirna Scithe,2024-11-16T16:11:48.000Z,1413108,1890999,2,"Xal'atath's Bargain: Ascendant, Tyrannical, Challenger's Peril, Fortified",小傳說死騎,Death Knight,Frost,dps,Shadowmoon
122,344.5,307500893,11,Mists of Tirna Scithe,2024-11-16T13:35:13.000Z,1413966,1890999,2,"Xal'atath's Bargain: Ascendant, Tyrannical, Challenger's Peril, Fortified",海鱺,Paladin,Protection,tank,Skywall
122,344.5,307500893,11,Mists of Tirna Scithe,2024-11-16T13:35:13.000Z,1413966,1890999,2,"Xal'atath's Bargain: Ascendant, Tyrannical, Challenger's Peril, Fortified",火燒的寂摸,Druid,Balance,dps,Nightsong
122,344.5,307500893,11,Mists of Tirna Scithe,2024-11-16T13:35:13.000Z,1413966,1890999,2,"Xal'atath's Bargain: Ascendant, Tyrannical, Challenger's Peril, Fortified",佐倉雙葉,Warlock,Destruction,dps,Quel'dorei
122,344.5,307500893,11,Mists of Tirna Scithe,2024-11-16T13:35:13.000Z,1413966,1890999,2,"Xal'atath's Bargain: Ascendant, Tyrannical, Challenger's Peril, Fortified",Clifshaman,Shaman,Restoration,healer,Nightsong
122,344.5,307500893,11,Mists of Tirna Scithe,2024-11-16T13:35:13.000Z,1413966,1890999,2,"Xal'atath's Bargain: Ascendant, Tyrannical, Challenger's Peril, Fortified",Zootopib,Death Knight,Frost,dps,Hellscream
123,344.4,307123860,11,Mists of Tirna Scithe,2024-11-14T06:38:55.000Z,1415220,1890999,2,"Xal'atath's Bargain: Ascendant, Tyrannical, Challenger's Peril, Fortified",我倒,Mage,Frost,dps,Crystalpine Stinger
123,344.4,307123860,11,Mists of Tirna Scithe,2024-11-14T06:38:55.000Z,1415220,1890999,2,"Xal'atath's Bargain: Ascendant, Tyrannical, Challenger's Peril, Fortified",阿姐的左鉤拳,Rogue,Outlaw,dps,Zealot Blade
123,344.4,307123860,11,Mists of Tirna Scithe,2024-11-14T06:38:55.000Z,1415220,1890999,2,"Xal'atath's Bargain: Ascendant, Tyrannical, Challenger's Peril, Fortified",可波,Druid,Balance,dps,Frostmane
123,344.4,307123860,11,Mists of Tirna Scithe,2024-11-14T06:38:55.000Z,1415220,1890999,2,"Xal'atath's Bargain: Ascendant, Tyrannical, Challenger's Peril, Fortified",春茶魂,Paladin,Protection,tank,Wrathbringer
123,344.4,307123860,11,Mists of Tirna Scithe,2024-11-14T06:38:55.000Z,1415220,1890999,2,"Xal'atath's Bargain: Ascendant, Tyrannical, Challenger's Peril, Fortified",桃芷,Druid,Restoration,healer,Stormscale
124,344.4,307343890,11,Mists of Tirna Scithe,2024-11-15T17:44:05.000Z,1415593,1890999,2,"Xal'atath's Bargain: Ascendant, Tyrannical, Challenger's Peril, Fortified",東方神獸,Monk,Windwalker,dps,Whisperwind
124,344.4,307343890,11,Mists of Tirna Scithe,2024-11-15T17:44:05.000Z,1415593,1890999,2,"Xal'atath's Bargain: Ascendant, Tyrannical, Challenger's Peril, Fortified",狐狸比比,Shaman,Restoration,healer,Crystalpine Stinger
124,344.4,307343890,11,Mists of Tirna Scithe,2024-11-15T17:44:05.000Z,1415593,1890999,2,"Xal'atath's Bargain: Ascendant, Tyrannical, Challenger's Peril, Fortified",蟲魚,Warlock,Demonology,dps,Nightsong
124,344.4,307343890,11,Mists of Tirna Scithe,2024-11-15T17:44:05.000Z,1415593,1890999,2,"Xal'atath's Bargain: Ascendant, Tyrannical, Challenger's Peril, Fortified",Winniexi,Death Knight,Frost,dps,Sundown Marsh
124,344.4,307343890,11,Mists of Tirna Scithe,2024-11-15T17:44:05.000Z,1415593,1890999,2,"Xal'atath's Bargain: Ascendant, Tyrannical, Challenger's Peril, Fortified",咖啡袖套,Demon Hunter,Vengeance,tank,Frostmane
125,344.4,300645215,11,Mists of Tirna Scithe,2024-10-29T14:16:16.000Z,1416346,1890999,2,"Xal'atath's Bargain: Ascendant, Fortified, Challenger's Peril, Tyrannical",花生恩,Mage,Fire,dps,Menethil
125,344.4,300645215,11,Mists of Tirna Scithe,2024-10-29T14:16:16.000Z,1416346,1890999,2,"Xal'atath's Bargain: Ascendant, Fortified, Challenger's Peril, Tyrannical",射滷雞之箭,Hunter,Beast Mastery,dps,Frostmane
125,344.4,300645215,11,Mists of Tirna Scithe,2024-10-29T14:16:16.000Z,1416346,1890999,2,"Xal'atath's Bargain: Ascendant, Fortified, Challenger's Peril, Tyrannical",只會往前,Priest,Shadow,dps,Frostmane
125,344.4,300645215,11,Mists of Tirna Scithe,2024-10-29T14:16:16.000Z,1416346,1890999,2,"Xal'atath's Bargain: Ascendant, Fortified, Challenger's Peril, Tyrannical",曾經我也想過,Demon Hunter,Vengeance,tank,Bleeding Hollow
125,344.4,300645215,11,Mists of Tirna Scithe,2024-10-29T14:16:16.000Z,1416346,1890999,2,"Xal'atath's Bargain: Ascendant, Fortified, Challenger's Peril, Tyrannical",喵小美,Shaman,Restoration,healer,Frostmane
126,344.4,307155745,11,Mists of Tirna Scithe,2024-11-14T13:44:19.000Z,1417197,1890999,2,"Xal'atath's Bargain: Ascendant, Tyrannical, Challenger's Peril, Fortified",薩滿玫瑰,Shaman,Restoration,healer,Light's Hope
126,344.4,307155745,11,Mists of Tirna Scithe,2024-11-14T13:44:19.000Z,1417197,1890999,2,"Xal'atath's Bargain: Ascendant, Tyrannical, Challenger's Peril, Fortified",怕死的公務員,Paladin,Retribution,dps,Shadowmoon
126,344.4,307155745,11,Mists of Tirna Scithe,2024-11-14T13:44:19.000Z,1417197,1890999,2,"Xal'atath's Bargain: Ascendant, Tyrannical, Challenger's Peril, Fortified",請勿餵飼,Druid,Guardian,tank,Quel'dorei
126,344.4,307155745,11,Mists of Tirna Scithe,2024-11-14T13:44:19.000Z,1417197,1890999,2,"Xal'atath's Bargain: Ascendant, Tyrannical, Challenger's Peril, Fortified",磁能線,Shaman,Enhancement,dps,Quel'dorei
126,344.4,307155745,11,Mists of Tirna Scithe,2024-11-14T13:44:19.000Z,1417197,1890999,2,"Xal'atath's Bargain: Ascendant, Tyrannical, Challenger's Peril, Fortified",小野烏骨雞,Druid,Balance,dps,Quel'dorei
127,344.4,303442017,11,Mists of Tirna Scithe,2024-10-28T15:28:19.000Z,1417359,1890999,2,"Xal'atath's Bargain: Ascendant, Fortified, Challenger's Peril, Tyrannical",維尼跳跳熊,Monk,Brewmaster,tank,Wrathbringer
127,344.4,303442017,11,Mists of Tirna Scithe,2024-10-28T15:28:19.000Z,1417359,1890999,2,"Xal'atath's Bargain: Ascendant, Fortified, Challenger's Peril, Tyrannical",專業麥隊友,Priest,Discipline,healer,Wrathbringer
127,344.4,303442017,11,Mists of Tirna Scithe,2024-10-28T15:28:19.000Z,1417359,1890999,2,"Xal'atath's Bargain: Ascendant, Fortified, Challenger's Peril, Tyrannical",Avonrepus,Paladin,Retribution,dps,Crystalpine Stinger
127,344.4,303442017,11,Mists of Tirna Scithe,2024-10-28T15:28:19.000Z,1417359,1890999,2,"Xal'atath's Bargain: Ascendant, Fortified, Challenger's Peril, Tyrannical",哇賽你的肚子,Shaman,Elemental,dps,Crystalpine Stinger
127,344.4,303442017,11,Mists of Tirna Scithe,2024-10-28T15:28:19.000Z,1417359,1890999,2,"Xal'atath's Bargain: Ascendant, Fortified, Challenger's Peril, Tyrannical",我為逝者哀哭,Warlock,Destruction,dps,Crystalpine Stinger
128,344.4,303297230,11,Mists of Tirna Scithe,2024-10-27T18:31:41.000Z,1417510,1890999,2,"Xal'atath's Bargain: Ascendant, Fortified, Challenger's Peril, Tyrannical",羅西尼熊貓,Shaman,Elemental,dps,Sundown Marsh
128,344.4,303297230,11,Mists of Tirna Scithe,2024-10-27T18:31:41.000Z,1417510,1890999,2,"Xal'atath's Bargain: Ascendant, Fortified, Challenger's Peril, Tyrannical",呵呵魚魚,Evoker,Preservation,healer,Shadowmoon
128,344.4,303297230,11,Mists of Tirna Scithe,2024-10-27T18:31:41.000Z,1417510,1890999,2,"Xal'atath's Bargain: Ascendant, Fortified, Challenger's Peril, Tyrannical",Malaperusapo,Rogue,Assassination,dps,Frostmane
128,344.4,303297230,11,Mists of Tirna Scithe,2024-10-27T18:31:41.000Z,1417510,1890999,2,"Xal'atath's Bargain: Ascendant, Fortified, Challenger's Peril, Tyrannical",Bruh,Death Knight,Frost,dps,Hellscream
128,344.4,303297230,11,Mists of Tirna Scithe,2024-10-27T18:31:41.000Z,1417510,1890999,2,"Xal'atath's Bargain: Ascendant, Fortified, Challenger's Peril, Tyrannical",Shmyi,Paladin,Protection,tank,Stormscale
129,344.3,307119581,11,Mists of Tirna Scithe,2024-11-14T05:24:47.000Z,1419661,1890999,2,"Xal'atath's Bargain: Ascendant, Tyrannical, Challenger's Peril, Fortified",油腻的师姐,Demon Hunter,Vengeance,tank,Arthas
129,344.3,307119581,11,Mists of Tirna Scithe,2024-11-14T05:24:47.000Z,1419661,1890999,2,"Xal'atath's Bargain: Ascendant, Tyrannical, Challenger's Peril, Fortified",蔻醬,Priest,Discipline,healer,Light's Hope
129,344.3,307119581,11,Mists of Tirna Scithe,2024-11-14T05:24:47.000Z,1419661,1890999,2,"Xal'atath's Bargain: Ascendant, Tyrannical, Challenger's Peril, Fortified",挖勒阿勒勒,Death Knight,Frost,dps,Arthas
129,344.3,307119581,11,Mists of Tirna Scithe,2024-11-14T05:24:47.000Z,1419661,1890999,2,"Xal'atath's Bargain: Ascendant, Tyrannical, Challenger's Peril, Fortified",Crazypapap,Shaman,Enhancement,dps,Sundown Marsh
129,344.3,307119581,11,Mists of Tirna Scithe,2024-11-14T05:24:47.000Z,1419661,1890999,2,"Xal'atath's Bargain: Ascendant, Tyrannical, Challenger's Peril, Fortified",Syr-229763855,Paladin,Retribution,dps,Sundown Marsh
130,344.3,303091378,11,Mists of Tirna Scithe,2024-10-27T02:01:07.000Z,1420198,1890999,2,"Xal'atath's Bargain: Ascendant, Fortified, Challenger's Peril, Tyrannical",Pepper,Hunter,Beast Mastery,dps,Arthas
130,344.3,303091378,11,Mists of Tirna Scithe,2024-10-27T02:01:07.000Z,1420198,1890999,2,"Xal'atath's Bargain: Ascendant, Fortified, Challenger's Peril, Tyrannical",小兔子寶寶,Paladin,Retribution,dps,Arthas
130,344.3,303091378,11,Mists of Tirna Scithe,2024-10-27T02:01:07.000Z,1420198,1890999,2,"Xal'atath's Bargain: Ascendant, Fortified, Challenger's Peril, Tyrannical",Dôvahkiin,Evoker,Preservation,healer,Shadowmoon
130,344.3,303091378,11,Mists of Tirna Scithe,2024-10-27T02:01:07.000Z,1420198,1890999,2,"Xal'atath's Bargain: Ascendant, Fortified, Challenger's Peril, Tyrannical",鳶遠,Death Knight,Frost,dps,Nightsong
130,344.3,303091378,11,Mists of Tirna Scithe,2024-10-27T02:01:07.000Z,1420198,1890999,2,"Xal'atath's Bargain: Ascendant, Fortified, Challenger's Peril, Tyrannical",黑嬤嬤,Warrior,Protection,tank,Sundown Marsh
131,344.3,308030728,11,Mists of Tirna Scithe,2024-11-19T04:39:10.000Z,1422224,1890999,2,"Xal'atath's Bargain: Ascendant, Tyrannical, Challenger's Peril, Fortified",秋楓殘玥,Shaman,Restoration,healer,Menethil
131,344.3,308030728,11,Mists of Tirna Scithe,2024-11-19T04:39:10.000Z,1422224,1890999,2,"Xal'atath's Bargain: Ascendant, Tyrannical, Challenger's Peril, Fortified",Alvinhunter,Hunter,Survival,dps,Arthas
131,344.3,308030728,11,Mists of Tirna Scithe,2024-11-19T04:39:10.000Z,1422224,1890999,2,"Xal'atath's Bargain: Ascendant, Tyrannical, Challenger's Peril, Fortified",Deorro,Demon Hunter,Vengeance,tank,Wrathbringer
131,344.3,308030728,11,Mists of Tirna Scithe,2024-11-19T04:39:10.000Z,1422224,1890999,2,"Xal'atath's Bargain: Ascendant, Tyrannical, Challenger's Peril, Fortified",想不到唉滴,Paladin,Retribution,dps,Arthas
131,344.3,308030728,11,Mists of Tirna Scithe,2024-11-19T04:39:10.000Z,1422224,1890999,2,"Xal'atath's Bargain: Ascendant, Tyrannical, Challenger's Peril, Fortified",瀧藝天,Shaman,Enhancement,dps,Spirestone
132,344.3,303634536,11,Mists of Tirna Scithe,2024-10-29T08:22:28.000Z,1422562,1890999,2,"Xal'atath's Bargain: Ascendant, Fortified, Challenger's Peril, Tyrannical",小柱防衛薩,Shaman,Restoration,healer,Frostmane
132,344.3,303634536,11,Mists of Tirna Scithe,2024-10-29T08:22:28.000Z,1422562,1890999,2,"Xal'atath's Bargain: Ascendant, Fortified, Challenger's Peril, Tyrannical",屎奇,Death Knight,Frost,dps,Sundown Marsh
132,344.3,303634536,11,Mists of Tirna Scithe,2024-10-29T08:22:28.000Z,1422562,1890999,2,"Xal'atath's Bargain: Ascendant, Fortified, Challenger's Peril, Tyrannical",Heyyoggsm,Shaman,Elemental,dps,Sundown Marsh
132,344.3,303634536,11,Mists of Tirna Scithe,2024-10-29T08:22:28.000Z,1422562,1890999,2,"Xal'atath's Bargain: Ascendant, Fortified, Challenger's Peril, Tyrannical",白毛怪,Warlock,Demonology,dps,Wrathbringer
132,344.3,303634536,11,Mists of Tirna Scithe,2024-10-29T08:22:28.000Z,1422562,1890999,2,"Xal'atath's Bargain: Ascendant, Fortified, Challenger's Peril, Tyrannical",血骑骑,Paladin,Protection,tank,World Tree
133,344.3,307157615,11,Mists of Tirna Scithe,2024-11-14T13:59:27.000Z,1423553,1890999,2,"Xal'atath's Bargain: Ascendant, Tyrannical, Challenger's Peril, Fortified",Sitwo,Druid,Balance,dps,Shadowmoon
133,344.3,307157615,11,Mists of Tirna Scithe,2024-11-14T13:59:27.000Z,1423553,1890999,2,"Xal'atath's Bargain: Ascendant, Tyrannical, Challenger's Peril, Fortified",墨守,Death Knight,Unholy,dps,Shadowmoon
133,344.3,307157615,11,Mists of Tirna Scithe,2024-11-14T13:59:27.000Z,1423553,1890999,2,"Xal'atath's Bargain: Ascendant, Tyrannical, Challenger's Peril, Fortified",逍遙之風,Mage,Frost,dps,Whisperwind
133,344.3,307157615,11,Mists of Tirna Scithe,2024-11-14T13:59:27.000Z,1423553,1890999,2,"Xal'atath's Bargain: Ascendant, Tyrannical, Challenger's Peril, Fortified",戰狼天,Warrior,Protection,tank,Shadowmoon
133,344.3,307157615,11,Mists of Tirna Scithe,2024-11-14T13:59:27.000Z,1423553,1890999,2,"Xal'atath's Bargain: Ascendant, Tyrannical, Challenger's Peril, Fortified",Ameth,Priest,Holy,healer,Quel'dorei
134,344.3,302862864,11,Mists of Tirna Scithe,2024-10-26T01:21:51.000Z,1423711,1890999,2,"Xal'atath's Bargain: Ascendant, Fortified, Challenger's Peril, Tyrannical",辣椒派,Shaman,Elemental,dps,Skywall
134,344.3,302862864,11,Mists of Tirna Scithe,2024-10-26T01:21:51.000Z,1423711,1890999,2,"Xal'atath's Bargain: Ascendant, Fortified, Challenger's Peril, Tyrannical",劍聖柳昇劍影,Priest,Holy,healer,Skywall
134,344.3,302862864,11,Mists of Tirna Scithe,2024-10-26T01:21:51.000Z,1423711,1890999,2,"Xal'atath's Bargain: Ascendant, Fortified, Challenger's Peril, Tyrannical",五晨寺老德,Druid,Guardian,tank,Spirestone
134,344.3,302862864,11,Mists of Tirna Scithe,2024-10-26T01:21:51.000Z,1423711,1890999,2,"Xal'atath's Bargain: Ascendant, Fortified, Challenger's Peril, Tyrannical",Sunnydk,Death Knight,Frost,dps,Frostmane
134,344.3,302862864,11,Mists of Tirna Scithe,2024-10-26T01:21:51.000Z,1423711,1890999,2,"Xal'atath's Bargain: Ascendant, Fortified, Challenger's Peril, Tyrannical",嘉德麗雅,Warlock,Destruction,dps,Icecrown
135,344.3,307508347,11,Mists of Tirna Scithe,2024-11-16T14:48:13.000Z,1424485,1890999,2,"Xal'atath's Bargain: Ascendant, Tyrannical, Challenger's Peril, Fortified",一唯獨愛犬一,Druid,Guardian,tank,Dragonmaw
135,344.3,307508347,11,Mists of Tirna Scithe,2024-11-16T14:48:13.000Z,1424485,1890999,2,"Xal'atath's Bargain: Ascendant, Tyrannical, Challenger's Peril, Fortified",恐龍妹之吻,Warlock,Destruction,dps,Dragonmaw
135,344.3,307508347,11,Mists of Tirna Scithe,2024-11-16T14:48:13.000Z,1424485,1890999,2,"Xal'atath's Bargain: Ascendant, Tyrannical, Challenger's Peril, Fortified",Wonderlust,Druid,Restoration,healer,Nightsong
135,344.3,307508347,11,Mists of Tirna Scithe,2024-11-16T14:48:13.000Z,1424485,1890999,2,"Xal'atath's Bargain: Ascendant, Tyrannical, Challenger's Peril, Fortified",弦嶽,Hunter,Survival,dps,Light's Hope
135,344.3,307508347,11,Mists of Tirna Scithe,2024-11-16T14:48:13.000Z,1424485,1890999,2,"Xal'atath's Bargain: Ascendant, Tyrannical, Challenger's Peril, Fortified",小小八,Paladin,Retribution,dps,Nightsong
136,344.2,302453675,11,Mists of Tirna Scithe,2024-10-24T09:22:30.000Z,1424696,1890999,2,"Xal'atath's Bargain: Ascendant, Fortified, Challenger's Peril, Tyrannical",十熊蓋讚十,Monk,Mistweaver,healer,Sundown Marsh
136,344.2,302453675,11,Mists of Tirna Scithe,2024-10-24T09:22:30.000Z,1424696,1890999,2,"Xal'atath's Bargain: Ascendant, Fortified, Challenger's Peril, Tyrannical",緋焰,Mage,Frost,dps,Whisperwind
136,344.2,302453675,11,Mists of Tirna Scithe,2024-10-24T09:22:30.000Z,1424696,1890999,2,"Xal'atath's Bargain: Ascendant, Fortified, Challenger's Peril, Tyrannical",Niu,Druid,Guardian,tank,Spirestone
136,344.2,302453675,11,Mists of Tirna Scithe,2024-10-24T09:22:30.000Z,1424696,1890999,2,"Xal'atath's Bargain: Ascendant, Fortified, Challenger's Peril, Tyrannical",威爾海扁,Warrior,Fury,dps,Frostmane
136,344.2,302453675,11,Mists of Tirna Scithe,2024-10-24T09:22:30.000Z,1424696,1890999,2,"Xal'atath's Bargain: Ascendant, Fortified, Challenger's Peril, Tyrannical",飄撇的先祖,Shaman,Elemental,dps,Crystalpine Stinger
137,344.2,307353826,11,Mists of Tirna Scithe,2024-11-15T18:57:42.000Z,1425699,1890999,2,"Xal'atath's Bargain: Ascendant, Tyrannical, Challenger's Peril, Fortified",海苔壽司,Paladin,Holy,healer,Whisperwind
137,344.2,307353826,11,Mists of Tirna Scithe,2024-11-15T18:57:42.000Z,1425699,1890999,2,"Xal'atath's Bargain: Ascendant, Tyrannical, Challenger's Peril, Fortified",氣象觀測員,Shaman,Enhancement,dps,Zealot Blade
137,344.2,307353826,11,Mists of Tirna Scithe,2024-11-15T18:57:42.000Z,1425699,1890999,2,"Xal'atath's Bargain: Ascendant, Tyrannical, Challenger's Peril, Fortified",太陽花的傻笑,Priest,Shadow,dps,Nightsong
137,344.2,307353826,11,Mists of Tirna Scithe,2024-11-15T18:57:42.000Z,1425699,1890999,2,"Xal'atath's Bargain: Ascendant, Tyrannical, Challenger's Peril, Fortified",Dyinglight,Paladin,Protection,tank,Nightsong
137,344.2,307353826,11,Mists of Tirna Scithe,2024-11-15T18:57:42.000Z,1425699,1890999,2,"Xal'atath's Bargain: Ascendant, Tyrannical, Challenger's Peril, Fortified",溴化銻,Paladin,Retribution,dps,Sundown Marsh
138,344.2,307674768,11,Mists of Tirna Scithe,2024-11-17T07:16:37.000Z,1426265,1890999,2,"Xal'atath's Bargain: Ascendant, Tyrannical, Challenger's Peril, Fortified",長孫無垢,Death Knight,Unholy,dps,Zealot Blade
138,344.2,307674768,11,Mists of Tirna Scithe,2024-11-17T07:16:37.000Z,1426265,1890999,2,"Xal'atath's Bargain: Ascendant, Tyrannical, Challenger's Peril, Fortified",夜之玥影,Priest,Discipline,healer,Arthas
138,344.2,307674768,11,Mists of Tirna Scithe,2024-11-17T07:16:37.000Z,1426265,1890999,2,"Xal'atath's Bargain: Ascendant, Tyrannical, Challenger's Peril, Fortified",木秀愉林,Rogue,Assassination,dps,Arthas
138,344.2,307674768,11,Mists of Tirna Scithe,2024-11-17T07:16:37.000Z,1426265,1890999,2,"Xal'atath's Bargain: Ascendant, Tyrannical, Challenger's Peril, Fortified",東行妖,Paladin,Protection,tank,Stormscale
138,344.2,307674768,11,Mists of Tirna Scithe,2024-11-17T07:16:37.000Z,1426265,1890999,2,"Xal'atath's Bargain: Ascendant, Tyrannical, Challenger's Peril, Fortified",我愛甜蝦麵,Evoker,Augmentation,dps,Sundown Marsh
139,344.2,303840985,11,Mists of Tirna Scithe,2024-10-30T13:40:03.000Z,1427260,1890999,2,"Xal'atath's Bargain: Ascendant, Fortified, Challenger's Peril, Tyrannical",一香雪海一,Hunter,Beast Mastery,dps,Chillwind Point
139,344.2,303840985,11,Mists of Tirna Scithe,2024-10-30T13:40:03.000Z,1427260,1890999,2,"Xal'atath's Bargain: Ascendant, Fortified, Challenger's Peril, Tyrannical",被水嗆到的魚,Demon Hunter,Havoc,dps,Stormscale
139,344.2,303840985,11,Mists of Tirna Scithe,2024-10-30T13:40:03.000Z,1427260,1890999,2,"Xal'atath's Bargain: Ascendant, Fortified, Challenger's Peril, Tyrannical",嘗嘗我的戰刃,Demon Hunter,Vengeance,tank,Quel'dorei
139,344.2,303840985,11,Mists of Tirna Scithe,2024-10-30T13:40:03.000Z,1427260,1890999,2,"Xal'atath's Bargain: Ascendant, Fortified, Challenger's Peril, Tyrannical",Shamango,Shaman,Restoration,healer,Wrathbringer
139,344.2,303840985,11,Mists of Tirna Scithe,2024-10-30T13:40:03.000Z,1427260,1890999,2,"Xal'atath's Bargain: Ascendant, Fortified, Challenger's Peril, Tyrannical",嬌小易推倒,Mage,Fire,dps,Menethil
140,344.2,297618401,11,Mists of Tirna Scithe,2024-10-27T07:11:09.000Z,1427916,1890999,2,"Xal'atath's Bargain: Ascendant, Fortified, Challenger's Peril, Tyrannical",葑菲,Hunter,Beast Mastery,dps,Frostmane
140,344.2,297618401,11,Mists of Tirna Scithe,2024-10-27T07:11:09.000Z,1427916,1890999,2,"Xal'atath's Bargain: Ascendant, Fortified, Challenger's Peril, Tyrannical",馬神,Priest,Discipline,healer,Frostmane
140,344.2,297618401,11,Mists of Tirna Scithe,2024-10-27T07:11:09.000Z,1427916,1890999,2,"Xal'atath's Bargain: Ascendant, Fortified, Challenger's Peril, Tyrannical",北宮飛雲,Paladin,Protection,tank,Frostmane
140,344.2,297618401,11,Mists of Tirna Scithe,2024-10-27T07:11:09.000Z,1427916,1890999,2,"Xal'atath's Bargain: Ascendant, Fortified, Challenger's Peril, Tyrannical",希爾緋,Demon Hunter,Havoc,dps,Frostmane
140,344.2,297618401,11,Mists of Tirna Scithe,2024-10-27T07:11:09.000Z,1427916,1890999,2,"Xal'atath's Bargain: Ascendant, Fortified, Challenger's Peril, Tyrannical",呆拿獸,Death Knight,Frost,dps,World Tree
141,344.2,303396226,11,Mists of Tirna Scithe,2024-10-28T10:50:47.000Z,1428145,1890999,2,"Xal'atath's Bargain: Ascendant, Fortified, Challenger's Peril, Tyrannical",Anon36B0DAE,Paladin,Retribution,dps,Anonymous
141,344.2,303396226,11,Mists of Tirna Scithe,2024-10-28T10:50:47.000Z,1428145,1890999,2,"Xal'atath's Bargain: Ascendant, Fortified, Challenger's Peril, Tyrannical",幻煌,Warrior,Fury,dps,Bleeding Hollow
141,344.2,303396226,11,Mists of Tirna Scithe,2024-10-28T10:50:47.000Z,1428145,1890999,2,"Xal'atath's Bargain: Ascendant, Fortified, Challenger's Peril, Tyrannical",Artanis,Druid,Guardian,tank,Crystalpine Stinger
141,344.2,303396226,11,Mists of Tirna Scithe,2024-10-28T10:50:47.000Z,1428145,1890999,2,"Xal'atath's Bargain: Ascendant, Fortified, Challenger's Peril, Tyrannical",扒褲亂擼,Shaman,Elemental,dps,Sundown Marsh
141,344.2,303396226,11,Mists of Tirna Scithe,2024-10-28T10:50:47.000Z,1428145,1890999,2,"Xal'atath's Bargain: Ascendant, Fortified, Challenger's Peril, Tyrannical",阿霞燒肉飯,Shaman,Restoration,healer,Bleeding Hollow
142,344.2,303422064,11,Mists of Tirna Scithe,2024-10-28T14:24:49.000Z,1428285,1890999,2,"Xal'atath's Bargain: Ascendant, Fortified, Challenger's Peril, Tyrannical",龍虎式,Monk,Windwalker,dps,Hellscream
142,344.2,303422064,11,Mists of Tirna Scithe,2024-10-28T14:24:49.000Z,1428285,1890999,2,"Xal'atath's Bargain: Ascendant, Fortified, Challenger's Peril, Tyrannical",Danandruid,Druid,Balance,dps,Silverwing Hold
142,344.2,303422064,11,Mists of Tirna Scithe,2024-10-28T14:24:49.000Z,1428285,1890999,2,"Xal'atath's Bargain: Ascendant, Fortified, Challenger's Peril, Tyrannical",狸貓,Hunter,Survival,dps,Crystalpine Stinger
142,344.2,303422064,11,Mists of Tirna Scithe,2024-10-28T14:24:49.000Z,1428285,1890999,2,"Xal'atath's Bargain: Ascendant, Fortified, Challenger's Peril, Tyrannical",球球粉粉絲,Shaman,Restoration,healer,Skywall
142,344.2,303422064,11,Mists of Tirna Scithe,2024-10-28T14:24:49.000Z,1428285,1890999,2,"Xal'atath's Bargain: Ascendant, Fortified, Challenger's Peril, Tyrannical",巧克力乳酪塔,Druid,Guardian,tank,Silverwing Hold
143,344.2,303439671,11,Mists of Tirna Scithe,2024-11-15T13:42:22.000Z,1428297,1890999,2,"Xal'atath's Bargain: Ascendant, Tyrannical, Challenger's Peril, Fortified",鴨爺霸氣側漏,Monk,Brewmaster,tank,Light's Hope
143,344.2,303439671,11,Mists of Tirna Scithe,2024-11-15T13:42:22.000Z,1428297,1890999,2,"Xal'atath's Bargain: Ascendant, Tyrannical, Challenger's Peril, Fortified",好野狼,Warlock,Demonology,dps,Skywall
143,344.2,303439671,11,Mists of Tirna Scithe,2024-11-15T13:42:22.000Z,1428297,1890999,2,"Xal'atath's Bargain: Ascendant, Tyrannical, Challenger's Peril, Fortified",蕥珞,Druid,Restoration,healer,Skywall
143,344.2,303439671,11,Mists of Tirna Scithe,2024-11-15T13:42:22.000Z,1428297,1890999,2,"Xal'atath's Bargain: Ascendant, Tyrannical, Challenger's Peril, Fortified",朔日六花,Mage,Frost,dps,Skywall
143,344.2,303439671,11,Mists of Tirna Scithe,2024-11-15T13:42:22.000Z,1428297,1890999,2,"Xal'atath's Bargain: Ascendant, Tyrannical, Challenger's Peril, Fortified",喜多沫沫卡,Death Knight,Frost,dps,Light's Hope
144,344.2,303839030,11,Mists of Tirna Scithe,2024-10-30T13:32:22.000Z,1428775,1890999,2,"Xal'atath's Bargain: Ascendant, Fortified, Challenger's Peril, Tyrannical",妲蔻蔻,Druid,Restoration,healer,Skywall
144,344.2,303839030,11,Mists of Tirna Scithe,2024-10-30T13:32:22.000Z,1428775,1890999,2,"Xal'atath's Bargain: Ascendant, Fortified, Challenger's Peril, Tyrannical",小卷次子,Mage,Frost,dps,Whisperwind
144,344.2,303839030,11,Mists of Tirna Scithe,2024-10-30T13:32:22.000Z,1428775,1890999,2,"Xal'atath's Bargain: Ascendant, Fortified, Challenger's Peril, Tyrannical",Barbecue,Paladin,Retribution,dps,Whisperwind
144,344.2,303839030,11,Mists of Tirna Scithe,2024-10-30T13:32:22.000Z,1428775,1890999,2,"Xal'atath's Bargain: Ascendant, Fortified, Challenger's Peril, Tyrannical",Obsessed,Demon Hunter,Vengeance,tank,World Tree
144,344.2,303839030,11,Mists of Tirna Scithe,2024-10-30T13:32:22.000Z,1428775,1890999,2,"Xal'atath's Bargain: Ascendant, Fortified, Challenger's Peril, Tyrannical",舒大人,Shaman,Elemental,dps,Whisperwind
145,344.2,307679726,11,Mists of Tirna Scithe,2024-11-17T08:56:00.000Z,1428792,1890999,2,"Xal'atath's Bargain: Ascendant, Tyrannical, Challenger's Peril, Fortified",腎胱啊,Paladin,Protection,tank,Frostmane
145,344.2,307679726,11,Mists of Tirna Scithe,2024-11-17T08:56:00.000Z,1428792,1890999,2,"Xal'atath's Bargain: Ascendant, Tyrannical, Challenger's Peril, Fortified",Greenhat,Hunter,Survival,dps,Sundown Marsh
145,344.2,307679726,11,Mists of Tirna Scithe,2024-11-17T08:56:00.000Z,1428792,1890999,2,"Xal'atath's Bargain: Ascendant, Tyrannical, Challenger's Peril, Fortified",幻煌,Warrior,Fury,dps,Bleeding Hollow
145,344.2,307679726,11,Mists of Tirna Scithe,2024-11-17T08:56:00.000Z,1428792,1890999,2,"Xal'atath's Bargain: Ascendant, Tyrannical, Challenger's Peril, Fortified",維尼寫詩,Druid,Balance,dps,Quel'dorei
145,344.2,307679726,11,Mists of Tirna Scithe,2024-11-17T08:56:00.000Z,1428792,1890999,2,"Xal'atath's Bargain: Ascendant, Tyrannical, Challenger's Peril, Fortified",靜貴妃,Shaman,Restoration,healer,Menethil
146,344.2,307161132,11,Mists of Tirna Scithe,2024-11-14T14:01:30.000Z,1429147,1890999,2,"Xal'atath's Bargain: Ascendant, Tyrannical, Challenger's Peril, Fortified",Iwl,Shaman,Restoration,healer,Wrathbringer
146,344.2,307161132,11,Mists of Tirna Scithe,2024-11-14T14:01:30.000Z,1429147,1890999,2,"Xal'atath's Bargain: Ascendant, Tyrannical, Challenger's Peril, Fortified",Rommy,Rogue,Assassination,dps,Wrathbringer
146,344.2,307161132,11,Mists of Tirna Scithe,2024-11-14T14:01:30.000Z,1429147,1890999,2,"Xal'atath's Bargain: Ascendant, Tyrannical, Challenger's Peril, Fortified",拂曉之前,Hunter,Beast Mastery,dps,Wrathbringer
146,344.2,307161132,11,Mists of Tirna Scithe,2024-11-14T14:01:30.000Z,1429147,1890999,2,"Xal'atath's Bargain: Ascendant, Tyrannical, Challenger's Peril, Fortified",睡衣忍者,Warrior,Protection,tank,Wrathbringer
146,344.2,307161132,11,Mists of Tirna Scithe,2024-11-14T14:01:30.000Z,1429147,1890999,2,"Xal'atath's Bargain: Ascendant, Tyrannical, Challenger's Peril, Fortified",Pymastr,Mage,Arcane,dps,Sundown Marsh
147,344.2,307902343,11,Mists of Tirna Scithe,2024-11-18T12:57:39.000Z,1429289,1890999,2,"Xal'atath's Bargain: Ascendant, Tyrannical, Challenger's Peril, Fortified",Nekoslave,Paladin,Retribution,dps,Nightsong
147,344.2,307902343,11,Mists of Tirna Scithe,2024-11-18T12:57:39.000Z,1429289,1890999,2,"Xal'atath's Bargain: Ascendant, Tyrannical, Challenger's Peril, Fortified",Clif,Paladin,Protection,tank,Nightsong
147,344.2,307902343,11,Mists of Tirna Scithe,2024-11-18T12:57:39.000Z,1429289,1890999,2,"Xal'atath's Bargain: Ascendant, Tyrannical, Challenger's Peril, Fortified",Talrasha,Mage,Arcane,dps,Demon Fall Canyon
147,344.2,307902343,11,Mists of Tirna Scithe,2024-11-18T12:57:39.000Z,1429289,1890999,2,"Xal'atath's Bargain: Ascendant, Tyrannical, Challenger's Peril, Fortified",Edwardcullen,Death Knight,Unholy,dps,Demon Fall Canyon
147,344.2,307902343,11,Mists of Tirna Scithe,2024-11-18T12:57:39.000Z,1429289,1890999,2,"Xal'atath's Bargain: Ascendant, Tyrannical, Challenger's Peril, Fortified",比薩,Shaman,Restoration,healer,Sundown Marsh
148,344.1,302905424,11,Mists of Tirna Scithe,2024-10-26T11:58:06.000Z,1430733,1890999,2,"Xal'atath's Bargain: Ascendant, Fortified, Challenger's Peril, Tyrannical",比司姬-195690145,Druid,Balance,dps,Arygos
148,344.1,302905424,11,Mists of Tirna Scithe,2024-10-26T11:58:06.000Z,1430733,1890999,2,"Xal'atath's Bargain: Ascendant, Fortified, Challenger's Peril, Tyrannical",肆甜小娟,Shaman,Elemental,dps,Sundown Marsh
148,344.1,302905424,11,Mists of Tirna Scithe,2024-10-26T11:58:06.000Z,1430733,1890999,2,"Xal'atath's Bargain: Ascendant, Fortified, Challenger's Peril, Tyrannical",四萬青銅,Shaman,Restoration,healer,Arygos
148,344.1,302905424,11,Mists of Tirna Scithe,2024-10-26T11:58:06.000Z,1430733,1890999,2,"Xal'atath's Bargain: Ascendant, Fortified, Challenger's Peril, Tyrannical",老玩具,Paladin,Protection,tank,Arygos
148,344.1,302905424,11,Mists of Tirna Scithe,2024-10-26T11:58:06.000Z,1430733,1890999,2,"Xal'atath's Bargain: Ascendant, Fortified, Challenger's Peril, Tyrannical",機八獵-229965287,Hunter,Beast Mastery,dps,World Tree
149,344.1,307746654,11,Mists of Tirna Scithe,2024-11-17T18:02:04.000Z,1430877,1890999,2,"Xal'atath's Bargain: Ascendant, Tyrannical, Challenger's Peril, Fortified",卡哇伊呢,Shaman,Enhancement,dps,Sundown Marsh
149,344.1,307746654,11,Mists of Tirna Scithe,2024-11-17T18:02:04.000Z,1430877,1890999,2,"Xal'atath's Bargain: Ascendant, Tyrannical, Challenger's Peril, Fortified",Dyinglight,Paladin,Protection,tank,Nightsong
149,344.1,307746654,11,Mists of Tirna Scithe,2024-11-17T18:02:04.000Z,1430877,1890999,2,"Xal'atath's Bargain: Ascendant, Tyrannical, Challenger's Peril, Fortified",溴化銻,Paladin,Retribution,dps,Sundown Marsh
149,344.1,307746654,11,Mists of Tirna Scithe,2024-11-17T18:02:04.000Z,1430877,1890999,2,"Xal'atath's Bargain: Ascendant, Tyrannical, Challenger's Peril, Fortified",花獅,Shaman,Restoration,healer,World Tree
149,344.1,307746654,11,Mists of Tirna Scithe,2024-11-17T18:02:04.000Z,1430877,1890999,2,"Xal'atath's Bargain: Ascendant, Tyrannical, Challenger's Peril, Fortified",Cheree,Rogue,Assassination,dps,Shadowmoon
150,344.1,307129845,11,Mists of Tirna Scithe,2024-11-14T08:23:58.000Z,1430945,1890999,2,"Xal'atath's Bargain: Ascendant, Tyrannical, Challenger's Peril, Fortified",Debian,Death Knight,Unholy,dps,Skywall
150,344.1,307129845,11,Mists of Tirna Scithe,2024-11-14T08:23:58.000Z,1430945,1890999,2,"Xal'atath's Bargain: Ascendant, Tyrannical, Challenger's Peril, Fortified",Diane,Mage,Fire,dps,Skywall
150,344.1,307129845,11,Mists of Tirna Scithe,2024-11-14T08:23:58.000Z,1430945,1890999,2,"Xal'atath's Bargain: Ascendant, Tyrannical, Challenger's Peril, Fortified",Katyuki,Shaman,Restoration,healer,Skywall
150,344.1,307129845,11,Mists of Tirna Scithe,2024-11-14T08:23:58.000Z,1430945,1890999,2,"Xal'atath's Bargain: Ascendant, Tyrannical, Challenger's Peril, Fortified",禿頭拳,Monk,Brewmaster,tank,Skywall
150,344.1,307129845,11,Mists of Tirna Scithe,2024-11-14T08:23:58.000Z,1430945,1890999,2,"Xal'atath's Bargain: Ascendant, Tyrannical, Challenger's Peril, Fortified",伊蕾爾雅,Paladin,Retribution,dps,Light's Hope
151,344.1,307383276,11,Mists of Tirna Scithe,2024-11-15T21:02:07.000Z,1431166,1890999,2,"Xal'atath's Bargain: Ascendant, Tyrannical, Challenger's Peril, Fortified",你有點壞壞的,Shaman,Elemental,dps,Sundown Marsh
151,344.1,307383276,11,Mists of Tirna Scithe,2024-11-15T21:02:07.000Z,1431166,1890999,2,"Xal'atath's Bargain: Ascendant, Tyrannical, Challenger's Peril, Fortified",熱力學大師,Shaman,Enhancement,dps,Dragonmaw
151,344.1,307383276,11,Mists of Tirna Scithe,2024-11-15T21:02:07.000Z,1431166,1890999,2,"Xal'atath's Bargain: Ascendant, Tyrannical, Challenger's Peril, Fortified",哈囉你嗎嗎,Priest,Discipline,healer,Crystalpine Stinger
151,344.1,307383276,11,Mists of Tirna Scithe,2024-11-15T21:02:07.000Z,1431166,1890999,2,"Xal'atath's Bargain: Ascendant, Tyrannical, Challenger's Peril, Fortified",Magicprince,Warrior,Protection,tank,Menethil
151,344.1,307383276,11,Mists of Tirna Scithe,2024-11-15T21:02:07.000Z,1431166,1890999,2,"Xal'atath's Bargain: Ascendant, Tyrannical, Challenger's Peril, Fortified",卍鬼厲,Warlock,Destruction,dps,Crystalpine Stinger
152,344.1,302703155,11,Mists of Tirna Scithe,2024-10-25T19:09:43.000Z,1433306,1890999,2,"Xal'atath's Bargain: Ascendant, Fortified, Challenger's Peril, Tyrannical",三逼八改,Shaman,Elemental,dps,Demon Fall Canyon
152,344.1,302703155,11,Mists of Tirna Scithe,2024-10-25T19:09:43.000Z,1433306,1890999,2,"Xal'atath's Bargain: Ascendant, Fortified, Challenger's Peril, Tyrannical",怪形怪狀,Paladin,Retribution,dps,Chillwind Point
152,344.1,302703155,11,Mists of Tirna Scithe,2024-10-25T19:09:43.000Z,1433306,1890999,2,"Xal'atath's Bargain: Ascendant, Fortified, Challenger's Peril, Tyrannical",莫再蔣,Hunter,Survival,dps,Spirestone
152,344.1,302703155,11,Mists of Tirna Scithe,2024-10-25T19:09:43.000Z,1433306,1890999,2,"Xal'atath's Bargain: Ascendant, Fortified, Challenger's Peril, Tyrannical",北上七哩哩,Demon Hunter,Vengeance,tank,Nightsong
152,344.1,302703155,11,Mists of Tirna Scithe,2024-10-25T19:09:43.000Z,1433306,1890999,2,"Xal'atath's Bargain: Ascendant, Fortified, Challenger's Peril, Tyrannical",Baddragon,Evoker,Preservation,healer,Nightsong
153,344.1,302951809,11,Mists of Tirna Scithe,2024-10-26T15:31:23.000Z,1433602,1890999,2,"Xal'atath's Bargain: Ascendant, Fortified, Challenger's Peril, Tyrannical",罰站課實習生,Shaman,Enhancement,dps,Quel'dorei
153,344.1,302951809,11,Mists of Tirna Scithe,2024-10-26T15:31:23.000Z,1433602,1890999,2,"Xal'atath's Bargain: Ascendant, Fortified, Challenger's Peril, Tyrannical",Okboyk,Death Knight,Frost,dps,Crystalpine Stinger
153,344.1,302951809,11,Mists of Tirna Scithe,2024-10-26T15:31:23.000Z,1433602,1890999,2,"Xal'atath's Bargain: Ascendant, Fortified, Challenger's Peril, Tyrannical",低頭猛干飯,Druid,Restoration,healer,Hellscream
153,344.1,302951809,11,Mists of Tirna Scithe,2024-10-26T15:31:23.000Z,1433602,1890999,2,"Xal'atath's Bargain: Ascendant, Fortified, Challenger's Peril, Tyrannical",睡覺到自然醒,Warrior,Protection,tank,Quel'dorei
153,344.1,302951809,11,Mists of Tirna Scithe,2024-10-26T15:31:23.000Z,1433602,1890999,2,"Xal'atath's Bargain: Ascendant, Fortified, Challenger's Peril, Tyrannical",Cputh,Mage,Frost,dps,World Tree
154,344.1,307179036,11,Mists of Tirna Scithe,2024-11-14T17:05:31.000Z,1434307,1890999,2,"Xal'atath's Bargain: Ascendant, Tyrannical, Challenger's Peril, Fortified",Kasper,Mage,Arcane,dps,Shadowmoon
154,344.1,307179036,11,Mists of Tirna Scithe,2024-11-14T17:05:31.000Z,1434307,1890999,2,"Xal'atath's Bargain: Ascendant, Tyrannical, Challenger's Peril, Fortified",積口德,Druid,Restoration,healer,Shadowmoon
154,344.1,307179036,11,Mists of Tirna Scithe,2024-11-14T17:05:31.000Z,1434307,1890999,2,"Xal'atath's Bargain: Ascendant, Tyrannical, Challenger's Peril, Fortified",珮洛琳,Paladin,Retribution,dps,Shadowmoon
154,344.1,307179036,11,Mists of Tirna Scithe,2024-11-14T17:05:31.000Z,1434307,1890999,2,"Xal'atath's Bargain: Ascendant, Tyrannical, Challenger's Peril, Fortified",Holypaper,Paladin,Protection,tank,Chillwind Point
154,344.1,307179036,11,Mists of Tirna Scithe,2024-11-14T17:05:31.000Z,1434307,1890999,2,"Xal'atath's Bargain: Ascendant, Tyrannical, Challenger's Peril, Fortified",牡丹亭經夢,Druid,Balance,dps,Arthas
155,344.1,303626551,11,Mists of Tirna Scithe,2024-10-29T12:53:33.000Z,1434374,1890999,2,"Xal'atath's Bargain: Ascendant, Fortified, Challenger's Peril, Tyrannical",Ykdawn,Warrior,Protection,tank,Sundown Marsh
155,344.1,303626551,11,Mists of Tirna Scithe,2024-10-29T12:53:33.000Z,1434374,1890999,2,"Xal'atath's Bargain: Ascendant, Fortified, Challenger's Peril, Tyrannical",搖滾薩滿,Shaman,Elemental,dps,Nightsong
155,344.1,303626551,11,Mists of Tirna Scithe,2024-10-29T12:53:33.000Z,1434374,1890999,2,"Xal'atath's Bargain: Ascendant, Fortified, Challenger's Peril, Tyrannical",Enchyi,Priest,Holy,healer,Wrathbringer
155,344.1,303626551,11,Mists of Tirna Scithe,2024-10-29T12:53:33.000Z,1434374,1890999,2,"Xal'atath's Bargain: Ascendant, Fortified, Challenger's Peril, Tyrannical",隨風飄拭,Demon Hunter,Havoc,dps,Light's Hope
155,344.1,303626551,11,Mists of Tirna Scithe,2024-10-29T12:53:33.000Z,1434374,1890999,2,"Xal'atath's Bargain: Ascendant, Fortified, Challenger's Peril, Tyrannical",蛤換我打宿儺,Paladin,Retribution,dps,Hellscream
156,344,303655477,11,Mists of Tirna Scithe,2024-10-29T13:24:22.000Z,1434666,1890999,2,"Xal'atath's Bargain: Ascendant, Fortified, Challenger's Peril, Tyrannical",基拉煌大和,Mage,Arcane,dps,Wrathbringer
156,344,303655477,11,Mists of Tirna Scithe,2024-10-29T13:24:22.000Z,1434666,1890999,2,"Xal'atath's Bargain: Ascendant, Fortified, Challenger's Peril, Tyrannical",雷電,Shaman,Restoration,healer,Dragonmaw
156,344,303655477,11,Mists of Tirna Scithe,2024-10-29T13:24:22.000Z,1434666,1890999,2,"Xal'atath's Bargain: Ascendant, Fortified, Challenger's Peril, Tyrannical",臭鳥蛋,Rogue,Assassination,dps,Dragonmaw
156,344,303655477,11,Mists of Tirna Scithe,2024-10-29T13:24:22.000Z,1434666,1890999,2,"Xal'atath's Bargain: Ascendant, Fortified, Challenger's Peril, Tyrannical",兔子神話,Death Knight,Frost,dps,World Tree
156,344,303655477,11,Mists of Tirna Scithe,2024-10-29T13:24:22.000Z,1434666,1890999,2,"Xal'atath's Bargain: Ascendant, Fortified, Challenger's Peril, Tyrannical",淆底獸,Warrior,Protection,tank,Dragonmaw
157,344,307868635,11,Mists of Tirna Scithe,2024-11-18T05:20:31.000Z,1435519,1890999,2,"Xal'atath's Bargain: Ascendant, Tyrannical, Challenger's Peril, Fortified",紫綵糰,Paladin,Holy,healer,Light's Hope
157,344,307868635,11,Mists of Tirna Scithe,2024-11-18T05:20:31.000Z,1435519,1890999,2,"Xal'atath's Bargain: Ascendant, Tyrannical, Challenger's Peril, Fortified",畜牲庸醫,Priest,Shadow,dps,Frostmane
157,344,307868635,11,Mists of Tirna Scithe,2024-11-18T05:20:31.000Z,1435519,1890999,2,"Xal'atath's Bargain: Ascendant, Tyrannical, Challenger's Peril, Fortified",Nocugeulae,Shaman,Enhancement,dps,Sundown Marsh
157,344,307868635,11,Mists of Tirna Scithe,2024-11-18T05:20:31.000Z,1435519,1890999,2,"Xal'atath's Bargain: Ascendant, Tyrannical, Challenger's Peril, Fortified",貝爾,Warrior,Fury,dps,Bleeding Hollow
157,344,307868635,11,Mists of Tirna Scithe,2024-11-18T05:20:31.000Z,1435519,1890999,2,"Xal'atath's Bargain: Ascendant, Tyrannical, Challenger's Peril, Fortified",太屌鳥,Paladin,Protection,tank,Shadowmoon
158,344,307916839,11,Mists of Tirna Scithe,2024-11-18T14:57:14.000Z,1435580,1890999,2,"Xal'atath's Bargain: Ascendant, Tyrannical, Challenger's Peril, Fortified",Giraffeblues,Shaman,Enhancement,dps,Arthas
158,344,307916839,11,Mists of Tirna Scithe,2024-11-18T14:57:14.000Z,1435580,1890999,2,"Xal'atath's Bargain: Ascendant, Tyrannical, Challenger's Peril, Fortified",小冰娃,Priest,Discipline,healer,Spirestone
158,344,307916839,11,Mists of Tirna Scithe,2024-11-18T14:57:14.000Z,1435580,1890999,2,"Xal'atath's Bargain: Ascendant, Tyrannical, Challenger's Peril, Fortified",我的媽有夠痛,Paladin,Protection,tank,Sundown Marsh
158,344,307916839,11,Mists of Tirna Scithe,2024-11-18T14:57:14.000Z,1435580,1890999,2,"Xal'atath's Bargain: Ascendant, Tyrannical, Challenger's Peril, Fortified",肥仔開倉,Death Knight,Frost,dps,Sundown Marsh
158,344,307916839,11,Mists of Tirna Scithe,2024-11-18T14:57:14.000Z,1435580,1890999,2,"Xal'atath's Bargain: Ascendant, Tyrannical, Challenger's Peril, Fortified",向暴雪屈服,Evoker,Augmentation,dps,Sundown Marsh
159,344,303153328,11,Mists of Tirna Scithe,2024-10-27T10:38:59.000Z,1435952,1890999,2,"Xal'atath's Bargain: Ascendant, Fortified, Challenger's Peril, Tyrannical",比比丷,Demon Hunter,Vengeance,tank,Sundown Marsh
159,344,303153328,11,Mists of Tirna Scithe,2024-10-27T10:38:59.000Z,1435952,1890999,2,"Xal'atath's Bargain: Ascendant, Fortified, Challenger's Peril, Tyrannical",傳說級暖男,Death Knight,Frost,dps,Sundown Marsh
159,344,303153328,11,Mists of Tirna Scithe,2024-10-27T10:38:59.000Z,1435952,1890999,2,"Xal'atath's Bargain: Ascendant, Fortified, Challenger's Peril, Tyrannical",打到妳哭,Warlock,Demonology,dps,Sundown Marsh
159,344,303153328,11,Mists of Tirna Scithe,2024-10-27T10:38:59.000Z,1435952,1890999,2,"Xal'atath's Bargain: Ascendant, Fortified, Challenger's Peril, Tyrannical",Joeyblurblur,Shaman,Elemental,dps,World Tree
159,344,303153328,11,Mists of Tirna Scithe,2024-10-27T10:38:59.000Z,1435952,1890999,2,"Xal'atath's Bargain: Ascendant, Fortified, Challenger's Peril, Tyrannical",Karyek,Priest,Discipline,healer,Shadowmoon
160,344,303635076,11,Mists of Tirna Scithe,2024-10-29T14:06:54.000Z,1436174,1890999,2,"Xal'atath's Bargain: Ascendant, Fortified, Challenger's Peril, Tyrannical",克蕾兒德露恩,Rogue,Outlaw,dps,Shadowmoon
160,344,303635076,11,Mists of Tirna Scithe,2024-10-29T14:06:54.000Z,1436174,1890999,2,"Xal'atath's Bargain: Ascendant, Fortified, Challenger's Peril, Tyrannical",奶媽崴,Priest,Discipline,healer,Shadowmoon
160,344,303635076,11,Mists of Tirna Scithe,2024-10-29T14:06:54.000Z,1436174,1890999,2,"Xal'atath's Bargain: Ascendant, Fortified, Challenger's Peril, Tyrannical",開場歪歪,Warrior,Protection,tank,Shadowmoon
160,344,303635076,11,Mists of Tirna Scithe,2024-10-29T14:06:54.000Z,1436174,1890999,2,"Xal'atath's Bargain: Ascendant, Fortified, Challenger's Peril, Tyrannical",粉色剩歧視,Paladin,Retribution,dps,Shadowmoon
160,344,303635076,11,Mists of Tirna Scithe,2024-10-29T14:06:54.000Z,1436174,1890999,2,"Xal'atath's Bargain: Ascendant, Fortified, Challenger's Peril, Tyrannical",縫粄大盒,Hunter,Survival,dps,World Tree
161,344,307181119,11,Mists of Tirna Scithe,2024-11-14T17:21:00.000Z,1436283,1890999,2,"Xal'atath's Bargain: Ascendant, Tyrannical, Challenger's Peril, Fortified",九打刀,Warlock,Destruction,dps,World Tree
161,344,307181119,11,Mists of Tirna Scithe,2024-11-14T17:21:00.000Z,1436283,1890999,2,"Xal'atath's Bargain: Ascendant, Tyrannical, Challenger's Peril, Fortified",不來恩,Hunter,Beast Mastery,dps,Arthas
161,344,307181119,11,Mists of Tirna Scithe,2024-11-14T17:21:00.000Z,1436283,1890999,2,"Xal'atath's Bargain: Ascendant, Tyrannical, Challenger's Peril, Fortified",庫霸,Warrior,Fury,dps,Dragonmaw
161,344,307181119,11,Mists of Tirna Scithe,2024-11-14T17:21:00.000Z,1436283,1890999,2,"Xal'atath's Bargain: Ascendant, Tyrannical, Challenger's Peril, Fortified",雨雨兒,Priest,Discipline,healer,Nightsong
161,344,307181119,11,Mists of Tirna Scithe,2024-11-14T17:21:00.000Z,1436283,1890999,2,"Xal'atath's Bargain: Ascendant, Tyrannical, Challenger's Peril, Fortified",搞怪大熊,Druid,Guardian,tank,Zealot Blade
162,344,307724618,11,Mists of Tirna Scithe,2024-11-17T13:38:41.000Z,1436684,1890999,2,"Xal'atath's Bargain: Ascendant, Tyrannical, Challenger's Peril, Fortified",霓德霍格,Evoker,Preservation,healer,Arygos
162,344,307724618,11,Mists of Tirna Scithe,2024-11-17T13:38:41.000Z,1436684,1890999,2,"Xal'atath's Bargain: Ascendant, Tyrannical, Challenger's Peril, Fortified",武士三惡,Paladin,Retribution,dps,Arthas
162,344,307724618,11,Mists of Tirna Scithe,2024-11-17T13:38:41.000Z,1436684,1890999,2,"Xal'atath's Bargain: Ascendant, Tyrannical, Challenger's Peril, Fortified",青蛙,Death Knight,Blood,tank,Menethil
162,344,307724618,11,Mists of Tirna Scithe,2024-11-17T13:38:41.000Z,1436684,1890999,2,"Xal'atath's Bargain: Ascendant, Tyrannical, Challenger's Peril, Fortified",Guratoni,Warlock,Affliction,dps,Spirestone
162,344,307724618,11,Mists of Tirna Scithe,2024-11-17T13:38:41.000Z,1436684,1890999,2,"Xal'atath's Bargain: Ascendant, Tyrannical, Challenger's Peril, Fortified",火痞卡卡,Mage,Frost,dps,Whisperwind
163,344,307499333,11,Mists of Tirna Scithe,2024-11-16T13:30:09.000Z,1436831,1890999,2,"Xal'atath's Bargain: Ascendant, Tyrannical, Challenger's Peril, Fortified",別哭泣,Warlock,Demonology,dps,Hellscream
163,344,307499333,11,Mists of Tirna Scithe,2024-11-16T13:30:09.000Z,1436831,1890999,2,"Xal'atath's Bargain: Ascendant, Tyrannical, Challenger's Peril, Fortified",旂恪,Hunter,Survival,dps,Shadowmoon
163,344,307499333,11,Mists of Tirna Scithe,2024-11-16T13:30:09.000Z,1436831,1890999,2,"Xal'atath's Bargain: Ascendant, Tyrannical, Challenger's Peril, Fortified",瘋狂芒果冰,Druid,Guardian,tank,Hellscream
163,344,307499333,11,Mists of Tirna Scithe,2024-11-16T13:30:09.000Z,1436831,1890999,2,"Xal'atath's Bargain: Ascendant, Tyrannical, Challenger's Peril, Fortified",千年白狐,Priest,Holy,healer,Demon Fall Canyon
163,344,307499333,11,Mists of Tirna Scithe,2024-11-16T13:30:09.000Z,1436831,1890999,2,"Xal'atath's Bargain: Ascendant, Tyrannical, Challenger's Peril, Fortified",Soro,Evoker,Augmentation,dps,Whisperwind
164,344,302406591,11,Mists of Tirna Scithe,2024-10-24T01:36:11.000Z,1437006,1890999,2,"Xal'atath's Bargain: Ascendant, Fortified, Challenger's Peril, Tyrannical",劍聖柳昇劍影,Priest,Holy,healer,Skywall
164,344,302406591,11,Mists of Tirna Scithe,2024-10-24T01:36:11.000Z,1437006,1890999,2,"Xal'atath's Bargain: Ascendant, Fortified, Challenger's Peril, Tyrannical",惡小液,Paladin,Protection,tank,Arthas
164,344,302406591,11,Mists of Tirna Scithe,2024-10-24T01:36:11.000Z,1437006,1890999,2,"Xal'atath's Bargain: Ascendant, Fortified, Challenger's Peril, Tyrannical",肉毒書包大王,Druid,Balance,dps,Crystalpine Stinger
164,344,302406591,11,Mists of Tirna Scithe,2024-10-24T01:36:11.000Z,1437006,1890999,2,"Xal'atath's Bargain: Ascendant, Fortified, Challenger's Peril, Tyrannical",洛天夜,Death Knight,Frost,dps,Dragonmaw
164,344,302406591,11,Mists of Tirna Scithe,2024-10-24T01:36:11.000Z,1437006,1890999,2,"Xal'atath's Bargain: Ascendant, Fortified, Challenger's Peril, Tyrannical",惡小鐵,Shaman,Elemental,dps,Crystalpine Stinger
165,344,307167795,11,Mists of Tirna Scithe,2024-11-14T15:10:45.000Z,1438029,1890999,2,"Xal'atath's Bargain: Ascendant, Tyrannical, Challenger's Peril, Fortified",秘銀礦石,Paladin,Retribution,dps,Shadowmoon
165,344,307167795,11,Mists of Tirna Scithe,2024-11-14T15:10:45.000Z,1438029,1890999,2,"Xal'atath's Bargain: Ascendant, Tyrannical, Challenger's Peril, Fortified",亨耳氏套-55926429,Rogue,Assassination,dps,Frostmane
165,344,307167795,11,Mists of Tirna Scithe,2024-11-14T15:10:45.000Z,1438029,1890999,2,"Xal'atath's Bargain: Ascendant, Tyrannical, Challenger's Peril, Fortified",虔誠聖光,Paladin,Protection,tank,Frostmane
165,344,307167795,11,Mists of Tirna Scithe,2024-11-14T15:10:45.000Z,1438029,1890999,2,"Xal'atath's Bargain: Ascendant, Tyrannical, Challenger's Peril, Fortified",咖啡被子,Shaman,Restoration,healer,Frostmane
165,344,307167795,11,Mists of Tirna Scithe,2024-11-14T15:10:45.000Z,1438029,1890999,2,"Xal'atath's Bargain: Ascendant, Tyrannical, Challenger's Peril, Fortified",醉生大燻腸,Death Knight,Frost,dps,Demon Fall Canyon
166,344,305593144,11,Mists of Tirna Scithe,2024-11-18T06:03:18.000Z,1438191,1890999,2,"Xal'atath's Bargain: Ascendant, Tyrannical, Challenger's Peril, Fortified",欸桑,Paladin,Retribution,dps,Light's Hope
166,344,305593144,11,Mists of Tirna Scithe,2024-11-18T06:03:18.000Z,1438191,1890999,2,"Xal'atath's Bargain: Ascendant, Tyrannical, Challenger's Peril, Fortified",沐曦,Shaman,Restoration,healer,Light's Hope
166,344,305593144,11,Mists of Tirna Scithe,2024-11-18T06:03:18.000Z,1438191,1890999,2,"Xal'atath's Bargain: Ascendant, Tyrannical, Challenger's Peril, Fortified",Norc,Warrior,Arms,dps,Light's Hope
166,344,305593144,11,Mists of Tirna Scithe,2024-11-18T06:03:18.000Z,1438191,1890999,2,"Xal'atath's Bargain: Ascendant, Tyrannical, Challenger's Peril, Fortified",Raw,Paladin,Protection,tank,Light's Hope
166,344,305593144,11,Mists of Tirna Scithe,2024-11-18T06:03:18.000Z,1438191,1890999,2,"Xal'atath's Bargain: Ascendant, Tyrannical, Challenger's Peril, Fortified",曦晴,Mage,Arcane,dps,Crystalpine Stinger
167,344,298430809,11,Mists of Tirna Scithe,2024-11-19T14:18:37.000Z,1439101,1890999,2,"Xal'atath's Bargain: Ascendant, Tyrannical, Challenger's Peril, Fortified",涮涮鍋,Death Knight,Blood,tank,Arygos
167,344,298430809,11,Mists of Tirna Scithe,2024-11-19T14:18:37.000Z,1439101,1890999,2,"Xal'atath's Bargain: Ascendant, Tyrannical, Challenger's Peril, Fortified",破幽,Shaman,Elemental,dps,Arygos
167,344,298430809,11,Mists of Tirna Scithe,2024-11-19T14:18:37.000Z,1439101,1890999,2,"Xal'atath's Bargain: Ascendant, Tyrannical, Challenger's Peril, Fortified",Aselia,Priest,Holy,healer,Arygos
167,344,298430809,11,Mists of Tirna Scithe,2024-11-19T14:18:37.000Z,1439101,1890999,2,"Xal'atath's Bargain: Ascendant, Tyrannical, Challenger's Peril, Fortified",無上抹茶,Hunter,Survival,dps,World Tree
167,344,298430809,11,Mists of Tirna Scithe,2024-11-19T14:18:37.000Z,1439101,1890999,2,"Xal'atath's Bargain: Ascendant, Tyrannical, Challenger's Peril, Fortified",十二喵公爵,Paladin,Retribution,dps,Arygos
168,343.9,303136146,11,Mists of Tirna Scithe,2024-10-27T08:11:33.000Z,1439747,1890999,2,"Xal'atath's Bargain: Ascendant, Fortified, Challenger's Peril, Tyrannical",吃一口牛肉麵,Mage,Frost,dps,Silverwing Hold
168,343.9,303136146,11,Mists of Tirna Scithe,2024-10-27T08:11:33.000Z,1439747,1890999,2,"Xal'atath's Bargain: Ascendant, Fortified, Challenger's Peril, Tyrannical",冽光,Paladin,Protection,tank,Light's Hope
168,343.9,303136146,11,Mists of Tirna Scithe,2024-10-27T08:11:33.000Z,1439747,1890999,2,"Xal'atath's Bargain: Ascendant, Fortified, Challenger's Peril, Tyrannical",丫馬拉穆丫,Priest,Discipline,healer,Sundown Marsh
168,343.9,303136146,11,Mists of Tirna Scithe,2024-10-27T08:11:33.000Z,1439747,1890999,2,"Xal'atath's Bargain: Ascendant, Fortified, Challenger's Peril, Tyrannical",嚕嘎嚕嘎,Death Knight,Frost,dps,Sundown Marsh
168,343.9,303136146,11,Mists of Tirna Scithe,2024-10-27T08:11:33.000Z,1439747,1890999,2,"Xal'atath's Bargain: Ascendant, Fortified, Challenger's Peril, Tyrannical",英式伯爵奶茶,Shaman,Elemental,dps,Wrathbringer
169,343.9,303837894,11,Mists of Tirna Scithe,2024-10-30T12:28:33.000Z,1440415,1890999,2,"Xal'atath's Bargain: Ascendant, Fortified, Challenger's Peril, Tyrannical",演員,Paladin,Holy,healer,Skywall
169,343.9,303837894,11,Mists of Tirna Scithe,2024-10-30T12:28:33.000Z,1440415,1890999,2,"Xal'atath's Bargain: Ascendant, Fortified, Challenger's Peril, Tyrannical",肛莖,Death Knight,Frost,dps,Arthas
169,343.9,303837894,11,Mists of Tirna Scithe,2024-10-30T12:28:33.000Z,1440415,1890999,2,"Xal'atath's Bargain: Ascendant, Fortified, Challenger's Peril, Tyrannical",Bono,Paladin,Retribution,dps,Shadowmoon
169,343.9,303837894,11,Mists of Tirna Scithe,2024-10-30T12:28:33.000Z,1440415,1890999,2,"Xal'atath's Bargain: Ascendant, Fortified, Challenger's Peril, Tyrannical",Stormpaladin,Paladin,Protection,tank,Shadowmoon
169,343.9,303837894,11,Mists of Tirna Scithe,2024-10-30T12:28:33.000Z,1440415,1890999,2,"Xal'atath's Bargain: Ascendant, Fortified, Challenger's Peril, Tyrannical",AnonDB13990,Shaman,Enhancement,dps,Anonymous
170,343.9,303415148,11,Mists of Tirna Scithe,2024-10-28T13:32:53.000Z,1440780,1890999,2,"Xal'atath's Bargain: Ascendant, Fortified, Challenger's Peril, Tyrannical",伍百打玖哲,Mage,Frost,dps,Sundown Marsh
170,343.9,303415148,11,Mists of Tirna Scithe,2024-10-28T13:32:53.000Z,1440780,1890999,2,"Xal'atath's Bargain: Ascendant, Fortified, Challenger's Peril, Tyrannical",Leewar,Warrior,Protection,tank,Shadowmoon
170,343.9,303415148,11,Mists of Tirna Scithe,2024-10-28T13:32:53.000Z,1440780,1890999,2,"Xal'atath's Bargain: Ascendant, Fortified, Challenger's Peril, Tyrannical",十星魔關羽,Death Knight,Frost,dps,Sundown Marsh
170,343.9,303415148,11,Mists of Tirna Scithe,2024-10-28T13:32:53.000Z,1440780,1890999,2,"Xal'atath's Bargain: Ascendant, Fortified, Challenger's Peril, Tyrannical",Whitelotus,Paladin,Retribution,dps,Sundown Marsh
170,343.9,303415148,11,Mists of Tirna Scithe,2024-10-28T13:32:53.000Z,1440780,1890999,2,"Xal'atath's Bargain: Ascendant, Fortified, Challenger's Peril, Tyrannical",牛牛乾脆麵,Shaman,Restoration,healer,Nightsong
171,343.9,307183946,11,Mists of Tirna Scithe,2024-11-14T17:55:43.000Z,1441651,1890999,2,"Xal'atath's Bargain: Ascendant, Tyrannical, Challenger's Peril, Fortified",娃的傳說,Paladin,Protection,tank,Sundown Marsh
171,343.9,307183946,11,Mists of Tirna Scithe,2024-11-14T17:55:43.000Z,1441651,1890999,2,"Xal'atath's Bargain: Ascendant, Tyrannical, Challenger's Peril, Fortified",沐祤,Hunter,Survival,dps,Sundown Marsh
171,343.9,307183946,11,Mists of Tirna Scithe,2024-11-14T17:55:43.000Z,1441651,1890999,2,"Xal'atath's Bargain: Ascendant, Tyrannical, Challenger's Peril, Fortified",Apostate,Warlock,Destruction,dps,Arthas
171,343.9,307183946,11,Mists of Tirna Scithe,2024-11-14T17:55:43.000Z,1441651,1890999,2,"Xal'atath's Bargain: Ascendant, Tyrannical, Challenger's Peril, Fortified",岳禾,Druid,Restoration,healer,Arthas
171,343.9,307183946,11,Mists of Tirna Scithe,2024-11-14T17:55:43.000Z,1441651,1890999,2,"Xal'atath's Bargain: Ascendant, Tyrannical, Challenger's Peril, Fortified",小威啦,Demon Hunter,Havoc,dps,Whisperwind
172,343.9,303461964,11,Mists of Tirna Scithe,2024-10-28T15:26:14.000Z,1442217,1890999,2,"Xal'atath's Bargain: Ascendant, Fortified, Challenger's Peril, Tyrannical",櫻花牧,Priest,Shadow,dps,Silverwing Hold
172,343.9,303461964,11,Mists of Tirna Scithe,2024-10-28T15:26:14.000Z,1442217,1890999,2,"Xal'atath's Bargain: Ascendant, Fortified, Challenger's Peril, Tyrannical",福氣魚,Warlock,Destruction,dps,Shadowmoon
172,343.9,303461964,11,Mists of Tirna Scithe,2024-10-28T15:26:14.000Z,1442217,1890999,2,"Xal'atath's Bargain: Ascendant, Fortified, Challenger's Peril, Tyrannical",依舊良人,Paladin,Retribution,dps,World Tree
172,343.9,303461964,11,Mists of Tirna Scithe,2024-10-28T15:26:14.000Z,1442217,1890999,2,"Xal'atath's Bargain: Ascendant, Fortified, Challenger's Peril, Tyrannical",蠻小喵,Shaman,Restoration,healer,World Tree
172,343.9,303461964,11,Mists of Tirna Scithe,2024-10-28T15:26:14.000Z,1442217,1890999,2,"Xal'atath's Bargain: Ascendant, Fortified, Challenger's Peril, Tyrannical",笑個德,Druid,Guardian,tank,Arygos
173,343.9,302691756,11,Mists of Tirna Scithe,2024-10-25T16:49:56.000Z,1442669,1890999,2,"Xal'atath's Bargain: Ascendant, Fortified, Challenger's Peril, Tyrannical",梔夏,Death Knight,Unholy,dps,Skywall
173,343.9,302691756,11,Mists of Tirna Scithe,2024-10-25T16:49:56.000Z,1442669,1890999,2,"Xal'atath's Bargain: Ascendant, Fortified, Challenger's Peril, Tyrannical",Simplemage,Mage,Frost,dps,Light's Hope
173,343.9,302691756,11,Mists of Tirna Scithe,2024-10-25T16:49:56.000Z,1442669,1890999,2,"Xal'atath's Bargain: Ascendant, Fortified, Challenger's Peril, Tyrannical",Narkar,Warlock,Demonology,dps,Light's Hope
173,343.9,302691756,11,Mists of Tirna Scithe,2024-10-25T16:49:56.000Z,1442669,1890999,2,"Xal'atath's Bargain: Ascendant, Fortified, Challenger's Peril, Tyrannical",天使睿儿,Druid,Guardian,tank,Light's Hope
173,343.9,302691756,11,Mists of Tirna Scithe,2024-10-25T16:49:56.000Z,1442669,1890999,2,"Xal'atath's Bargain: Ascendant, Fortified, Challenger's Peril, Tyrannical",玄狼,Shaman,Restoration,healer,Light's Hope
174,343.9,307550297,11,Mists of Tirna Scithe,2024-11-16T18:18:47.000Z,1442792,1890999,2,"Xal'atath's Bargain: Ascendant, Tyrannical, Challenger's Peril, Fortified",崇高幻象,Demon Hunter,Vengeance,tank,Whisperwind
174,343.9,307550297,11,Mists of Tirna Scithe,2024-11-16T18:18:47.000Z,1442792,1890999,2,"Xal'atath's Bargain: Ascendant, Tyrannical, Challenger's Peril, Fortified",冰小艾,Paladin,Retribution,dps,Sundown Marsh
174,343.9,307550297,11,Mists of Tirna Scithe,2024-11-16T18:18:47.000Z,1442792,1890999,2,"Xal'atath's Bargain: Ascendant, Tyrannical, Challenger's Peril, Fortified",白夜制造,Priest,Shadow,dps,Whisperwind
174,343.9,307550297,11,Mists of Tirna Scithe,2024-11-16T18:18:47.000Z,1442792,1890999,2,"Xal'atath's Bargain: Ascendant, Tyrannical, Challenger's Peril, Fortified",Commedia,Priest,Discipline,healer,Menethil
174,343.9,307550297,11,Mists of Tirna Scithe,2024-11-16T18:18:47.000Z,1442792,1890999,2,"Xal'atath's Bargain: Ascendant, Tyrannical, Challenger's Peril, Fortified",阪口,Shaman,Elemental,dps,Dragonmaw
175,343.9,303181975,11,Mists of Tirna Scithe,2024-10-27T14:11:40.000Z,1442926,1890999,2,"Xal'atath's Bargain: Ascendant, Fortified, Challenger's Peril, Tyrannical",胖達莉亞,Monk,Brewmaster,tank,Demon Fall Canyon
175,343.9,303181975,11,Mists of Tirna Scithe,2024-10-27T14:11:40.000Z,1442926,1890999,2,"Xal'atath's Bargain: Ascendant, Fortified, Challenger's Peril, Tyrannical",Hyacinth,Paladin,Retribution,dps,Nightsong
175,343.9,303181975,11,Mists of Tirna Scithe,2024-10-27T14:11:40.000Z,1442926,1890999,2,"Xal'atath's Bargain: Ascendant, Fortified, Challenger's Peril, Tyrannical",毛克,Shaman,Elemental,dps,Demon Fall Canyon
175,343.9,303181975,11,Mists of Tirna Scithe,2024-10-27T14:11:40.000Z,1442926,1890999,2,"Xal'atath's Bargain: Ascendant, Fortified, Challenger's Peril, Tyrannical",Dinahlance,Priest,Shadow,dps,Sundown Marsh
175,343.9,303181975,11,Mists of Tirna Scithe,2024-10-27T14:11:40.000Z,1442926,1890999,2,"Xal'atath's Bargain: Ascendant, Fortified, Challenger's Peril, Tyrannical",加班不加薪,Shaman,Restoration,healer,Demon Fall Canyon
176,343.9,307536466,11,Mists of Tirna Scithe,2024-11-16T17:21:02.000Z,1444227,1890999,2,"Xal'atath's Bargain: Ascendant, Tyrannical, Challenger's Peril, Fortified",穹凜,Evoker,Augmentation,dps,Shadowmoon
176,343.9,307536466,11,Mists of Tirna Scithe,2024-11-16T17:21:02.000Z,1444227,1890999,2,"Xal'atath's Bargain: Ascendant, Tyrannical, Challenger's Peril, Fortified",牧瀬紅莉栖,Warlock,Destruction,dps,Hellscream
176,343.9,307536466,11,Mists of Tirna Scithe,2024-11-16T17:21:02.000Z,1444227,1890999,2,"Xal'atath's Bargain: Ascendant, Tyrannical, Challenger's Peril, Fortified",李李,Paladin,Protection,tank,Shadowmoon
176,343.9,307536466,11,Mists of Tirna Scithe,2024-11-16T17:21:02.000Z,1444227,1890999,2,"Xal'atath's Bargain: Ascendant, Tyrannical, Challenger's Peril, Fortified",Gwyn,Death Knight,Frost,dps,Light's Hope
176,343.9,307536466,11,Mists of Tirna Scithe,2024-11-16T17:21:02.000Z,1444227,1890999,2,"Xal'atath's Bargain: Ascendant, Tyrannical, Challenger's Peril, Fortified",嚕咪公主,Shaman,Restoration,healer,World Tree
177,343.8,303637334,11,Mists of Tirna Scithe,2024-10-29T14:23:58.000Z,1446057,1890999,2,"Xal'atath's Bargain: Ascendant, Fortified, Challenger's Peril, Tyrannical",茉莉雅娜,Druid,Restoration,healer,Quel'dorei
177,343.8,303637334,11,Mists of Tirna Scithe,2024-10-29T14:23:58.000Z,1446057,1890999,2,"Xal'atath's Bargain: Ascendant, Fortified, Challenger's Peril, Tyrannical",脩葛達因,Death Knight,Frost,dps,Shadowmoon
177,343.8,303637334,11,Mists of Tirna Scithe,2024-10-29T14:23:58.000Z,1446057,1890999,2,"Xal'atath's Bargain: Ascendant, Fortified, Challenger's Peril, Tyrannical",夏蘇勒哈,Hunter,Survival,dps,Whisperwind
177,343.8,303637334,11,Mists of Tirna Scithe,2024-10-29T14:23:58.000Z,1446057,1890999,2,"Xal'atath's Bargain: Ascendant, Fortified, Challenger's Peril, Tyrannical",德魯盧魯嚕乳,Druid,Guardian,tank,Shadowmoon
177,343.8,303637334,11,Mists of Tirna Scithe,2024-10-29T14:23:58.000Z,1446057,1890999,2,"Xal'atath's Bargain: Ascendant, Fortified, Challenger's Peril, Tyrannical",Chinm,Shaman,Elemental,dps,Shadowmoon
178,343.8,307676656,11,Mists of Tirna Scithe,2024-11-17T07:51:39.000Z,1446430,1890999,2,"Xal'atath's Bargain: Ascendant, Tyrannical, Challenger's Peril, Fortified",Lobenten,Monk,Mistweaver,healer,Arygos
178,343.8,307676656,11,Mists of Tirna Scithe,2024-11-17T07:51:39.000Z,1446430,1890999,2,"Xal'atath's Bargain: Ascendant, Tyrannical, Challenger's Peril, Fortified",蒼鐮的天狗,Hunter,Beast Mastery,dps,World Tree
178,343.8,307676656,11,Mists of Tirna Scithe,2024-11-17T07:51:39.000Z,1446430,1890999,2,"Xal'atath's Bargain: Ascendant, Tyrannical, Challenger's Peril, Fortified",Tarara,Rogue,Assassination,dps,Arygos
178,343.8,307676656,11,Mists of Tirna Scithe,2024-11-17T07:51:39.000Z,1446430,1890999,2,"Xal'atath's Bargain: Ascendant, Tyrannical, Challenger's Peril, Fortified",薰衣草色的海,Warlock,Destruction,dps,Arygos
178,343.8,307676656,11,Mists of Tirna Scithe,2024-11-17T07:51:39.000Z,1446430,1890999,2,"Xal'atath's Bargain: Ascendant, Tyrannical, Challenger's Peril, Fortified",毛阿,Death Knight,Blood,tank,Arygos
179,343.8,307475040,11,Mists of Tirna Scithe,2024-11-16T09:14:45.000Z,1449076,1890999,2,"Xal'atath's Bargain: Ascendant, Tyrannical, Challenger's Peril, Fortified",Gato,Paladin,Protection,tank,Sundown Marsh
179,343.8,307475040,11,Mists of Tirna Scithe,2024-11-16T09:14:45.000Z,1449076,1890999,2,"Xal'atath's Bargain: Ascendant, Tyrannical, Challenger's Peril, Fortified",大狐丸冬風,Monk,Mistweaver,healer,Light's Hope
179,343.8,307475040,11,Mists of Tirna Scithe,2024-11-16T09:14:45.000Z,1449076,1890999,2,"Xal'atath's Bargain: Ascendant, Tyrannical, Challenger's Peril, Fortified",滑德再遇見,Evoker,Augmentation,dps,World Tree
179,343.8,307475040,11,Mists of Tirna Scithe,2024-11-16T09:14:45.000Z,1449076,1890999,2,"Xal'atath's Bargain: Ascendant, Tyrannical, Challenger's Peril, Fortified",Tueeiillk,Druid,Balance,dps,Sundown Marsh
179,343.8,307475040,11,Mists of Tirna Scithe,2024-11-16T09:14:45.000Z,1449076,1890999,2,"Xal'atath's Bargain: Ascendant, Tyrannical, Challenger's Peril, Fortified",Kinz,Shaman,Enhancement,dps,Sundown Marsh
180,343.7,307321811,11,Mists of Tirna Scithe,2024-11-15T15:06:54.000Z,1450529,1890999,2,"Xal'atath's Bargain: Ascendant, Tyrannical, Challenger's Peril, Fortified",芭拉拉,Death Knight,Blood,tank,Chillwind Point
180,343.7,307321811,11,Mists of Tirna Scithe,2024-11-15T15:06:54.000Z,1450529,1890999,2,"Xal'atath's Bargain: Ascendant, Tyrannical, Challenger's Peril, Fortified",Blackwalker,Rogue,Assassination,dps,Chillwind Point
180,343.7,307321811,11,Mists of Tirna Scithe,2024-11-15T15:06:54.000Z,1450529,1890999,2,"Xal'atath's Bargain: Ascendant, Tyrannical, Challenger's Peril, Fortified",小嘍嘍,Shaman,Restoration,healer,Chillwind Point
180,343.7,307321811,11,Mists of Tirna Scithe,2024-11-15T15:06:54.000Z,1450529,1890999,2,"Xal'atath's Bargain: Ascendant, Tyrannical, Challenger's Peril, Fortified",最後牲還者貳,Death Knight,Frost,dps,Icecrown
180,343.7,307321811,11,Mists of Tirna Scithe,2024-11-15T15:06:54.000Z,1450529,1890999,2,"Xal'atath's Bargain: Ascendant, Tyrannical, Challenger's Peril, Fortified",南山的龍人,Evoker,Augmentation,dps,Spirestone
181,343.7,303870813,11,Mists of Tirna Scithe,2024-10-30T17:34:11.000Z,1452079,1890999,2,"Xal'atath's Bargain: Ascendant, Fortified, Challenger's Peril, Tyrannical",Cheryll,Warrior,Protection,tank,Sundown Marsh
181,343.7,303870813,11,Mists of Tirna Scithe,2024-10-30T17:34:11.000Z,1452079,1890999,2,"Xal'atath's Bargain: Ascendant, Fortified, Challenger's Peril, Tyrannical",國產頂級黑牛,Paladin,Retribution,dps,Wrathbringer
181,343.7,303870813,11,Mists of Tirna Scithe,2024-10-30T17:34:11.000Z,1452079,1890999,2,"Xal'atath's Bargain: Ascendant, Fortified, Challenger's Peril, Tyrannical",糖門誘惑,Warlock,Destruction,dps,Hellscream
181,343.7,303870813,11,Mists of Tirna Scithe,2024-10-30T17:34:11.000Z,1452079,1890999,2,"Xal'atath's Bargain: Ascendant, Fortified, Challenger's Peril, Tyrannical",十月暖陽,Evoker,Preservation,healer,Whisperwind
181,343.7,303870813,11,Mists of Tirna Scithe,2024-10-30T17:34:11.000Z,1452079,1890999,2,"Xal'atath's Bargain: Ascendant, Fortified, Challenger's Peril, Tyrannical",來來魯多多,Death Knight,Frost,dps,Skywall
182,343.7,308074352,11,Mists of Tirna Scithe,2024-11-19T13:36:02.000Z,1452099,1890999,2,"Xal'atath's Bargain: Ascendant, Tyrannical, Challenger's Peril, Fortified",陳怡君,Paladin,Protection,tank,Shadowmoon
182,343.7,308074352,11,Mists of Tirna Scithe,2024-11-19T13:36:02.000Z,1452099,1890999,2,"Xal'atath's Bargain: Ascendant, Tyrannical, Challenger's Peril, Fortified",追風伊人,Paladin,Retribution,dps,Chillwind Point
182,343.7,308074352,11,Mists of Tirna Scithe,2024-11-19T13:36:02.000Z,1452099,1890999,2,"Xal'atath's Bargain: Ascendant, Tyrannical, Challenger's Peril, Fortified",Boltxx,Shaman,Enhancement,dps,Chillwind Point
182,343.7,308074352,11,Mists of Tirna Scithe,2024-11-19T13:36:02.000Z,1452099,1890999,2,"Xal'atath's Bargain: Ascendant, Tyrannical, Challenger's Peril, Fortified",看我就羊你,Mage,Frost,dps,Chillwind Point
182,343.7,308074352,11,Mists of Tirna Scithe,2024-11-19T13:36:02.000Z,1452099,1890999,2,"Xal'atath's Bargain: Ascendant, Tyrannical, Challenger's Peril, Fortified",Ruisikii,Priest,Discipline,healer,Chillwind Point
183,343.7,308065164,11,Mists of Tirna Scithe,2024-11-19T11:53:00.000Z,1452170,1890999,2,"Xal'atath's Bargain: Ascendant, Tyrannical, Challenger's Peril, Fortified",Darklessmoo,Warrior,Protection,tank,Sundown Marsh
183,343.7,308065164,11,Mists of Tirna Scithe,2024-11-19T11:53:00.000Z,1452170,1890999,2,"Xal'atath's Bargain: Ascendant, Tyrannical, Challenger's Peril, Fortified",紅龍女,Shaman,Elemental,dps,Shadowmoon
183,343.7,308065164,11,Mists of Tirna Scithe,2024-11-19T11:53:00.000Z,1452170,1890999,2,"Xal'atath's Bargain: Ascendant, Tyrannical, Challenger's Peril, Fortified",昏倒,Paladin,Retribution,dps,Zealot Blade
183,343.7,308065164,11,Mists of Tirna Scithe,2024-11-19T11:53:00.000Z,1452170,1890999,2,"Xal'atath's Bargain: Ascendant, Tyrannical, Challenger's Peril, Fortified",自爆狼,Monk,Mistweaver,healer,Light's Hope
183,343.7,308065164,11,Mists of Tirna Scithe,2024-11-19T11:53:00.000Z,1452170,1890999,2,"Xal'atath's Bargain: Ascendant, Tyrannical, Challenger's Peril, Fortified",胖塔,Warlock,Destruction,dps,Skywall
184,343.7,307674780,11,Mists of Tirna Scithe,2024-11-17T07:26:58.000Z,1452368,1890999,2,"Xal'atath's Bargain: Ascendant, Tyrannical, Challenger's Peril, Fortified",Nocugeulae,Shaman,Enhancement,dps,Sundown Marsh
184,343.7,307674780,11,Mists of Tirna Scithe,2024-11-17T07:26:58.000Z,1452368,1890999,2,"Xal'atath's Bargain: Ascendant, Tyrannical, Challenger's Peril, Fortified",柳月清,Death Knight,Unholy,dps,Crystalpine Stinger
184,343.7,307674780,11,Mists of Tirna Scithe,2024-11-17T07:26:58.000Z,1452368,1890999,2,"Xal'atath's Bargain: Ascendant, Tyrannical, Challenger's Peril, Fortified",不愛了,Priest,Discipline,healer,Crystalpine Stinger
184,343.7,307674780,11,Mists of Tirna Scithe,2024-11-17T07:26:58.000Z,1452368,1890999,2,"Xal'atath's Bargain: Ascendant, Tyrannical, Challenger's Peril, Fortified",天使圣月,Paladin,Protection,tank,Light's Hope
184,343.7,307674780,11,Mists of Tirna Scithe,2024-11-17T07:26:58.000Z,1452368,1890999,2,"Xal'atath's Bargain: Ascendant, Tyrannical, Challenger's Peril, Fortified",走走停停-231206903,Evoker,Augmentation,dps,Skywall
185,343.7,307904426,11,Mists of Tirna Scithe,2024-11-18T13:13:09.000Z,1453847,1890999,2,"Xal'atath's Bargain: Ascendant, Tyrannical, Challenger's Peril, Fortified",乂汐乂,Paladin,Retribution,dps,Wrathbringer
185,343.7,307904426,11,Mists of Tirna Scithe,2024-11-18T13:13:09.000Z,1453847,1890999,2,"Xal'atath's Bargain: Ascendant, Tyrannical, Challenger's Peril, Fortified",Kannakamuy,Evoker,Preservation,healer,Demon Fall Canyon
185,343.7,307904426,11,Mists of Tirna Scithe,2024-11-18T13:13:09.000Z,1453847,1890999,2,"Xal'atath's Bargain: Ascendant, Tyrannical, Challenger's Peril, Fortified",艾小熊,Druid,Guardian,tank,Sundown Marsh
185,343.7,307904426,11,Mists of Tirna Scithe,2024-11-18T13:13:09.000Z,1453847,1890999,2,"Xal'atath's Bargain: Ascendant, Tyrannical, Challenger's Peril, Fortified",二表哥,Paladin,Retribution,dps,Crystalpine Stinger
185,343.7,307904426,11,Mists of Tirna Scithe,2024-11-18T13:13:09.000Z,1453847,1890999,2,"Xal'atath's Bargain: Ascendant, Tyrannical, Challenger's Peril, Fortified",Altered,Mage,Frost,dps,Sundown Marsh
186,343.7,303846389,11,Mists of Tirna Scithe,2024-10-30T14:41:45.000Z,1453921,1890999,2,"Xal'atath's Bargain: Ascendant, Fortified, Challenger's Peril, Tyrannical",謎小嘉,Priest,Discipline,healer,Shadowmoon
186,343.7,303846389,11,Mists of Tirna Scithe,2024-10-30T14:41:45.000Z,1453921,1890999,2,"Xal'atath's Bargain: Ascendant, Fortified, Challenger's Peril, Tyrannical",橘子親親,Paladin,Protection,tank,Shadowmoon
186,343.7,303846389,11,Mists of Tirna Scithe,2024-10-30T14:41:45.000Z,1453921,1890999,2,"Xal'atath's Bargain: Ascendant, Fortified, Challenger's Peril, Tyrannical",少女的祈禱,Paladin,Retribution,dps,Frostmane
186,343.7,303846389,11,Mists of Tirna Scithe,2024-10-30T14:41:45.000Z,1453921,1890999,2,"Xal'atath's Bargain: Ascendant, Fortified, Challenger's Peril, Tyrannical",Curiosity,Hunter,Survival,dps,Sundown Marsh
186,343.7,303846389,11,Mists of Tirna Scithe,2024-10-30T14:41:45.000Z,1453921,1890999,2,"Xal'atath's Bargain: Ascendant, Fortified, Challenger's Peril, Tyrannical",黑色的毛毯,Priest,Shadow,dps,Spirestone
187,343.7,307514718,11,Mists of Tirna Scithe,2024-11-16T15:10:13.000Z,1454115,1890999,2,"Xal'atath's Bargain: Ascendant, Tyrannical, Challenger's Peril, Fortified",Ninobaby,Paladin,Protection,tank,Whisperwind
187,343.7,307514718,11,Mists of Tirna Scithe,2024-11-16T15:10:13.000Z,1454115,1890999,2,"Xal'atath's Bargain: Ascendant, Tyrannical, Challenger's Peril, Fortified",木魚水心,Mage,Frost,dps,Chillwind Point
187,343.7,307514718,11,Mists of Tirna Scithe,2024-11-16T15:10:13.000Z,1454115,1890999,2,"Xal'atath's Bargain: Ascendant, Tyrannical, Challenger's Peril, Fortified",Limerence,Priest,Discipline,healer,Hellscream
187,343.7,307514718,11,Mists of Tirna Scithe,2024-11-16T15:10:13.000Z,1454115,1890999,2,"Xal'atath's Bargain: Ascendant, Tyrannical, Challenger's Peril, Fortified",雷王,Shaman,Enhancement,dps,Wrathbringer
187,343.7,307514718,11,Mists of Tirna Scithe,2024-11-16T15:10:13.000Z,1454115,1890999,2,"Xal'atath's Bargain: Ascendant, Tyrannical, Challenger's Peril, Fortified",噗西,Warrior,Fury,dps,Shadowmoon
188,343.7,294182712,11,Mists of Tirna Scithe,2024-11-17T12:37:37.000Z,1454598,1890999,2,"Xal'atath's Bargain: Ascendant, Tyrannical, Challenger's Peril, Fortified",蘿莉魔歌,Demon Hunter,Havoc,dps,Stormscale
188,343.7,294182712,11,Mists of Tirna Scithe,2024-11-17T12:37:37.000Z,1454598,1890999,2,"Xal'atath's Bargain: Ascendant, Tyrannical, Challenger's Peril, Fortified",幻殺五滅天,Paladin,Retribution,dps,Nightsong
188,343.7,294182712,11,Mists of Tirna Scithe,2024-11-17T12:37:37.000Z,1454598,1890999,2,"Xal'atath's Bargain: Ascendant, Tyrannical, Challenger's Peril, Fortified",Reiz,Druid,Restoration,healer,Shadowmoon
188,343.7,294182712,11,Mists of Tirna Scithe,2024-11-17T12:37:37.000Z,1454598,1890999,2,"Xal'atath's Bargain: Ascendant, Tyrannical, Challenger's Peril, Fortified",下里巴人,Shaman,Elemental,dps,Nightsong
188,343.7,294182712,11,Mists of Tirna Scithe,2024-11-17T12:37:37.000Z,1454598,1890999,2,"Xal'atath's Bargain: Ascendant, Tyrannical, Challenger's Peril, Fortified",熊貓麻婆豆腐,Monk,Brewmaster,tank,Arygos
189,343.6,307916842,11,Mists of Tirna Scithe,2024-11-18T14:50:09.000Z,1454962,1890999,2,"Xal'atath's Bargain: Ascendant, Tyrannical, Challenger's Peril, Fortified",晴空呆寶,Mage,Frost,dps,Skywall
189,343.6,307916842,11,Mists of Tirna Scithe,2024-11-18T14:50:09.000Z,1454962,1890999,2,"Xal'atath's Bargain: Ascendant, Tyrannical, Challenger's Peril, Fortified",主公大人,Paladin,Protection,tank,Whisperwind
189,343.6,307916842,11,Mists of Tirna Scithe,2024-11-18T14:50:09.000Z,1454962,1890999,2,"Xal'atath's Bargain: Ascendant, Tyrannical, Challenger's Peril, Fortified",小糜鹿,Shaman,Restoration,healer,Frostmane
189,343.6,307916842,11,Mists of Tirna Scithe,2024-11-18T14:50:09.000Z,1454962,1890999,2,"Xal'atath's Bargain: Ascendant, Tyrannical, Challenger's Peril, Fortified",黑色的毛毯,Priest,Shadow,dps,Spirestone
189,343.6,307916842,11,Mists of Tirna Scithe,2024-11-18T14:50:09.000Z,1454962,1890999,2,"Xal'atath's Bargain: Ascendant, Tyrannical, Challenger's Peril, Fortified",侯溜肯,Death Knight,Frost,dps,World Tree
190,343.6,307914664,11,Mists of Tirna Scithe,2024-11-18T14:24:52.000Z,1455748,1890999,2,"Xal'atath's Bargain: Ascendant, Tyrannical, Challenger's Peril, Fortified",牛酥蹄,Druid,Balance,dps,Wrathbringer
190,343.6,307914664,11,Mists of Tirna Scithe,2024-11-18T14:24:52.000Z,1455748,1890999,2,"Xal'atath's Bargain: Ascendant, Tyrannical, Challenger's Peril, Fortified",維尼跳跳熊,Monk,Brewmaster,tank,Wrathbringer
190,343.6,307914664,11,Mists of Tirna Scithe,2024-11-18T14:24:52.000Z,1455748,1890999,2,"Xal'atath's Bargain: Ascendant, Tyrannical, Challenger's Peril, Fortified",漪暗的天空,Evoker,Preservation,healer,Crystalpine Stinger
190,343.6,307914664,11,Mists of Tirna Scithe,2024-11-18T14:24:52.000Z,1455748,1890999,2,"Xal'atath's Bargain: Ascendant, Tyrannical, Challenger's Peril, Fortified",Avonrepus,Paladin,Retribution,dps,Crystalpine Stinger
190,343.6,307914664,11,Mists of Tirna Scithe,2024-11-18T14:24:52.000Z,1455748,1890999,2,"Xal'atath's Bargain: Ascendant, Tyrannical, Challenger's Peril, Fortified",神奇麥,Mage,Frost,dps,Wrathbringer
191,343.6,303042759,11,Mists of Tirna Scithe,2024-10-26T22:07:29.000Z,1455883,1890999,2,"Xal'atath's Bargain: Ascendant, Fortified, Challenger's Peril, Tyrannical",呱呱鳥,Druid,Restoration,healer,Arthas
191,343.6,303042759,11,Mists of Tirna Scithe,2024-10-26T22:07:29.000Z,1455883,1890999,2,"Xal'atath's Bargain: Ascendant, Fortified, Challenger's Peril, Tyrannical",Jijihaoyang,Paladin,Retribution,dps,Chillwind Point
191,343.6,303042759,11,Mists of Tirna Scithe,2024-10-26T22:07:29.000Z,1455883,1890999,2,"Xal'atath's Bargain: Ascendant, Fortified, Challenger's Peril, Tyrannical",Smaki,Shaman,Elemental,dps,Menethil
191,343.6,303042759,11,Mists of Tirna Scithe,2024-10-26T22:07:29.000Z,1455883,1890999,2,"Xal'atath's Bargain: Ascendant, Fortified, Challenger's Peril, Tyrannical",Yuniko,Death Knight,Unholy,dps,Sundown Marsh
191,343.6,303042759,11,Mists of Tirna Scithe,2024-10-26T22:07:29.000Z,1455883,1890999,2,"Xal'atath's Bargain: Ascendant, Fortified, Challenger's Peril, Tyrannical",黑嬤嬤,Warrior,Protection,tank,Sundown Marsh
192,343.6,302470021,11,Mists of Tirna Scithe,2024-10-24T11:07:32.000Z,1456854,1890999,2,"Xal'atath's Bargain: Ascendant, Fortified, Challenger's Peril, Tyrannical",天草牧師,Priest,Discipline,healer,Shadowmoon
192,343.6,302470021,11,Mists of Tirna Scithe,2024-10-24T11:07:32.000Z,1456854,1890999,2,"Xal'atath's Bargain: Ascendant, Fortified, Challenger's Peril, Tyrannical",Malaperusapo,Rogue,Assassination,dps,Frostmane
192,343.6,302470021,11,Mists of Tirna Scithe,2024-10-24T11:07:32.000Z,1456854,1890999,2,"Xal'atath's Bargain: Ascendant, Fortified, Challenger's Peril, Tyrannical",未在,Mage,Fire,dps,Sundown Marsh
192,343.6,302470021,11,Mists of Tirna Scithe,2024-10-24T11:07:32.000Z,1456854,1890999,2,"Xal'atath's Bargain: Ascendant, Fortified, Challenger's Peril, Tyrannical",老玩具,Paladin,Protection,tank,Arygos
192,343.6,302470021,11,Mists of Tirna Scithe,2024-10-24T11:07:32.000Z,1456854,1890999,2,"Xal'atath's Bargain: Ascendant, Fortified, Challenger's Peril, Tyrannical",Bruh,Death Knight,Frost,dps,Hellscream
193,343.6,302681077,11,Mists of Tirna Scithe,2024-10-25T14:22:50.000Z,1457034,1890999,2,"Xal'atath's Bargain: Ascendant, Fortified, Challenger's Peril, Tyrannical",Takushu,Demon Hunter,Vengeance,tank,Whisperwind
193,343.6,302681077,11,Mists of Tirna Scithe,2024-10-25T14:22:50.000Z,1457034,1890999,2,"Xal'atath's Bargain: Ascendant, Fortified, Challenger's Peril, Tyrannical",你走的聖誕節,Hunter,Beast Mastery,dps,Sundown Marsh
193,343.6,302681077,11,Mists of Tirna Scithe,2024-10-25T14:22:50.000Z,1457034,1890999,2,"Xal'atath's Bargain: Ascendant, Fortified, Challenger's Peril, Tyrannical",刮痧圖騰,Shaman,Enhancement,dps,Shadowmoon
193,343.6,302681077,11,Mists of Tirna Scithe,2024-10-25T14:22:50.000Z,1457034,1890999,2,"Xal'atath's Bargain: Ascendant, Fortified, Challenger's Peril, Tyrannical",Anon6DC9D54,Druid,Restoration,healer,Anonymous
193,343.6,302681077,11,Mists of Tirna Scithe,2024-10-25T14:22:50.000Z,1457034,1890999,2,"Xal'atath's Bargain: Ascendant, Fortified, Challenger's Peril, Tyrannical",Wannasleep-135269150,Rogue,Assassination,dps,Crystalpine Stinger
194,343.6,303853833,11,Mists of Tirna Scithe,2024-10-30T15:50:55.000Z,1457696,1890999,2,"Xal'atath's Bargain: Ascendant, Fortified, Challenger's Peril, Tyrannical",伊波拉病毒,Warrior,Protection,tank,Shadowmoon
194,343.6,303853833,11,Mists of Tirna Scithe,2024-10-30T15:50:55.000Z,1457696,1890999,2,"Xal'atath's Bargain: Ascendant, Fortified, Challenger's Peril, Tyrannical",咕姑固,Druid,Balance,dps,Shadowmoon
194,343.6,303853833,11,Mists of Tirna Scithe,2024-10-30T15:50:55.000Z,1457696,1890999,2,"Xal'atath's Bargain: Ascendant, Fortified, Challenger's Peril, Tyrannical",仇惡鬼,Shaman,Restoration,healer,Nightsong
194,343.6,303853833,11,Mists of Tirna Scithe,2024-10-30T15:50:55.000Z,1457696,1890999,2,"Xal'atath's Bargain: Ascendant, Fortified, Challenger's Peril, Tyrannical",Tiffdragon,Evoker,Augmentation,dps,Shadowmoon
194,343.6,303853833,11,Mists of Tirna Scithe,2024-10-30T15:50:55.000Z,1457696,1890999,2,"Xal'atath's Bargain: Ascendant, Fortified, Challenger's Peril, Tyrannical",跳車流大師兄,Paladin,Retribution,dps,Arthas
195,343.6,294922199,11,Mists of Tirna Scithe,2024-10-24T12:55:53.000Z,1458720,1890999,2,"Xal'atath's Bargain: Ascendant, Fortified, Challenger's Peril, Tyrannical",請摸魚,Death Knight,Blood,tank,Wrathbringer
195,343.6,294922199,11,Mists of Tirna Scithe,2024-10-24T12:55:53.000Z,1458720,1890999,2,"Xal'atath's Bargain: Ascendant, Fortified, Challenger's Peril, Tyrannical",Srocyrt,Shaman,Elemental,dps,Wrathbringer
195,343.6,294922199,11,Mists of Tirna Scithe,2024-10-24T12:55:53.000Z,1458720,1890999,2,"Xal'atath's Bargain: Ascendant, Fortified, Challenger's Peril, Tyrannical",法伊佛羅萊特,Mage,Arcane,dps,Wrathbringer
195,343.6,294922199,11,Mists of Tirna Scithe,2024-10-24T12:55:53.000Z,1458720,1890999,2,"Xal'atath's Bargain: Ascendant, Fortified, Challenger's Peril, Tyrannical",微風氣水-227437491,Hunter,Survival,dps,Wrathbringer
195,343.6,294922199,11,Mists of Tirna Scithe,2024-10-24T12:55:53.000Z,1458720,1890999,2,"Xal'atath's Bargain: Ascendant, Fortified, Challenger's Peril, Tyrannical",桃井菜菜-227663554,Priest,Discipline,healer,Wrathbringer
196,343.6,307493469,11,Mists of Tirna Scithe,2024-11-16T12:01:09.000Z,1459403,1890999,2,"Xal'atath's Bargain: Ascendant, Tyrannical, Challenger's Peril, Fortified",塵埃之光,Demon Hunter,Havoc,dps,Menethil
196,343.6,307493469,11,Mists of Tirna Scithe,2024-11-16T12:01:09.000Z,1459403,1890999,2,"Xal'atath's Bargain: Ascendant, Tyrannical, Challenger's Peril, Fortified",菟泡泡,Priest,Discipline,healer,Arthas
196,343.6,307493469,11,Mists of Tirna Scithe,2024-11-16T12:01:09.000Z,1459403,1890999,2,"Xal'atath's Bargain: Ascendant, Tyrannical, Challenger's Peril, Fortified",情與琴的悸動,Warrior,Protection,tank,Crystalpine Stinger
196,343.6,307493469,11,Mists of Tirna Scithe,2024-11-16T12:01:09.000Z,1459403,1890999,2,"Xal'atath's Bargain: Ascendant, Tyrannical, Challenger's Peril, Fortified",Ydk,Death Knight,Frost,dps,Wrathbringer
196,343.6,307493469,11,Mists of Tirna Scithe,2024-11-16T12:01:09.000Z,1459403,1890999,2,"Xal'atath's Bargain: Ascendant, Tyrannical, Challenger's Peril, Fortified",銀河種菜大師,Shaman,Elemental,dps,World Tree
197,343.5,307573631,11,Mists of Tirna Scithe,2024-11-16T20:34:47.000Z,1460567,1890999,2,"Xal'atath's Bargain: Ascendant, Tyrannical, Challenger's Peril, Fortified",聖伊塔,Priest,Holy,healer,Arygos
197,343.5,307573631,11,Mists of Tirna Scithe,2024-11-16T20:34:47.000Z,1460567,1890999,2,"Xal'atath's Bargain: Ascendant, Tyrannical, Challenger's Peril, Fortified",鄙人張麻子,Paladin,Retribution,dps,Whisperwind
197,343.5,307573631,11,Mists of Tirna Scithe,2024-11-16T20:34:47.000Z,1460567,1890999,2,"Xal'atath's Bargain: Ascendant, Tyrannical, Challenger's Peril, Fortified",吉爾伽美什,Monk,Windwalker,dps,Menethil
197,343.5,307573631,11,Mists of Tirna Scithe,2024-11-16T20:34:47.000Z,1460567,1890999,2,"Xal'atath's Bargain: Ascendant, Tyrannical, Challenger's Peril, Fortified",百鬼綾目有紀,Paladin,Protection,tank,Silverwing Hold
197,343.5,307573631,11,Mists of Tirna Scithe,2024-11-16T20:34:47.000Z,1460567,1890999,2,"Xal'atath's Bargain: Ascendant, Tyrannical, Challenger's Peril, Fortified",小豆豉,Shaman,Enhancement,dps,Nightsong
198,343.5,302948120,11,Mists of Tirna Scithe,2024-10-26T15:02:24.000Z,1460582,1890999,2,"Xal'atath's Bargain: Ascendant, Fortified, Challenger's Peril, Tyrannical",於戲,Shaman,Restoration,healer,Shadowmoon
198,343.5,302948120,11,Mists of Tirna Scithe,2024-10-26T15:02:24.000Z,1460582,1890999,2,"Xal'atath's Bargain: Ascendant, Fortified, Challenger's Peril, Tyrannical",再苟一回合,Warrior,Protection,tank,Shadowmoon
198,343.5,302948120,11,Mists of Tirna Scithe,2024-10-26T15:02:24.000Z,1460582,1890999,2,"Xal'atath's Bargain: Ascendant, Fortified, Challenger's Peril, Tyrannical",大文,Paladin,Retribution,dps,Shadowmoon
198,343.5,302948120,11,Mists of Tirna Scithe,2024-10-26T15:02:24.000Z,1460582,1890999,2,"Xal'atath's Bargain: Ascendant, Fortified, Challenger's Peril, Tyrannical",Zetaker,Evoker,Devastation,dps,Arthas
198,343.5,302948120,11,Mists of Tirna Scithe,2024-10-26T15:02:24.000Z,1460582,1890999,2,"Xal'atath's Bargain: Ascendant, Fortified, Challenger's Peril, Tyrannical",浦您丫麼,Shaman,Elemental,dps,Crystalpine Stinger
199,343.5,302687522,11,Mists of Tirna Scithe,2024-10-25T15:50:33.000Z,1461552,1890999,2,"Xal'atath's Bargain: Ascendant, Fortified, Challenger's Peril, Tyrannical",澄澄,Monk,Mistweaver,healer,Chillwind Point
199,343.5,302687522,11,Mists of Tirna Scithe,2024-10-25T15:50:33.000Z,1461552,1890999,2,"Xal'atath's Bargain: Ascendant, Fortified, Challenger's Peril, Tyrannical",超級恢復機,Shaman,Elemental,dps,Arygos
199,343.5,302687522,11,Mists of Tirna Scithe,2024-10-25T15:50:33.000Z,1461552,1890999,2,"Xal'atath's Bargain: Ascendant, Fortified, Challenger's Peril, Tyrannical",高雄最帥男神-139790223,Paladin,Retribution,dps,Hellscream
199,343.5,302687522,11,Mists of Tirna Scithe,2024-10-25T15:50:33.000Z,1461552,1890999,2,"Xal'atath's Bargain: Ascendant, Fortified, Challenger's Peril, Tyrannical",秋來也,Druid,Balance,dps,Chillwind Point
199,343.5,302687522,11,Mists of Tirna Scithe,2024-10-25T15:50:33.000Z,1461552,1890999,2,"Xal'atath's Bargain: Ascendant, Fortified, Challenger's Peril, Tyrannical",萬神論劍,Warrior,Protection,tank,Arygos
200,343.5,307159355,11,Mists of Tirna Scithe,2024-11-14T14:21:49.000Z,1461840,1890999,2,"Xal'atath's Bargain: Ascendant, Tyrannical, Challenger's Peril, Fortified",日大貓,Paladin,Retribution,dps,Shadowmoon
200,343.5,307159355,11,Mists of Tirna Scithe,2024-11-14T14:21:49.000Z,1461840,1890999,2,"Xal'atath's Bargain: Ascendant, Tyrannical, Challenger's Peril, Fortified",此人已被淡忘,Druid,Restoration,healer,Menethil
200,343.5,307159355,11,Mists of Tirna Scithe,2024-11-14T14:21:49.000Z,1461840,1890999,2,"Xal'atath's Bargain: Ascendant, Tyrannical, Challenger's Peril, Fortified",暴斃雞,Demon Hunter,Vengeance,tank,Stormscale
200,343.5,307159355,11,Mists of Tirna Scithe,2024-11-14T14:21:49.000Z,1461840,1890999,2,"Xal'atath's Bargain: Ascendant, Tyrannical, Challenger's Peril, Fortified",獨孤霜寒,Hunter,Survival,dps,Quel'dorei
200,343.5,307159355,11,Mists of Tirna Scithe,2024-11-14T14:21:49.000Z,1461840,1890999,2,"Xal'atath's Bargain: Ascendant, Tyrannical, Challenger's Peril, Fortified",屎王姿懿,Warlock,Destruction,dps,World Tree
201,343.5,307715113,11,Mists of Tirna Scithe,2024-11-17T13:20:07.000Z,1462890,1890999,2,"Xal'atath's Bargain: Ascendant, Tyrannical, Challenger's Peril, Fortified",牛妞撓屁屁,Paladin,Holy,healer,Chillwind Point
201,343.5,307715113,11,Mists of Tirna Scithe,2024-11-17T13:20:07.000Z,1462890,1890999,2,"Xal'atath's Bargain: Ascendant, Tyrannical, Challenger's Peril, Fortified",魔人邱邱,Paladin,Protection,tank,Sundown Marsh
201,343.5,307715113,11,Mists of Tirna Scithe,2024-11-17T13:20:07.000Z,1462890,1890999,2,"Xal'atath's Bargain: Ascendant, Tyrannical, Challenger's Peril, Fortified",Ravnos,Mage,Frost,dps,Quel'dorei
201,343.5,307715113,11,Mists of Tirna Scithe,2024-11-17T13:20:07.000Z,1462890,1890999,2,"Xal'atath's Bargain: Ascendant, Tyrannical, Challenger's Peril, Fortified",布利尼薄餅,Priest,Shadow,dps,Wrathbringer
201,343.5,307715113,11,Mists of Tirna Scithe,2024-11-17T13:20:07.000Z,1462890,1890999,2,"Xal'atath's Bargain: Ascendant, Tyrannical, Challenger's Peril, Fortified",飛霄,Hunter,Survival,dps,Arthas
202,343.5,303256990,11,Mists of Tirna Scithe,2024-10-27T19:38:31.000Z,1462916,1890999,2,"Xal'atath's Bargain: Ascendant, Fortified, Challenger's Peril, Tyrannical",米粒,Mage,Frost,dps,Arthas
202,343.5,303256990,11,Mists of Tirna Scithe,2024-10-27T19:38:31.000Z,1462916,1890999,2,"Xal'atath's Bargain: Ascendant, Fortified, Challenger's Peril, Tyrannical",淺羽由稀,Warlock,Affliction,dps,Chillwind Point
202,343.5,303256990,11,Mists of Tirna Scithe,2024-10-27T19:38:31.000Z,1462916,1890999,2,"Xal'atath's Bargain: Ascendant, Fortified, Challenger's Peril, Tyrannical",三色豆,Shaman,Restoration,healer,Demon Fall Canyon
202,343.5,303256990,11,Mists of Tirna Scithe,2024-10-27T19:38:31.000Z,1462916,1890999,2,"Xal'atath's Bargain: Ascendant, Fortified, Challenger's Peril, Tyrannical",西斯萊恩,Monk,Brewmaster,tank,Shadowmoon
202,343.5,303256990,11,Mists of Tirna Scithe,2024-10-27T19:38:31.000Z,1462916,1890999,2,"Xal'atath's Bargain: Ascendant, Fortified, Challenger's Peril, Tyrannical",紫夜花舞,Demon Hunter,Havoc,dps,Whisperwind
203,343.5,307321789,11,Mists of Tirna Scithe,2024-11-15T14:34:15.000Z,1463117,1890999,2,"Xal'atath's Bargain: Ascendant, Tyrannical, Challenger's Peril, Fortified",浴兆,Paladin,Protection,tank,Nightsong
203,343.5,307321789,11,Mists of Tirna Scithe,2024-11-15T14:34:15.000Z,1463117,1890999,2,"Xal'atath's Bargain: Ascendant, Tyrannical, Challenger's Peril, Fortified",Cokecola,Paladin,Retribution,dps,Stormscale
203,343.5,307321789,11,Mists of Tirna Scithe,2024-11-15T14:34:15.000Z,1463117,1890999,2,"Xal'atath's Bargain: Ascendant, Tyrannical, Challenger's Peril, Fortified",軟掉的老鐵,Evoker,Augmentation,dps,Stormscale
203,343.5,307321789,11,Mists of Tirna Scithe,2024-11-15T14:34:15.000Z,1463117,1890999,2,"Xal'atath's Bargain: Ascendant, Tyrannical, Challenger's Peril, Fortified",輕重量寶貝,Shaman,Restoration,healer,Stormscale
203,343.5,307321789,11,Mists of Tirna Scithe,2024-11-15T14:34:15.000Z,1463117,1890999,2,"Xal'atath's Bargain: Ascendant, Tyrannical, Challenger's Peril, Fortified",浴巾,Priest,Shadow,dps,Nightsong
204,343.5,302934255,11,Mists of Tirna Scithe,2024-10-26T13:00:46.000Z,1464211,1890999,2,"Xal'atath's Bargain: Ascendant, Fortified, Challenger's Peril, Tyrannical",二隊薩滿,Evoker,Preservation,healer,Wrathbringer
204,343.5,302934255,11,Mists of Tirna Scithe,2024-10-26T13:00:46.000Z,1464211,1890999,2,"Xal'atath's Bargain: Ascendant, Fortified, Challenger's Peril, Tyrannical",吃飽沒,Mage,Frost,dps,Wrathbringer
204,343.5,302934255,11,Mists of Tirna Scithe,2024-10-26T13:00:46.000Z,1464211,1890999,2,"Xal'atath's Bargain: Ascendant, Fortified, Challenger's Peril, Tyrannical",Minjeong,Warrior,Protection,tank,Wrathbringer
204,343.5,302934255,11,Mists of Tirna Scithe,2024-10-26T13:00:46.000Z,1464211,1890999,2,"Xal'atath's Bargain: Ascendant, Fortified, Challenger's Peril, Tyrannical",鬼頭明里,Evoker,Devastation,dps,Wrathbringer
204,343.5,302934255,11,Mists of Tirna Scithe,2024-10-26T13:00:46.000Z,1464211,1890999,2,"Xal'atath's Bargain: Ascendant, Fortified, Challenger's Peril, Tyrannical",神秘的聾子,Warlock,Affliction,dps,Sundown Marsh
205,343.4,307344714,11,Mists of Tirna Scithe,2024-11-15T17:22:56.000Z,1465990,1890999,2,"Xal'atath's Bargain: Ascendant, Tyrannical, Challenger's Peril, Fortified",Kalista,Demon Hunter,Vengeance,tank,Sundown Marsh
205,343.4,307344714,11,Mists of Tirna Scithe,2024-11-15T17:22:56.000Z,1465990,1890999,2,"Xal'atath's Bargain: Ascendant, Tyrannical, Challenger's Peril, Fortified",Lichbane,Mage,Fire,dps,Sundown Marsh
205,343.4,307344714,11,Mists of Tirna Scithe,2024-11-15T17:22:56.000Z,1465990,1890999,2,"Xal'atath's Bargain: Ascendant, Tyrannical, Challenger's Peril, Fortified",Andrealphus,Paladin,Holy,healer,Sundown Marsh
205,343.4,307344714,11,Mists of Tirna Scithe,2024-11-15T17:22:56.000Z,1465990,1890999,2,"Xal'atath's Bargain: Ascendant, Tyrannical, Challenger's Peril, Fortified",沉願,Death Knight,Frost,dps,Sundown Marsh
205,343.4,307344714,11,Mists of Tirna Scithe,2024-11-15T17:22:56.000Z,1465990,1890999,2,"Xal'atath's Bargain: Ascendant, Tyrannical, Challenger's Peril, Fortified",姬琵,Shaman,Elemental,dps,Demon Fall Canyon
206,343.4,307542487,11,Mists of Tirna Scithe,2024-11-16T17:54:35.000Z,1466483,1890999,2,"Xal'atath's Bargain: Ascendant, Tyrannical, Challenger's Peril, Fortified",洛斯蒙帝斯,Death Knight,Unholy,dps,Crystalpine Stinger
206,343.4,307542487,11,Mists of Tirna Scithe,2024-11-16T17:54:35.000Z,1466483,1890999,2,"Xal'atath's Bargain: Ascendant, Tyrannical, Challenger's Peril, Fortified",錢包的路,Paladin,Protection,tank,Crystalpine Stinger
206,343.4,307542487,11,Mists of Tirna Scithe,2024-11-16T17:54:35.000Z,1466483,1890999,2,"Xal'atath's Bargain: Ascendant, Tyrannical, Challenger's Peril, Fortified",齋籐道三,Warlock,Demonology,dps,Bleeding Hollow
206,343.4,307542487,11,Mists of Tirna Scithe,2024-11-16T17:54:35.000Z,1466483,1890999,2,"Xal'atath's Bargain: Ascendant, Tyrannical, Challenger's Peril, Fortified",丿明溪溪,Shaman,Restoration,healer,Light's Hope
206,343.4,307542487,11,Mists of Tirna Scithe,2024-11-16T17:54:35.000Z,1466483,1890999,2,"Xal'atath's Bargain: Ascendant, Tyrannical, Challenger's Peril, Fortified",Luf,Evoker,Augmentation,dps,World Tree
207,343.4,303430496,11,Mists of Tirna Scithe,2024-10-28T15:45:38.000Z,1468107,1890999,2,"Xal'atath's Bargain: Ascendant, Fortified, Challenger's Peril, Tyrannical",紅蓮格林,Paladin,Protection,tank,Silverwing Hold
207,343.4,303430496,11,Mists of Tirna Scithe,2024-10-28T15:45:38.000Z,1468107,1890999,2,"Xal'atath's Bargain: Ascendant, Fortified, Challenger's Peril, Tyrannical",肥鬼,Druid,Balance,dps,Sundown Marsh
207,343.4,303430496,11,Mists of Tirna Scithe,2024-10-28T15:45:38.000Z,1468107,1890999,2,"Xal'atath's Bargain: Ascendant, Fortified, Challenger's Peril, Tyrannical",樂富肥德,Shaman,Enhancement,dps,Wrathbringer
207,343.4,303430496,11,Mists of Tirna Scithe,2024-10-28T15:45:38.000Z,1468107,1890999,2,"Xal'atath's Bargain: Ascendant, Fortified, Challenger's Peril, Tyrannical",Fearanddream,Evoker,Preservation,healer,Sundown Marsh
207,343.4,303430496,11,Mists of Tirna Scithe,2024-10-28T15:45:38.000Z,1468107,1890999,2,"Xal'atath's Bargain: Ascendant, Fortified, Challenger's Peril, Tyrannical",思嬌大術士,Warlock,Affliction,dps,Sundown Marsh
208,343.4,302959439,11,Mists of Tirna Scithe,2024-10-26T15:34:22.000Z,1468242,1890999,2,"Xal'atath's Bargain: Ascendant, Fortified, Challenger's Peril, Tyrannical",萌萌的下半身,Death Knight,Frost,dps,Shadowmoon
208,343.4,302959439,11,Mists of Tirna Scithe,2024-10-26T15:34:22.000Z,1468242,1890999,2,"Xal'atath's Bargain: Ascendant, Fortified, Challenger's Peril, Tyrannical",亡靈獵人忠仔,Paladin,Protection,tank,Sundown Marsh
208,343.4,302959439,11,Mists of Tirna Scithe,2024-10-26T15:34:22.000Z,1468242,1890999,2,"Xal'atath's Bargain: Ascendant, Fortified, Challenger's Peril, Tyrannical",波多野結巴,Hunter,Marksmanship,dps,Whisperwind
208,343.4,302959439,11,Mists of Tirna Scithe,2024-10-26T15:34:22.000Z,1468242,1890999,2,"Xal'atath's Bargain: Ascendant, Fortified, Challenger's Peril, Tyrannical",彤芯,Shaman,Restoration,healer,Spirestone
208,343.4,302959439,11,Mists of Tirna Scithe,2024-10-26T15:34:22.000Z,1468242,1890999,2,"Xal'atath's Bargain: Ascendant, Fortified, Challenger's Peril, Tyrannical",Nimabeegg,Shaman,Elemental,dps,Shadowmoon
209,343.4,307358087,11,Mists of Tirna Scithe,2024-11-15T19:13:05.000Z,1468973,1890999,2,"Xal'atath's Bargain: Ascendant, Tyrannical, Challenger's Peril, Fortified",煉奶,Paladin,Protection,tank,Sundown Marsh
209,343.4,307358087,11,Mists of Tirna Scithe,2024-11-15T19:13:05.000Z,1468973,1890999,2,"Xal'atath's Bargain: Ascendant, Tyrannical, Challenger's Peril, Fortified",寞世遊俠,Hunter,Survival,dps,Skywall
209,343.4,307358087,11,Mists of Tirna Scithe,2024-11-15T19:13:05.000Z,1468973,1890999,2,"Xal'atath's Bargain: Ascendant, Tyrannical, Challenger's Peril, Fortified",思嬌大巫醫,Shaman,Enhancement,dps,Sundown Marsh
209,343.4,307358087,11,Mists of Tirna Scithe,2024-11-15T19:13:05.000Z,1468973,1890999,2,"Xal'atath's Bargain: Ascendant, Tyrannical, Challenger's Peril, Fortified",Breezé,Priest,Discipline,healer,Sundown Marsh
209,343.4,307358087,11,Mists of Tirna Scithe,2024-11-15T19:13:05.000Z,1468973,1890999,2,"Xal'atath's Bargain: Ascendant, Tyrannical, Challenger's Peril, Fortified",Lawrxo,Mage,Arcane,dps,Spirestone
210,343.4,308111043,11,Mists of Tirna Scithe,2024-11-19T16:55:40.000Z,1469202,1890999,2,"Xal'atath's Bargain: Ascendant, Tyrannical, Challenger's Peril, Fortified",豆腐紫娟茶,Warlock,Destruction,dps,Arthas
210,343.4,308111043,11,Mists of Tirna Scithe,2024-11-19T16:55:40.000Z,1469202,1890999,2,"Xal'atath's Bargain: Ascendant, Tyrannical, Challenger's Peril, Fortified",天使舞依,Priest,Discipline,healer,Spirestone
210,343.4,308111043,11,Mists of Tirna Scithe,2024-11-19T16:55:40.000Z,1469202,1890999,2,"Xal'atath's Bargain: Ascendant, Tyrannical, Challenger's Peril, Fortified",萊姆牛肉麵,Druid,Guardian,tank,Shadowmoon
210,343.4,308111043,11,Mists of Tirna Scithe,2024-11-19T16:55:40.000Z,1469202,1890999,2,"Xal'atath's Bargain: Ascendant, Tyrannical, Challenger's Peril, Fortified",布偶貓咪,Monk,Windwalker,dps,Dragonmaw
210,343.4,308111043,11,Mists of Tirna Scithe,2024-11-19T16:55:40.000Z,1469202,1890999,2,"Xal'atath's Bargain: Ascendant, Tyrannical, Challenger's Peril, Fortified",捷克羅姆,Shaman,Enhancement,dps,Shadowmoon
211,343.3,304163103,11,Mists of Tirna Scithe,2024-11-14T15:57:17.000Z,1470103,1890999,2,"Xal'atath's Bargain: Ascendant, Tyrannical, Challenger's Peril, Fortified",擦擦鼻涕,Priest,Discipline,healer,Spirestone
211,343.3,304163103,11,Mists of Tirna Scithe,2024-11-14T15:57:17.000Z,1470103,1890999,2,"Xal'atath's Bargain: Ascendant, Tyrannical, Challenger's Peril, Fortified",血淺王座,Paladin,Protection,tank,Spirestone
211,343.3,304163103,11,Mists of Tirna Scithe,2024-11-14T15:57:17.000Z,1470103,1890999,2,"Xal'atath's Bargain: Ascendant, Tyrannical, Challenger's Peril, Fortified",喔哩後,Warlock,Destruction,dps,Spirestone
211,343.3,304163103,11,Mists of Tirna Scithe,2024-11-14T15:57:17.000Z,1470103,1890999,2,"Xal'atath's Bargain: Ascendant, Tyrannical, Challenger's Peril, Fortified",初十的霜月,Paladin,Retribution,dps,Spirestone
211,343.3,304163103,11,Mists of Tirna Scithe,2024-11-14T15:57:17.000Z,1470103,1890999,2,"Xal'atath's Bargain: Ascendant, Tyrannical, Challenger's Peril, Fortified",嘟篤督嚕,Mage,Frost,dps,Spirestone
212,343.3,307279678,11,Mists of Tirna Scithe,2024-11-14T17:07:50.000Z,1470812,1890999,2,"Xal'atath's Bargain: Ascendant, Tyrannical, Challenger's Peril, Fortified",利威爾兵長,Paladin,Protection,tank,Light's Hope
212,343.3,307279678,11,Mists of Tirna Scithe,2024-11-14T17:07:50.000Z,1470812,1890999,2,"Xal'atath's Bargain: Ascendant, Tyrannical, Challenger's Peril, Fortified",Sakisora,Mage,Frost,dps,Light's Hope
212,343.3,307279678,11,Mists of Tirna Scithe,2024-11-14T17:07:50.000Z,1470812,1890999,2,"Xal'atath's Bargain: Ascendant, Tyrannical, Challenger's Peril, Fortified",Peachmonk,Monk,Mistweaver,healer,Light's Hope
212,343.3,307279678,11,Mists of Tirna Scithe,2024-11-14T17:07:50.000Z,1470812,1890999,2,"Xal'atath's Bargain: Ascendant, Tyrannical, Challenger's Peril, Fortified",聖光立花里子,Paladin,Retribution,dps,Wrathbringer
212,343.3,307279678,11,Mists of Tirna Scithe,2024-11-14T17:07:50.000Z,1470812,1890999,2,"Xal'atath's Bargain: Ascendant, Tyrannical, Challenger's Peril, Fortified",轉生波士,Shaman,Enhancement,dps,Light's Hope
213,343.3,304951103,11,Mists of Tirna Scithe,2024-11-19T15:57:54.000Z,1470890,1890999,2,"Xal'atath's Bargain: Ascendant, Tyrannical, Challenger's Peril, Fortified",擦擦鼻涕,Priest,Discipline,healer,Spirestone
213,343.3,304951103,11,Mists of Tirna Scithe,2024-11-19T15:57:54.000Z,1470890,1890999,2,"Xal'atath's Bargain: Ascendant, Tyrannical, Challenger's Peril, Fortified",血淺王座,Paladin,Protection,tank,Spirestone
213,343.3,304951103,11,Mists of Tirna Scithe,2024-11-19T15:57:54.000Z,1470890,1890999,2,"Xal'atath's Bargain: Ascendant, Tyrannical, Challenger's Peril, Fortified",喔哩後,Warlock,Demonology,dps,Spirestone
213,343.3,304951103,11,Mists of Tirna Scithe,2024-11-19T15:57:54.000Z,1470890,1890999,2,"Xal'atath's Bargain: Ascendant, Tyrannical, Challenger's Peril, Fortified",初五的玄月,Hunter,Beast Mastery,dps,Spirestone
213,343.3,304951103,11,Mists of Tirna Scithe,2024-11-19T15:57:54.000Z,1470890,1890999,2,"Xal'atath's Bargain: Ascendant, Tyrannical, Challenger's Peril, Fortified",嘟篤督嚕,Mage,Frost,dps,Spirestone
214,343.3,307175092,11,Mists of Tirna Scithe,2024-11-14T16:34:43.000Z,1471090,1890999,2,"Xal'atath's Bargain: Ascendant, Tyrannical, Challenger's Peril, Fortified",湘環,Warlock,Destruction,dps,Light's Hope
214,343.3,307175092,11,Mists of Tirna Scithe,2024-11-14T16:34:43.000Z,1471090,1890999,2,"Xal'atath's Bargain: Ascendant, Tyrannical, Challenger's Peril, Fortified",Kahimi,Shaman,Restoration,healer,Shadowmoon
214,343.3,307175092,11,Mists of Tirna Scithe,2024-11-14T16:34:43.000Z,1471090,1890999,2,"Xal'atath's Bargain: Ascendant, Tyrannical, Challenger's Peril, Fortified",阿克萌萌德,Paladin,Protection,tank,Arygos
214,343.3,307175092,11,Mists of Tirna Scithe,2024-11-14T16:34:43.000Z,1471090,1890999,2,"Xal'atath's Bargain: Ascendant, Tyrannical, Challenger's Peril, Fortified",蝴蝶養喵,Warrior,Fury,dps,World Tree
214,343.3,307175092,11,Mists of Tirna Scithe,2024-11-14T16:34:43.000Z,1471090,1890999,2,"Xal'atath's Bargain: Ascendant, Tyrannical, Challenger's Peril, Fortified",不翼而飛,Rogue,Outlaw,dps,Frostmane
215,343.3,307770484,11,Mists of Tirna Scithe,2024-11-17T18:49:42.000Z,1473774,1890999,2,"Xal'atath's Bargain: Ascendant, Tyrannical, Challenger's Peril, Fortified",海龍王彼德,Shaman,Enhancement,dps,Demon Fall Canyon
215,343.3,307770484,11,Mists of Tirna Scithe,2024-11-17T18:49:42.000Z,1473774,1890999,2,"Xal'atath's Bargain: Ascendant, Tyrannical, Challenger's Peril, Fortified",板橋小蒙牛,Warrior,Protection,tank,Sundown Marsh
215,343.3,307770484,11,Mists of Tirna Scithe,2024-11-17T18:49:42.000Z,1473774,1890999,2,"Xal'atath's Bargain: Ascendant, Tyrannical, Challenger's Peril, Fortified",天董,Mage,Frost,dps,Sundown Marsh
215,343.3,307770484,11,Mists of Tirna Scithe,2024-11-17T18:49:42.000Z,1473774,1890999,2,"Xal'atath's Bargain: Ascendant, Tyrannical, Challenger's Peril, Fortified",月夕熊貓,Death Knight,Frost,dps,Chillwind Point
215,343.3,307770484,11,Mists of Tirna Scithe,2024-11-17T18:49:42.000Z,1473774,1890999,2,"Xal'atath's Bargain: Ascendant, Tyrannical, Challenger's Peril, Fortified",Misui,Priest,Discipline,healer,Bleeding Hollow
216,343.3,307550311,11,Mists of Tirna Scithe,2024-11-16T18:12:08.000Z,1474079,1890999,2,"Xal'atath's Bargain: Ascendant, Tyrannical, Challenger's Peril, Fortified",燃燒獸人英雄-46541589,Shaman,Enhancement,dps,Shadowmoon
216,343.3,307550311,11,Mists of Tirna Scithe,2024-11-16T18:12:08.000Z,1474079,1890999,2,"Xal'atath's Bargain: Ascendant, Tyrannical, Challenger's Peril, Fortified",Seriousclown,Monk,Brewmaster,tank,Arthas
216,343.3,307550311,11,Mists of Tirna Scithe,2024-11-16T18:12:08.000Z,1474079,1890999,2,"Xal'atath's Bargain: Ascendant, Tyrannical, Challenger's Peril, Fortified",Whitepegoo,Paladin,Retribution,dps,Arthas
216,343.3,307550311,11,Mists of Tirna Scithe,2024-11-16T18:12:08.000Z,1474079,1890999,2,"Xal'atath's Bargain: Ascendant, Tyrannical, Challenger's Peril, Fortified",采源嘅同伴,Warlock,Demonology,dps,Skywall
216,343.3,307550311,11,Mists of Tirna Scithe,2024-11-16T18:12:08.000Z,1474079,1890999,2,"Xal'atath's Bargain: Ascendant, Tyrannical, Challenger's Peril, Fortified",天使舞依,Priest,Discipline,healer,Spirestone
217,343.3,302712935,11,Mists of Tirna Scithe,2024-10-25T16:30:35.000Z,1474141,1890999,2,"Xal'atath's Bargain: Ascendant, Fortified, Challenger's Peril, Tyrannical",大你五百萬,Druid,Guardian,tank,Sundown Marsh
217,343.3,302712935,11,Mists of Tirna Scithe,2024-10-25T16:30:35.000Z,1474141,1890999,2,"Xal'atath's Bargain: Ascendant, Fortified, Challenger's Peril, Tyrannical",予馨,Shaman,Restoration,healer,Spirestone
217,343.3,302712935,11,Mists of Tirna Scithe,2024-10-25T16:30:35.000Z,1474141,1890999,2,"Xal'atath's Bargain: Ascendant, Fortified, Challenger's Peril, Tyrannical",赫克林,Death Knight,Unholy,dps,Silverwing Hold
217,343.3,302712935,11,Mists of Tirna Scithe,2024-10-25T16:30:35.000Z,1474141,1890999,2,"Xal'atath's Bargain: Ascendant, Fortified, Challenger's Peril, Tyrannical",Komainu,Mage,Arcane,dps,Sundown Marsh
217,343.3,302712935,11,Mists of Tirna Scithe,2024-10-25T16:30:35.000Z,1474141,1890999,2,"Xal'atath's Bargain: Ascendant, Fortified, Challenger's Peril, Tyrannical",Jibarogue,Rogue,Outlaw,dps,World Tree
218,343.2,303421971,11,Mists of Tirna Scithe,2024-10-28T14:19:47.000Z,1475182,1890999,2,"Xal'atath's Bargain: Ascendant, Fortified, Challenger's Peril, Tyrannical",Cream,Rogue,Assassination,dps,Whisperwind
218,343.2,303421971,11,Mists of Tirna Scithe,2024-10-28T14:19:47.000Z,1475182,1890999,2,"Xal'atath's Bargain: Ascendant, Fortified, Challenger's Peril, Tyrannical",低調就好,Demon Hunter,Vengeance,tank,Demon Fall Canyon
218,343.2,303421971,11,Mists of Tirna Scithe,2024-10-28T14:19:47.000Z,1475182,1890999,2,"Xal'atath's Bargain: Ascendant, Fortified, Challenger's Peril, Tyrannical",牧兒,Priest,Discipline,healer,Whisperwind
218,343.2,303421971,11,Mists of Tirna Scithe,2024-10-28T14:19:47.000Z,1475182,1890999,2,"Xal'atath's Bargain: Ascendant, Fortified, Challenger's Peril, Tyrannical",浣熊,Shaman,Elemental,dps,Sundown Marsh
218,343.2,303421971,11,Mists of Tirna Scithe,2024-10-28T14:19:47.000Z,1475182,1890999,2,"Xal'atath's Bargain: Ascendant, Fortified, Challenger's Peril, Tyrannical",肝硬化的聖騎,Death Knight,Frost,dps,Shadowmoon
219,343.2,308088459,11,Mists of Tirna Scithe,2024-11-19T15:45:25.000Z,1475230,1890999,2,"Xal'atath's Bargain: Ascendant, Tyrannical, Challenger's Peril, Fortified",小星,Shaman,Restoration,healer,Quel'dorei
219,343.2,308088459,11,Mists of Tirna Scithe,2024-11-19T15:45:25.000Z,1475230,1890999,2,"Xal'atath's Bargain: Ascendant, Tyrannical, Challenger's Peril, Fortified",黑露露,Mage,Frost,dps,Arygos
219,343.2,308088459,11,Mists of Tirna Scithe,2024-11-19T15:45:25.000Z,1475230,1890999,2,"Xal'atath's Bargain: Ascendant, Tyrannical, Challenger's Peril, Fortified",小龍,Paladin,Retribution,dps,Quel'dorei
219,343.2,308088459,11,Mists of Tirna Scithe,2024-11-19T15:45:25.000Z,1475230,1890999,2,"Xal'atath's Bargain: Ascendant, Tyrannical, Challenger's Peril, Fortified",AnonD335CE1,Demon Hunter,Vengeance,tank,Anonymous
219,343.2,308088459,11,Mists of Tirna Scithe,2024-11-19T15:45:25.000Z,1475230,1890999,2,"Xal'atath's Bargain: Ascendant, Tyrannical, Challenger's Peril, Fortified",紫燄,Paladin,Retribution,dps,Quel'dorei
220,343.2,293134604,11,Mists of Tirna Scithe,2024-10-24T05:55:28.000Z,1475579,1890999,2,"Xal'atath's Bargain: Ascendant, Fortified, Challenger's Peril, Tyrannical",蝴蝶酥,Death Knight,Frost,dps,Shadowmoon
220,343.2,293134604,11,Mists of Tirna Scithe,2024-10-24T05:55:28.000Z,1475579,1890999,2,"Xal'atath's Bargain: Ascendant, Fortified, Challenger's Peril, Tyrannical",小傑呀,Demon Hunter,Vengeance,tank,Shadowmoon
220,343.2,293134604,11,Mists of Tirna Scithe,2024-10-24T05:55:28.000Z,1475579,1890999,2,"Xal'atath's Bargain: Ascendant, Fortified, Challenger's Peril, Tyrannical",Genvoya-57396425,Paladin,Retribution,dps,Shadowmoon
220,343.2,293134604,11,Mists of Tirna Scithe,2024-10-24T05:55:28.000Z,1475579,1890999,2,"Xal'atath's Bargain: Ascendant, Fortified, Challenger's Peril, Tyrannical",艾米丶,Evoker,Preservation,healer,Shadowmoon
220,343.2,293134604,11,Mists of Tirna Scithe,2024-10-24T05:55:28.000Z,1475579,1890999,2,"Xal'atath's Bargain: Ascendant, Fortified, Challenger's Peril, Tyrannical",黑白超米米,Warrior,Fury,dps,Shadowmoon
221,343.2,303233698,11,Mists of Tirna Scithe,2024-10-28T18:20:51.000Z,1475629,1890999,2,"Xal'atath's Bargain: Ascendant, Fortified, Challenger's Peril, Tyrannical",眾神的逆鱗,Paladin,Holy,healer,Sundown Marsh
221,343.2,303233698,11,Mists of Tirna Scithe,2024-10-28T18:20:51.000Z,1475629,1890999,2,"Xal'atath's Bargain: Ascendant, Fortified, Challenger's Peril, Tyrannical",猛猛瘩,Warlock,Affliction,dps,Chillwind Point
221,343.2,303233698,11,Mists of Tirna Scithe,2024-10-28T18:20:51.000Z,1475629,1890999,2,"Xal'atath's Bargain: Ascendant, Fortified, Challenger's Peril, Tyrannical",秋來也,Druid,Balance,dps,Chillwind Point
221,343.2,303233698,11,Mists of Tirna Scithe,2024-10-28T18:20:51.000Z,1475629,1890999,2,"Xal'atath's Bargain: Ascendant, Fortified, Challenger's Peril, Tyrannical",乙骨,Warrior,Protection,tank,Spirestone
221,343.2,303233698,11,Mists of Tirna Scithe,2024-10-28T18:20:51.000Z,1475629,1890999,2,"Xal'atath's Bargain: Ascendant, Fortified, Challenger's Peril, Tyrannical",瀧藝天,Shaman,Elemental,dps,Spirestone
222,343.2,303600044,11,Mists of Tirna Scithe,2024-10-29T09:20:56.000Z,1477013,1890999,2,"Xal'atath's Bargain: Ascendant, Fortified, Challenger's Peril, Tyrannical",小傑富力士,Demon Hunter,Havoc,dps,Spirestone
222,343.2,303600044,11,Mists of Tirna Scithe,2024-10-29T09:20:56.000Z,1477013,1890999,2,"Xal'atath's Bargain: Ascendant, Fortified, Challenger's Peril, Tyrannical",少說話,Shaman,Elemental,dps,Shadowmoon
222,343.2,303600044,11,Mists of Tirna Scithe,2024-10-29T09:20:56.000Z,1477013,1890999,2,"Xal'atath's Bargain: Ascendant, Fortified, Challenger's Peril, Tyrannical",豆腐奶茶,Druid,Balance,dps,Arthas
222,343.2,303600044,11,Mists of Tirna Scithe,2024-10-29T09:20:56.000Z,1477013,1890999,2,"Xal'atath's Bargain: Ascendant, Fortified, Challenger's Peril, Tyrannical",盐一德,Druid,Guardian,tank,Spirestone
222,343.2,303600044,11,Mists of Tirna Scithe,2024-10-29T09:20:56.000Z,1477013,1890999,2,"Xal'atath's Bargain: Ascendant, Fortified, Challenger's Peril, Tyrannical",你很喜歡我欸,Shaman,Restoration,healer,Shadowmoon
223,343.2,303117994,11,Mists of Tirna Scithe,2024-10-27T02:48:13.000Z,1477977,1890999,2,"Xal'atath's Bargain: Ascendant, Fortified, Challenger's Peril, Tyrannical",相信光,Paladin,Protection,tank,Crystalpine Stinger
223,343.2,303117994,11,Mists of Tirna Scithe,2024-10-27T02:48:13.000Z,1477977,1890999,2,"Xal'atath's Bargain: Ascendant, Fortified, Challenger's Peril, Tyrannical",寂寞相伴,Death Knight,Frost,dps,Crystalpine Stinger
223,343.2,303117994,11,Mists of Tirna Scithe,2024-10-27T02:48:13.000Z,1477977,1890999,2,"Xal'atath's Bargain: Ascendant, Fortified, Challenger's Peril, Tyrannical",熱力學大師,Shaman,Restoration,healer,Dragonmaw
223,343.2,303117994,11,Mists of Tirna Scithe,2024-10-27T02:48:13.000Z,1477977,1890999,2,"Xal'atath's Bargain: Ascendant, Fortified, Challenger's Peril, Tyrannical",Lonelys,Priest,Shadow,dps,Whisperwind
223,343.2,303117994,11,Mists of Tirna Scithe,2024-10-27T02:48:13.000Z,1477977,1890999,2,"Xal'atath's Bargain: Ascendant, Fortified, Challenger's Peril, Tyrannical",Pachinco,Shaman,Elemental,dps,Crystalpine Stinger
224,343.2,307679477,11,Mists of Tirna Scithe,2024-11-17T08:51:05.000Z,1478619,1890999,2,"Xal'atath's Bargain: Ascendant, Tyrannical, Challenger's Peril, Fortified",瘋狂妞兒,Priest,Discipline,healer,Whisperwind
224,343.2,307679477,11,Mists of Tirna Scithe,2024-11-17T08:51:05.000Z,1478619,1890999,2,"Xal'atath's Bargain: Ascendant, Tyrannical, Challenger's Peril, Fortified",Qsxx,Paladin,Retribution,dps,Shadowmoon
224,343.2,307679477,11,Mists of Tirna Scithe,2024-11-17T08:51:05.000Z,1478619,1890999,2,"Xal'atath's Bargain: Ascendant, Tyrannical, Challenger's Peril, Fortified",星街彗星,Shaman,Enhancement,dps,Quel'dorei
224,343.2,307679477,11,Mists of Tirna Scithe,2024-11-17T08:51:05.000Z,1478619,1890999,2,"Xal'atath's Bargain: Ascendant, Tyrannical, Challenger's Peril, Fortified",怎麼啦阿鬼,Rogue,Assassination,dps,Sundown Marsh
224,343.2,307679477,11,Mists of Tirna Scithe,2024-11-17T08:51:05.000Z,1478619,1890999,2,"Xal'atath's Bargain: Ascendant, Tyrannical, Challenger's Peril, Fortified",Qii,Demon Hunter,Vengeance,tank,Shadowmoon
225,343.2,308249865,11,Mists of Tirna Scithe,2024-11-20T07:58:48.000Z,1479349,1890999,2,"Xal'atath's Bargain: Ascendant, Tyrannical, Challenger's Peril, Fortified",橙橙風行者,Hunter,Survival,dps,Crystalpine Stinger
225,343.2,308249865,11,Mists of Tirna Scithe,2024-11-20T07:58:48.000Z,1479349,1890999,2,"Xal'atath's Bargain: Ascendant, Tyrannical, Challenger's Peril, Fortified",須臾百夢,Priest,Discipline,healer,Icecrown
225,343.2,308249865,11,Mists of Tirna Scithe,2024-11-20T07:58:48.000Z,1479349,1890999,2,"Xal'atath's Bargain: Ascendant, Tyrannical, Challenger's Peril, Fortified",欣梅爾,Paladin,Retribution,dps,Order of the Cloud Serpent
225,343.2,308249865,11,Mists of Tirna Scithe,2024-11-20T07:58:48.000Z,1479349,1890999,2,"Xal'atath's Bargain: Ascendant, Tyrannical, Challenger's Peril, Fortified",何天之衢,Death Knight,Unholy,dps,World Tree
225,343.2,308249865,11,Mists of Tirna Scithe,2024-11-20T07:58:48.000Z,1479349,1890999,2,"Xal'atath's Bargain: Ascendant, Tyrannical, Challenger's Peril, Fortified",Ievel,Demon Hunter,Vengeance,tank,Arygos
226,343.2,302523757,11,Mists of Tirna Scithe,2024-10-24T18:03:11.000Z,1479548,1890999,2,"Xal'atath's Bargain: Ascendant, Fortified, Challenger's Peril, Tyrannical",抒情滷肉飯,Shaman,Restoration,healer,Hellscream
226,343.2,302523757,11,Mists of Tirna Scithe,2024-10-24T18:03:11.000Z,1479548,1890999,2,"Xal'atath's Bargain: Ascendant, Fortified, Challenger's Peril, Tyrannical",Wannasleep-135269150,Rogue,Assassination,dps,Crystalpine Stinger
226,343.2,302523757,11,Mists of Tirna Scithe,2024-10-24T18:03:11.000Z,1479548,1890999,2,"Xal'atath's Bargain: Ascendant, Fortified, Challenger's Peril, Tyrannical",粉色皮包,Mage,Frost,dps,Skywall
226,343.2,302523757,11,Mists of Tirna Scithe,2024-10-24T18:03:11.000Z,1479548,1890999,2,"Xal'atath's Bargain: Ascendant, Fortified, Challenger's Peril, Tyrannical",Qii,Demon Hunter,Vengeance,tank,Shadowmoon
226,343.2,302523757,11,Mists of Tirna Scithe,2024-10-24T18:03:11.000Z,1479548,1890999,2,"Xal'atath's Bargain: Ascendant, Fortified, Challenger's Peril, Tyrannical",黑白大廚,Warlock,Affliction,dps,Sundown Marsh
227,343.1,307157608,11,Mists of Tirna Scithe,2024-11-14T13:47:04.000Z,1480105,1890999,2,"Xal'atath's Bargain: Ascendant, Tyrannical, Challenger's Peril, Fortified",風伝,Shaman,Restoration,healer,Frostmane
227,343.1,307157608,11,Mists of Tirna Scithe,2024-11-14T13:47:04.000Z,1480105,1890999,2,"Xal'atath's Bargain: Ascendant, Tyrannical, Challenger's Peril, Fortified",跳喔,Demon Hunter,Vengeance,tank,Frostmane
227,343.1,307157608,11,Mists of Tirna Scithe,2024-11-14T13:47:04.000Z,1480105,1890999,2,"Xal'atath's Bargain: Ascendant, Tyrannical, Challenger's Peril, Fortified",娜塔莉亞,Paladin,Retribution,dps,Nightsong
227,343.1,307157608,11,Mists of Tirna Scithe,2024-11-14T13:47:04.000Z,1480105,1890999,2,"Xal'atath's Bargain: Ascendant, Tyrannical, Challenger's Peril, Fortified",老走喔,Warrior,Arms,dps,Frostmane
227,343.1,307157608,11,Mists of Tirna Scithe,2024-11-14T13:47:04.000Z,1480105,1890999,2,"Xal'atath's Bargain: Ascendant, Tyrannical, Challenger's Peril, Fortified",靓仔打本嗎,Death Knight,Frost,dps,Arygos
228,343.1,307516429,11,Mists of Tirna Scithe,2024-11-16T15:51:15.000Z,1480487,1890999,2,"Xal'atath's Bargain: Ascendant, Tyrannical, Challenger's Peril, Fortified",一唯獨愛犬一,Druid,Guardian,tank,Dragonmaw
228,343.1,307516429,11,Mists of Tirna Scithe,2024-11-16T15:51:15.000Z,1480487,1890999,2,"Xal'atath's Bargain: Ascendant, Tyrannical, Challenger's Peril, Fortified",恐龍妹之吻,Warlock,Destruction,dps,Dragonmaw
228,343.1,307516429,11,Mists of Tirna Scithe,2024-11-16T15:51:15.000Z,1480487,1890999,2,"Xal'atath's Bargain: Ascendant, Tyrannical, Challenger's Peril, Fortified",弦嶽,Hunter,Survival,dps,Light's Hope
228,343.1,307516429,11,Mists of Tirna Scithe,2024-11-16T15:51:15.000Z,1480487,1890999,2,"Xal'atath's Bargain: Ascendant, Tyrannical, Challenger's Peril, Fortified",Izcc,Shaman,Restoration,healer,Menethil
228,343.1,307516429,11,Mists of Tirna Scithe,2024-11-16T15:51:15.000Z,1480487,1890999,2,"Xal'atath's Bargain: Ascendant, Tyrannical, Challenger's Peril, Fortified",小小八,Paladin,Retribution,dps,Nightsong
229,343.1,307926679,11,Mists of Tirna Scithe,2024-11-18T16:19:16.000Z,1481124,1890999,2,"Xal'atath's Bargain: Ascendant, Tyrannical, Challenger's Peril, Fortified",萌兔,Warlock,Destruction,dps,Shadowmoon
229,343.1,307926679,11,Mists of Tirna Scithe,2024-11-18T16:19:16.000Z,1481124,1890999,2,"Xal'atath's Bargain: Ascendant, Tyrannical, Challenger's Peril, Fortified",Frostymoon,Priest,Discipline,healer,Arygos
229,343.1,307926679,11,Mists of Tirna Scithe,2024-11-18T16:19:16.000Z,1481124,1890999,2,"Xal'atath's Bargain: Ascendant, Tyrannical, Challenger's Peril, Fortified",熊邦,Evoker,Augmentation,dps,Shadowmoon
229,343.1,307926679,11,Mists of Tirna Scithe,2024-11-18T16:19:16.000Z,1481124,1890999,2,"Xal'atath's Bargain: Ascendant, Tyrannical, Challenger's Peril, Fortified",齁齁聖,Paladin,Protection,tank,Shadowmoon
229,343.1,307926679,11,Mists of Tirna Scithe,2024-11-18T16:19:16.000Z,1481124,1890999,2,"Xal'atath's Bargain: Ascendant, Tyrannical, Challenger's Peril, Fortified",尖尖哇嘎奈,Shaman,Enhancement,dps,Shadowmoon
230,343.1,308129859,11,Mists of Tirna Scithe,2024-11-19T18:16:46.000Z,1481381,1890999,2,"Xal'atath's Bargain: Ascendant, Tyrannical, Challenger's Peril, Fortified",胖丁,Monk,Brewmaster,tank,Shadowmoon
230,343.1,308129859,11,Mists of Tirna Scithe,2024-11-19T18:16:46.000Z,1481381,1890999,2,"Xal'atath's Bargain: Ascendant, Tyrannical, Challenger's Peril, Fortified",薩滿迪克,Shaman,Enhancement,dps,Bleeding Hollow
230,343.1,308129859,11,Mists of Tirna Scithe,2024-11-19T18:16:46.000Z,1481381,1890999,2,"Xal'atath's Bargain: Ascendant, Tyrannical, Challenger's Peril, Fortified",Gaawaa,Death Knight,Frost,dps,Shadowmoon
230,343.1,308129859,11,Mists of Tirna Scithe,2024-11-19T18:16:46.000Z,1481381,1890999,2,"Xal'atath's Bargain: Ascendant, Tyrannical, Challenger's Peril, Fortified",女僕,Paladin,Holy,healer,Arygos
230,343.1,308129859,11,Mists of Tirna Scithe,2024-11-19T18:16:46.000Z,1481381,1890999,2,"Xal'atath's Bargain: Ascendant, Tyrannical, Challenger's Peril, Fortified",多汁少女,Paladin,Retribution,dps,Stormscale
231,343.1,307459584,11,Mists of Tirna Scithe,2024-11-16T06:27:43.000Z,1481443,1890999,2,"Xal'atath's Bargain: Ascendant, Tyrannical, Challenger's Peril, Fortified",香蕉,Shaman,Enhancement,dps,Arthas
231,343.1,307459584,11,Mists of Tirna Scithe,2024-11-16T06:27:43.000Z,1481443,1890999,2,"Xal'atath's Bargain: Ascendant, Tyrannical, Challenger's Peril, Fortified",褲襠榨汁機,Priest,Shadow,dps,Arthas
231,343.1,307459584,11,Mists of Tirna Scithe,2024-11-16T06:27:43.000Z,1481443,1890999,2,"Xal'atath's Bargain: Ascendant, Tyrannical, Challenger's Peril, Fortified",冬瓜獵,Hunter,Marksmanship,dps,Arthas
231,343.1,307459584,11,Mists of Tirna Scithe,2024-11-16T06:27:43.000Z,1481443,1890999,2,"Xal'atath's Bargain: Ascendant, Tyrannical, Challenger's Peril, Fortified",森山大道,Monk,Brewmaster,tank,Quel'dorei
231,343.1,307459584,11,Mists of Tirna Scithe,2024-11-16T06:27:43.000Z,1481443,1890999,2,"Xal'atath's Bargain: Ascendant, Tyrannical, Challenger's Peril, Fortified",陳婉嫻,Priest,Discipline,healer,Hellscream
232,343.1,307104223,11,Mists of Tirna Scithe,2024-11-14T03:02:52.000Z,1481570,1890999,2,"Xal'atath's Bargain: Ascendant, Tyrannical, Challenger's Peril, Fortified",蝴蝶酥,Death Knight,Unholy,dps,Shadowmoon
232,343.1,307104223,11,Mists of Tirna Scithe,2024-11-14T03:02:52.000Z,1481570,1890999,2,"Xal'atath's Bargain: Ascendant, Tyrannical, Challenger's Peril, Fortified",艾米丶,Evoker,Preservation,healer,Shadowmoon
232,343.1,307104223,11,Mists of Tirna Scithe,2024-11-14T03:02:52.000Z,1481570,1890999,2,"Xal'atath's Bargain: Ascendant, Tyrannical, Challenger's Peril, Fortified",如璃百守,Paladin,Protection,tank,Shadowmoon
232,343.1,307104223,11,Mists of Tirna Scithe,2024-11-14T03:02:52.000Z,1481570,1890999,2,"Xal'atath's Bargain: Ascendant, Tyrannical, Challenger's Peril, Fortified",黑白超米米,Warrior,Fury,dps,Shadowmoon
232,343.1,307104223,11,Mists of Tirna Scithe,2024-11-14T03:02:52.000Z,1481570,1890999,2,"Xal'atath's Bargain: Ascendant, Tyrannical, Challenger's Peril, Fortified",貓貓玩毛線,Paladin,Retribution,dps,Icecrown
233,343.1,303183302,11,Mists of Tirna Scithe,2024-10-27T16:48:23.000Z,1483206,1890999,2,"Xal'atath's Bargain: Ascendant, Fortified, Challenger's Peril, Tyrannical",巴士光年,Demon Hunter,Vengeance,tank,Shadowmoon
233,343.1,303183302,11,Mists of Tirna Scithe,2024-10-27T16:48:23.000Z,1483206,1890999,2,"Xal'atath's Bargain: Ascendant, Fortified, Challenger's Peril, Tyrannical",型煌,Paladin,Retribution,dps,Demon Fall Canyon
233,343.1,303183302,11,Mists of Tirna Scithe,2024-10-27T16:48:23.000Z,1483206,1890999,2,"Xal'atath's Bargain: Ascendant, Fortified, Challenger's Peril, Tyrannical",Linga,Shaman,Elemental,dps,Quel'dorei
233,343.1,303183302,11,Mists of Tirna Scithe,2024-10-27T16:48:23.000Z,1483206,1890999,2,"Xal'atath's Bargain: Ascendant, Fortified, Challenger's Peril, Tyrannical",歐齁,Paladin,Retribution,dps,Quel'dorei
233,343.1,303183302,11,Mists of Tirna Scithe,2024-10-27T16:48:23.000Z,1483206,1890999,2,"Xal'atath's Bargain: Ascendant, Fortified, Challenger's Peril, Tyrannical",帶你提升裝備,Shaman,Restoration,healer,Wrathbringer
234,343.1,308239928,11,Mists of Tirna Scithe,2024-11-20T05:54:07.000Z,1483333,1890999,2,"Xal'atath's Bargain: Ascendant, Tyrannical, Challenger's Peril, Fortified",彗皇貴妃娘娘,Priest,Shadow,dps,Silverwing Hold
234,343.1,308239928,11,Mists of Tirna Scithe,2024-11-20T05:54:07.000Z,1483333,1890999,2,"Xal'atath's Bargain: Ascendant, Tyrannical, Challenger's Peril, Fortified",Tunawarlock,Warlock,Destruction,dps,Chillwind Point
234,343.1,308239928,11,Mists of Tirna Scithe,2024-11-20T05:54:07.000Z,1483333,1890999,2,"Xal'atath's Bargain: Ascendant, Tyrannical, Challenger's Peril, Fortified",承諾永不言悔,Rogue,Assassination,dps,Light's Hope
234,343.1,308239928,11,Mists of Tirna Scithe,2024-11-20T05:54:07.000Z,1483333,1890999,2,"Xal'atath's Bargain: Ascendant, Tyrannical, Challenger's Peril, Fortified",內湖打架王,Death Knight,Blood,tank,Order of the Cloud Serpent
234,343.1,308239928,11,Mists of Tirna Scithe,2024-11-20T05:54:07.000Z,1483333,1890999,2,"Xal'atath's Bargain: Ascendant, Tyrannical, Challenger's Peril, Fortified",嗜血麒麟,Shaman,Restoration,healer,Arthas
235,343.1,303864357,11,Mists of Tirna Scithe,2024-10-30T13:16:17.000Z,1483351,1890999,2,"Xal'atath's Bargain: Ascendant, Fortified, Challenger's Peril, Tyrannical",炸彈喵,Death Knight,Unholy,dps,World Tree
235,343.1,303864357,11,Mists of Tirna Scithe,2024-10-30T13:16:17.000Z,1483351,1890999,2,"Xal'atath's Bargain: Ascendant, Fortified, Challenger's Peril, Tyrannical",小主教,Priest,Discipline,healer,Arygos
235,343.1,303864357,11,Mists of Tirna Scithe,2024-10-30T13:16:17.000Z,1483351,1890999,2,"Xal'atath's Bargain: Ascendant, Fortified, Challenger's Peril, Tyrannical",強弟,Hunter,Beast Mastery,dps,Bleeding Hollow
235,343.1,303864357,11,Mists of Tirna Scithe,2024-10-30T13:16:17.000Z,1483351,1890999,2,"Xal'atath's Bargain: Ascendant, Fortified, Challenger's Peril, Tyrannical",召喚不用讀條,Death Knight,Unholy,dps,Bleeding Hollow
235,343.1,303864357,11,Mists of Tirna Scithe,2024-10-30T13:16:17.000Z,1483351,1890999,2,"Xal'atath's Bargain: Ascendant, Fortified, Challenger's Peril, Tyrannical",鐵支哞哞,Druid,Guardian,tank,Bleeding Hollow
236,343.1,307439727,11,Mists of Tirna Scithe,2024-11-16T03:12:17.000Z,1483481,1890999,2,"Xal'atath's Bargain: Ascendant, Tyrannical, Challenger's Peril, Fortified",褲襠榨汁機,Priest,Shadow,dps,Arthas
236,343.1,307439727,11,Mists of Tirna Scithe,2024-11-16T03:12:17.000Z,1483481,1890999,2,"Xal'atath's Bargain: Ascendant, Tyrannical, Challenger's Peril, Fortified",佐倉綾音,Mage,Frost,dps,Chillwind Point
236,343.1,307439727,11,Mists of Tirna Scithe,2024-11-16T03:12:17.000Z,1483481,1890999,2,"Xal'atath's Bargain: Ascendant, Tyrannical, Challenger's Peril, Fortified",森山大道,Monk,Mistweaver,healer,Quel'dorei
236,343.1,307439727,11,Mists of Tirna Scithe,2024-11-16T03:12:17.000Z,1483481,1890999,2,"Xal'atath's Bargain: Ascendant, Tyrannical, Challenger's Peril, Fortified",清蕉,Paladin,Protection,tank,Arthas
236,343.1,307439727,11,Mists of Tirna Scithe,2024-11-16T03:12:17.000Z,1483481,1890999,2,"Xal'atath's Bargain: Ascendant, Tyrannical, Challenger's Peril, Fortified",牙起來,Shaman,Elemental,dps,Zealot Blade
237,343.1,302944682,11,Mists of Tirna Scithe,2024-10-26T15:10:10.000Z,1483726,1890999,2,"Xal'atath's Bargain: Ascendant, Fortified, Challenger's Peril, Tyrannical",熊貓之霸,Death Knight,Frost,dps,Shadowmoon
237,343.1,302944682,11,Mists of Tirna Scithe,2024-10-26T15:10:10.000Z,1483726,1890999,2,"Xal'atath's Bargain: Ascendant, Fortified, Challenger's Peril, Tyrannical",Cjyuan,Mage,Frost,dps,Wrathbringer
237,343.1,302944682,11,Mists of Tirna Scithe,2024-10-26T15:10:10.000Z,1483726,1890999,2,"Xal'atath's Bargain: Ascendant, Fortified, Challenger's Peril, Tyrannical",Jokerxdh,Demon Hunter,Vengeance,tank,Crystalpine Stinger
237,343.1,302944682,11,Mists of Tirna Scithe,2024-10-26T15:10:10.000Z,1483726,1890999,2,"Xal'atath's Bargain: Ascendant, Fortified, Challenger's Peril, Tyrannical",戀依茜茜,Shaman,Elemental,dps,Whisperwind
237,343.1,302944682,11,Mists of Tirna Scithe,2024-10-26T15:10:10.000Z,1483726,1890999,2,"Xal'atath's Bargain: Ascendant, Fortified, Challenger's Peril, Tyrannical",煉小希,Priest,Discipline,healer,Demon Fall Canyon
238,343.1,293175029,11,Mists of Tirna Scithe,2024-11-18T15:39:38.000Z,1484938,1890999,2,"Xal'atath's Bargain: Ascendant, Tyrannical, Challenger's Peril, Fortified",小秭命,Death Knight,Frost,dps,Wrathbringer
238,343.1,293175029,11,Mists of Tirna Scithe,2024-11-18T15:39:38.000Z,1484938,1890999,2,"Xal'atath's Bargain: Ascendant, Tyrannical, Challenger's Peril, Fortified",Eclair,Warrior,Fury,dps,Wrathbringer
238,343.1,293175029,11,Mists of Tirna Scithe,2024-11-18T15:39:38.000Z,1484938,1890999,2,"Xal'atath's Bargain: Ascendant, Tyrannical, Challenger's Peril, Fortified",右拳打開了天,Evoker,Augmentation,dps,Wrathbringer
238,343.1,293175029,11,Mists of Tirna Scithe,2024-11-18T15:39:38.000Z,1484938,1890999,2,"Xal'atath's Bargain: Ascendant, Tyrannical, Challenger's Peril, Fortified",馬的法克怒風,Druid,Guardian,tank,Wrathbringer
238,343.1,293175029,11,Mists of Tirna Scithe,2024-11-18T15:39:38.000Z,1484938,1890999,2,"Xal'atath's Bargain: Ascendant, Tyrannical, Challenger's Peril, Fortified",不想要尾十,Shaman,Restoration,healer,Wrathbringer
239,343.1,307337990,11,Mists of Tirna Scithe,2024-11-15T16:30:10.000Z,1484946,1890999,2,"Xal'atath's Bargain: Ascendant, Tyrannical, Challenger's Peril, Fortified",敷炮,Hunter,Beast Mastery,dps,Frostmane
239,343.1,307337990,11,Mists of Tirna Scithe,2024-11-15T16:30:10.000Z,1484946,1890999,2,"Xal'atath's Bargain: Ascendant, Tyrannical, Challenger's Peril, Fortified",蒜蒜魔,Druid,Guardian,tank,Whisperwind
239,343.1,307337990,11,Mists of Tirna Scithe,2024-11-15T16:30:10.000Z,1484946,1890999,2,"Xal'atath's Bargain: Ascendant, Tyrannical, Challenger's Peril, Fortified",一心憧憬,Shaman,Enhancement,dps,Whisperwind
239,343.1,307337990,11,Mists of Tirna Scithe,2024-11-15T16:30:10.000Z,1484946,1890999,2,"Xal'atath's Bargain: Ascendant, Tyrannical, Challenger's Peril, Fortified",白爛貓,Warlock,Destruction,dps,Whisperwind
239,343.1,307337990,11,Mists of Tirna Scithe,2024-11-15T16:30:10.000Z,1484946,1890999,2,"Xal'atath's Bargain: Ascendant, Tyrannical, Challenger's Peril, Fortified",南宮曉晨,Shaman,Restoration,healer,Shadowmoon
240,343,307177949,11,Mists of Tirna Scithe,2024-11-14T17:00:37.000Z,1485510,1890999,2,"Xal'atath's Bargain: Ascendant, Tyrannical, Challenger's Peril, Fortified",月以煜夜,Rogue,Assassination,dps,Sundown Marsh
240,343,307177949,11,Mists of Tirna Scithe,2024-11-14T17:00:37.000Z,1485510,1890999,2,"Xal'atath's Bargain: Ascendant, Tyrannical, Challenger's Peril, Fortified",艾爾維希,Mage,Frost,dps,Sundown Marsh
240,343,307177949,11,Mists of Tirna Scithe,2024-11-14T17:00:37.000Z,1485510,1890999,2,"Xal'atath's Bargain: Ascendant, Tyrannical, Challenger's Peril, Fortified",舞月凝,Paladin,Holy,healer,Demon Fall Canyon
240,343,307177949,11,Mists of Tirna Scithe,2024-11-14T17:00:37.000Z,1485510,1890999,2,"Xal'atath's Bargain: Ascendant, Tyrannical, Challenger's Peril, Fortified",Doubletop,Warrior,Protection,tank,Sundown Marsh
240,343,307177949,11,Mists of Tirna Scithe,2024-11-14T17:00:37.000Z,1485510,1890999,2,"Xal'atath's Bargain: Ascendant, Tyrannical, Challenger's Peril, Fortified",醫醫靈來啦,Death Knight,Unholy,dps,Skywall
241,343,303639883,11,Mists of Tirna Scithe,2024-10-29T14:44:15.000Z,1485752,1890999,2,"Xal'atath's Bargain: Ascendant, Fortified, Challenger's Peril, Tyrannical",澤秋,Druid,Guardian,tank,Whisperwind
241,343,303639883,11,Mists of Tirna Scithe,2024-10-29T14:44:15.000Z,1485752,1890999,2,"Xal'atath's Bargain: Ascendant, Fortified, Challenger's Peril, Tyrannical",刮痧圖騰,Shaman,Enhancement,dps,Shadowmoon
241,343,303639883,11,Mists of Tirna Scithe,2024-10-29T14:44:15.000Z,1485752,1890999,2,"Xal'atath's Bargain: Ascendant, Fortified, Challenger's Peril, Tyrannical",誰願放手,Demon Hunter,Havoc,dps,Whisperwind
241,343,303639883,11,Mists of Tirna Scithe,2024-10-29T14:44:15.000Z,1485752,1890999,2,"Xal'atath's Bargain: Ascendant, Fortified, Challenger's Peril, Tyrannical",Anon7C2BFB6,Shaman,Restoration,healer,Anonymous
241,343,303639883,11,Mists of Tirna Scithe,2024-10-29T14:44:15.000Z,1485752,1890999,2,"Xal'atath's Bargain: Ascendant, Fortified, Challenger's Peril, Tyrannical",Mikayla,Mage,Frost,dps,Shadowmoon
242,343,307906487,11,Mists of Tirna Scithe,2024-11-18T13:14:07.000Z,1486316,1890999,2,"Xal'atath's Bargain: Ascendant, Tyrannical, Challenger's Peril, Fortified",Hmhm,Mage,Frost,dps,Crystalpine Stinger
242,343,307906487,11,Mists of Tirna Scithe,2024-11-18T13:14:07.000Z,1486316,1890999,2,"Xal'atath's Bargain: Ascendant, Tyrannical, Challenger's Peril, Fortified",Steverogers,Paladin,Retribution,dps,Demon Fall Canyon
242,343,307906487,11,Mists of Tirna Scithe,2024-11-18T13:14:07.000Z,1486316,1890999,2,"Xal'atath's Bargain: Ascendant, Tyrannical, Challenger's Peril, Fortified",璇翊,Warrior,Fury,dps,Silverwing Hold
242,343,307906487,11,Mists of Tirna Scithe,2024-11-18T13:14:07.000Z,1486316,1890999,2,"Xal'atath's Bargain: Ascendant, Tyrannical, Challenger's Peril, Fortified",依依出任務,Paladin,Protection,tank,Crystalpine Stinger
242,343,307906487,11,Mists of Tirna Scithe,2024-11-18T13:14:07.000Z,1486316,1890999,2,"Xal'atath's Bargain: Ascendant, Tyrannical, Challenger's Peril, Fortified",寵物帶練,Priest,Discipline,healer,Crystalpine Stinger
243,343,307474813,11,Mists of Tirna Scithe,2024-11-16T09:48:36.000Z,1486329,1890999,2,"Xal'atath's Bargain: Ascendant, Tyrannical, Challenger's Peril, Fortified",血色之嵐,Paladin,Protection,tank,Shadowmoon
243,343,307474813,11,Mists of Tirna Scithe,2024-11-16T09:48:36.000Z,1486329,1890999,2,"Xal'atath's Bargain: Ascendant, Tyrannical, Challenger's Peril, Fortified",小春日,Mage,Frost,dps,Sundown Marsh
243,343,307474813,11,Mists of Tirna Scithe,2024-11-16T09:48:36.000Z,1486329,1890999,2,"Xal'atath's Bargain: Ascendant, Tyrannical, Challenger's Peril, Fortified",波拿拿,Priest,Shadow,dps,Demon Fall Canyon
243,343,307474813,11,Mists of Tirna Scithe,2024-11-16T09:48:36.000Z,1486329,1890999,2,"Xal'atath's Bargain: Ascendant, Tyrannical, Challenger's Peril, Fortified",Winniexi,Death Knight,Frost,dps,Sundown Marsh
243,343,307474813,11,Mists of Tirna Scithe,2024-11-16T09:48:36.000Z,1486329,1890999,2,"Xal'atath's Bargain: Ascendant, Tyrannical, Challenger's Peril, Fortified",Lulovan,Priest,Discipline,healer,Shadowmoon
244,343,302476028,11,Mists of Tirna Scithe,2024-10-24T13:29:32.000Z,1486644,1890999,2,"Xal'atath's Bargain: Ascendant, Fortified, Challenger's Peril, Tyrannical",銀月天使,Death Knight,Frost,dps,Sundown Marsh
244,343,302476028,11,Mists of Tirna Scithe,2024-10-24T13:29:32.000Z,1486644,1890999,2,"Xal'atath's Bargain: Ascendant, Fortified, Challenger's Peril, Tyrannical",塵埃惡魔,Demon Hunter,Vengeance,tank,Chillwind Point
244,343,302476028,11,Mists of Tirna Scithe,2024-10-24T13:29:32.000Z,1486644,1890999,2,"Xal'atath's Bargain: Ascendant, Fortified, Challenger's Peril, Tyrannical",Codelia,Shaman,Elemental,dps,Shadowmoon
244,343,302476028,11,Mists of Tirna Scithe,2024-10-24T13:29:32.000Z,1486644,1890999,2,"Xal'atath's Bargain: Ascendant, Fortified, Challenger's Peril, Tyrannical",Lucazz,Shaman,Restoration,healer,Shadowmoon
244,343,302476028,11,Mists of Tirna Scithe,2024-10-24T13:29:32.000Z,1486644,1890999,2,"Xal'atath's Bargain: Ascendant, Fortified, Challenger's Peril, Tyrannical",不能說的聖光,Paladin,Retribution,dps,Arthas
245,343,302433907,11,Mists of Tirna Scithe,2024-10-24T05:06:32.000Z,1486719,1890999,2,"Xal'atath's Bargain: Ascendant, Fortified, Challenger's Peril, Tyrannical",胖達圖騰,Shaman,Elemental,dps,Hellscream
245,343,302433907,11,Mists of Tirna Scithe,2024-10-24T05:06:32.000Z,1486719,1890999,2,"Xal'atath's Bargain: Ascendant, Fortified, Challenger's Peril, Tyrannical",兔子丟丟,Priest,Discipline,healer,Chillwind Point
245,343,302433907,11,Mists of Tirna Scithe,2024-10-24T05:06:32.000Z,1486719,1890999,2,"Xal'atath's Bargain: Ascendant, Fortified, Challenger's Peril, Tyrannical",Syluckyman,Paladin,Retribution,dps,Zealot Blade
245,343,302433907,11,Mists of Tirna Scithe,2024-10-24T05:06:32.000Z,1486719,1890999,2,"Xal'atath's Bargain: Ascendant, Fortified, Challenger's Peril, Tyrannical",AnonD8DFAFD,Warrior,Fury,dps,Anonymous
245,343,302433907,11,Mists of Tirna Scithe,2024-10-24T05:06:32.000Z,1486719,1890999,2,"Xal'atath's Bargain: Ascendant, Fortified, Challenger's Peril, Tyrannical",Algar-228472529,Death Knight,Blood,tank,Zealot Blade
246,343,210214599,11,Mists of Tirna Scithe,2024-11-18T14:58:58.000Z,1487208,1890999,2,"Xal'atath's Bargain: Ascendant, Tyrannical, Challenger's Peril, Fortified",精靈盟約,Paladin,Holy,healer,Stormscale
246,343,210214599,11,Mists of Tirna Scithe,2024-11-18T14:58:58.000Z,1487208,1890999,2,"Xal'atath's Bargain: Ascendant, Tyrannical, Challenger's Peril, Fortified",苦痛樂章,Warlock,Destruction,dps,Stormscale
246,343,210214599,11,Mists of Tirna Scithe,2024-11-18T14:58:58.000Z,1487208,1890999,2,"Xal'atath's Bargain: Ascendant, Tyrannical, Challenger's Peril, Fortified",真氣小女孩,Monk,Brewmaster,tank,Stormscale
246,343,210214599,11,Mists of Tirna Scithe,2024-11-18T14:58:58.000Z,1487208,1890999,2,"Xal'atath's Bargain: Ascendant, Tyrannical, Challenger's Peril, Fortified",風秦,Mage,Arcane,dps,Order of the Cloud Serpent
246,343,210214599,11,Mists of Tirna Scithe,2024-11-18T14:58:58.000Z,1487208,1890999,2,"Xal'atath's Bargain: Ascendant, Tyrannical, Challenger's Peril, Fortified",怨嗟之鬼,Priest,Shadow,dps,Nightsong
247,343,307495614,11,Mists of Tirna Scithe,2024-11-16T13:03:03.000Z,1487850,1890999,2,"Xal'atath's Bargain: Ascendant, Tyrannical, Challenger's Peril, Fortified",小魯伊花,Druid,Guardian,tank,Silverwing Hold
247,343,307495614,11,Mists of Tirna Scithe,2024-11-16T13:03:03.000Z,1487850,1890999,2,"Xal'atath's Bargain: Ascendant, Tyrannical, Challenger's Peril, Fortified",心歛,Mage,Frost,dps,Sundown Marsh
247,343,307495614,11,Mists of Tirna Scithe,2024-11-16T13:03:03.000Z,1487850,1890999,2,"Xal'atath's Bargain: Ascendant, Tyrannical, Challenger's Peril, Fortified",江將江將,Shaman,Elemental,dps,Silverwing Hold
247,343,307495614,11,Mists of Tirna Scithe,2024-11-16T13:03:03.000Z,1487850,1890999,2,"Xal'atath's Bargain: Ascendant, Tyrannical, Challenger's Peril, Fortified",芯嫙,Paladin,Holy,healer,Spirestone
247,343,307495614,11,Mists of Tirna Scithe,2024-11-16T13:03:03.000Z,1487850,1890999,2,"Xal'atath's Bargain: Ascendant, Tyrannical, Challenger's Peril, Fortified",雪米涅,Paladin,Retribution,dps,Sundown Marsh
248,343,302663867,11,Mists of Tirna Scithe,2024-10-25T11:54:21.000Z,1487997,1890999,2,"Xal'atath's Bargain: Ascendant, Fortified, Challenger's Peril, Tyrannical",大宝贝丶,Warlock,Destruction,dps,Spirestone
248,343,302663867,11,Mists of Tirna Scithe,2024-10-25T11:54:21.000Z,1487997,1890999,2,"Xal'atath's Bargain: Ascendant, Fortified, Challenger's Peril, Tyrannical",Klto,Shaman,Elemental,dps,Shadowmoon
248,343,302663867,11,Mists of Tirna Scithe,2024-10-25T11:54:21.000Z,1487997,1890999,2,"Xal'atath's Bargain: Ascendant, Fortified, Challenger's Peril, Tyrannical",魯蛇阿祐,Rogue,Assassination,dps,Sundown Marsh
248,343,302663867,11,Mists of Tirna Scithe,2024-10-25T11:54:21.000Z,1487997,1890999,2,"Xal'atath's Bargain: Ascendant, Fortified, Challenger's Peril, Tyrannical",雪花牛伯伯,Druid,Guardian,tank,Sundown Marsh
248,343,302663867,11,Mists of Tirna Scithe,2024-10-25T11:54:21.000Z,1487997,1890999,2,"Xal'atath's Bargain: Ascendant, Fortified, Challenger's Peril, Tyrannical",穀雨,Shaman,Restoration,healer,Demon Fall Canyon
249,343,302666298,11,Mists of Tirna Scithe,2024-10-25T12:00:16.000Z,1488197,1890999,2,"Xal'atath's Bargain: Ascendant, Fortified, Challenger's Peril, Tyrannical",艾霏洛,Demon Hunter,Havoc,dps,Arygos
249,343,302666298,11,Mists of Tirna Scithe,2024-10-25T12:00:16.000Z,1488197,1890999,2,"Xal'atath's Bargain: Ascendant, Fortified, Challenger's Peril, Tyrannical",天使月儿,Priest,Shadow,dps,Light's Hope
249,343,302666298,11,Mists of Tirna Scithe,2024-10-25T12:00:16.000Z,1488197,1890999,2,"Xal'atath's Bargain: Ascendant, Fortified, Challenger's Peril, Tyrannical",不愛了,Druid,Restoration,healer,Light's Hope
249,343,302666298,11,Mists of Tirna Scithe,2024-10-25T12:00:16.000Z,1488197,1890999,2,"Xal'atath's Bargain: Ascendant, Fortified, Challenger's Peril, Tyrannical",早安美芝城,Warrior,Protection,tank,Light's Hope
249,343,302666298,11,Mists of Tirna Scithe,2024-10-25T12:00:16.000Z,1488197,1890999,2,"Xal'atath's Bargain: Ascendant, Fortified, Challenger's Peril, Tyrannical",蕾姬,Shaman,Elemental,dps,Silverwing Hold
250,343,307306001,11,Mists of Tirna Scithe,2024-11-15T12:27:08.000Z,1488868,1890999,2,"Xal'atath's Bargain: Ascendant, Tyrannical, Challenger's Peril, Fortified",完美曉萌萌,Mage,Frost,dps,Frostmane
250,343,307306001,11,Mists of Tirna Scithe,2024-11-15T12:27:08.000Z,1488868,1890999,2,"Xal'atath's Bargain: Ascendant, Tyrannical, Challenger's Peril, Fortified",舔她去,Warlock,Demonology,dps,Bleeding Hollow
250,343,307306001,11,Mists of Tirna Scithe,2024-11-15T12:27:08.000Z,1488868,1890999,2,"Xal'atath's Bargain: Ascendant, Tyrannical, Challenger's Peril, Fortified",不完美豬豬,Death Knight,Blood,tank,Bleeding Hollow
250,343,307306001,11,Mists of Tirna Scithe,2024-11-15T12:27:08.000Z,1488868,1890999,2,"Xal'atath's Bargain: Ascendant, Tyrannical, Challenger's Peril, Fortified",冷月舞清秋,Shaman,Restoration,healer,Crystalpine Stinger
250,343,307306001,11,Mists of Tirna Scithe,2024-11-15T12:27:08.000Z,1488868,1890999,2,"Xal'atath's Bargain: Ascendant, Tyrannical, Challenger's Peril, Fortified",Furyfang,Paladin,Retribution,dps,World Tree
251,343,307318210,11,Mists of Tirna Scithe,2024-11-15T14:26:27.000Z,1488987,1890999,2,"Xal'atath's Bargain: Ascendant, Tyrannical, Challenger's Peril, Fortified",偶系阿倫,Druid,Balance,dps,Wrathbringer
251,343,307318210,11,Mists of Tirna Scithe,2024-11-15T14:26:27.000Z,1488987,1890999,2,"Xal'atath's Bargain: Ascendant, Tyrannical, Challenger's Peril, Fortified",对不起你哪位,Paladin,Retribution,dps,Wrathbringer
251,343,307318210,11,Mists of Tirna Scithe,2024-11-15T14:26:27.000Z,1488987,1890999,2,"Xal'atath's Bargain: Ascendant, Tyrannical, Challenger's Peril, Fortified",花生姊姊,Priest,Holy,healer,Sundown Marsh
251,343,307318210,11,Mists of Tirna Scithe,2024-11-15T14:26:27.000Z,1488987,1890999,2,"Xal'atath's Bargain: Ascendant, Tyrannical, Challenger's Peril, Fortified",Vici,Rogue,Assassination,dps,Sundown Marsh
251,343,307318210,11,Mists of Tirna Scithe,2024-11-15T14:26:27.000Z,1488987,1890999,2,"Xal'atath's Bargain: Ascendant, Tyrannical, Challenger's Peril, Fortified",墨汁战,Warrior,Protection,tank,Wrathbringer
252,343,307941245,11,Mists of Tirna Scithe,2024-11-18T18:24:36.000Z,1489328,1890999,2,"Xal'atath's Bargain: Ascendant, Tyrannical, Challenger's Peril, Fortified",乂白殿乂,Paladin,Holy,healer,Arthas
252,343,307941245,11,Mists of Tirna Scithe,2024-11-18T18:24:36.000Z,1489328,1890999,2,"Xal'atath's Bargain: Ascendant, Tyrannical, Challenger's Peril, Fortified",頂叩叩,Warrior,Protection,tank,Arthas
252,343,307941245,11,Mists of Tirna Scithe,2024-11-18T18:24:36.000Z,1489328,1890999,2,"Xal'atath's Bargain: Ascendant, Tyrannical, Challenger's Peril, Fortified",魚販小晴,Mage,Frost,dps,Crystalpine Stinger
252,343,307941245,11,Mists of Tirna Scithe,2024-11-18T18:24:36.000Z,1489328,1890999,2,"Xal'atath's Bargain: Ascendant, Tyrannical, Challenger's Peril, Fortified",晶羽玥影,Druid,Balance,dps,Shadowmoon
252,343,307941245,11,Mists of Tirna Scithe,2024-11-18T18:24:36.000Z,1489328,1890999,2,"Xal'atath's Bargain: Ascendant, Tyrannical, Challenger's Peril, Fortified",Cecily,Warlock,Demonology,dps,Shadowmoon
253,343,303162206,11,Mists of Tirna Scithe,2024-10-27T11:29:08.000Z,1489517,1890999,2,"Xal'atath's Bargain: Ascendant, Fortified, Challenger's Peril, Tyrannical",七武器,Paladin,Protection,tank,Zealot Blade
253,343,303162206,11,Mists of Tirna Scithe,2024-10-27T11:29:08.000Z,1489517,1890999,2,"Xal'atath's Bargain: Ascendant, Fortified, Challenger's Peril, Tyrannical",和尚端湯上塔,Shaman,Elemental,dps,Quel'dorei
253,343,303162206,11,Mists of Tirna Scithe,2024-10-27T11:29:08.000Z,1489517,1890999,2,"Xal'atath's Bargain: Ascendant, Fortified, Challenger's Peril, Tyrannical",夏眠隅光,Shaman,Restoration,healer,Shadowmoon
253,343,303162206,11,Mists of Tirna Scithe,2024-10-27T11:29:08.000Z,1489517,1890999,2,"Xal'atath's Bargain: Ascendant, Fortified, Challenger's Peril, Tyrannical",大鳥小聖聖,Paladin,Retribution,dps,Shadowmoon
253,343,303162206,11,Mists of Tirna Scithe,2024-10-27T11:29:08.000Z,1489517,1890999,2,"Xal'atath's Bargain: Ascendant, Fortified, Challenger's Peril, Tyrannical",Dxz,Warrior,Fury,dps,Hellscream
254,343,307158629,11,Mists of Tirna Scithe,2024-11-14T14:42:36.000Z,1489571,1890999,2,"Xal'atath's Bargain: Ascendant, Tyrannical, Challenger's Peril, Fortified",怎麼都吉娃娃,Evoker,Augmentation,dps,Quel'dorei
254,343,307158629,11,Mists of Tirna Scithe,2024-11-14T14:42:36.000Z,1489571,1890999,2,"Xal'atath's Bargain: Ascendant, Tyrannical, Challenger's Peril, Fortified",啥小啦,Druid,Balance,dps,Wrathbringer
254,343,307158629,11,Mists of Tirna Scithe,2024-11-14T14:42:36.000Z,1489571,1890999,2,"Xal'atath's Bargain: Ascendant, Tyrannical, Challenger's Peril, Fortified",紳丶聖騎士,Paladin,Protection,tank,Sundown Marsh
254,343,307158629,11,Mists of Tirna Scithe,2024-11-14T14:42:36.000Z,1489571,1890999,2,"Xal'atath's Bargain: Ascendant, Tyrannical, Challenger's Peril, Fortified",Downfall,Priest,Discipline,healer,Sundown Marsh
254,343,307158629,11,Mists of Tirna Scithe,2024-11-14T14:42:36.000Z,1489571,1890999,2,"Xal'atath's Bargain: Ascendant, Tyrannical, Challenger's Peril, Fortified",笨哥,Shaman,Enhancement,dps,Zealot Blade
255,343,307179377,11,Mists of Tirna Scithe,2024-11-14T17:47:21.000Z,1489751,1890999,2,"Xal'atath's Bargain: Ascendant, Tyrannical, Challenger's Peril, Fortified",Arancione,Rogue,Assassination,dps,Shadowmoon
255,343,307179377,11,Mists of Tirna Scithe,2024-11-14T17:47:21.000Z,1489751,1890999,2,"Xal'atath's Bargain: Ascendant, Tyrannical, Challenger's Peril, Fortified",夏蘇勒哈,Hunter,Survival,dps,Whisperwind
255,343,307179377,11,Mists of Tirna Scithe,2024-11-14T17:47:21.000Z,1489751,1890999,2,"Xal'atath's Bargain: Ascendant, Tyrannical, Challenger's Peril, Fortified",大鳥小甜心,Mage,Arcane,dps,Shadowmoon
255,343,307179377,11,Mists of Tirna Scithe,2024-11-14T17:47:21.000Z,1489751,1890999,2,"Xal'atath's Bargain: Ascendant, Tyrannical, Challenger's Peril, Fortified",桃花狸,Priest,Discipline,healer,Zealot Blade
255,343,307179377,11,Mists of Tirna Scithe,2024-11-14T17:47:21.000Z,1489751,1890999,2,"Xal'atath's Bargain: Ascendant, Tyrannical, Challenger's Peril, Fortified",修葛爾斯-130010399,Paladin,Protection,tank,Shadowmoon
256,342.9,302682334,11,Mists of Tirna Scithe,2024-11-14T15:14:30.000Z,1490391,1890999,2,"Xal'atath's Bargain: Ascendant, Tyrannical, Challenger's Peril, Fortified",小小郎君,Paladin,Retribution,dps,Shadowmoon
256,342.9,302682334,11,Mists of Tirna Scithe,2024-11-14T15:14:30.000Z,1490391,1890999,2,"Xal'atath's Bargain: Ascendant, Tyrannical, Challenger's Peril, Fortified",斐莉嘉,Priest,Holy,healer,Spirestone
256,342.9,302682334,11,Mists of Tirna Scithe,2024-11-14T15:14:30.000Z,1490391,1890999,2,"Xal'atath's Bargain: Ascendant, Tyrannical, Challenger's Peril, Fortified",啟示者庫伯特,Paladin,Retribution,dps,Spirestone
256,342.9,302682334,11,Mists of Tirna Scithe,2024-11-14T15:14:30.000Z,1490391,1890999,2,"Xal'atath's Bargain: Ascendant, Tyrannical, Challenger's Peril, Fortified",樂喵,Shaman,Elemental,dps,Shadowmoon
256,342.9,302682334,11,Mists of Tirna Scithe,2024-11-14T15:14:30.000Z,1490391,1890999,2,"Xal'atath's Bargain: Ascendant, Tyrannical, Challenger's Peril, Fortified",希露薇亞,Death Knight,Blood,tank,Spirestone
257,342.9,307178010,11,Mists of Tirna Scithe,2024-11-14T16:27:05.000Z,1490585,1890999,2,"Xal'atath's Bargain: Ascendant, Tyrannical, Challenger's Peril, Fortified",狼躍月,Shaman,Enhancement,dps,Crystalpine Stinger
257,342.9,307178010,11,Mists of Tirna Scithe,2024-11-14T16:27:05.000Z,1490585,1890999,2,"Xal'atath's Bargain: Ascendant, Tyrannical, Challenger's Peril, Fortified",觀禮僻士,Rogue,Assassination,dps,Nightsong
257,342.9,307178010,11,Mists of Tirna Scithe,2024-11-14T16:27:05.000Z,1490585,1890999,2,"Xal'atath's Bargain: Ascendant, Tyrannical, Challenger's Peril, Fortified",Supermonk,Monk,Mistweaver,healer,Arygos
257,342.9,307178010,11,Mists of Tirna Scithe,2024-11-14T16:27:05.000Z,1490585,1890999,2,"Xal'atath's Bargain: Ascendant, Tyrannical, Challenger's Peril, Fortified",蠻牛衝撞,Death Knight,Blood,tank,Arygos
257,342.9,307178010,11,Mists of Tirna Scithe,2024-11-14T16:27:05.000Z,1490585,1890999,2,"Xal'atath's Bargain: Ascendant, Tyrannical, Challenger's Peril, Fortified",Mask,Paladin,Retribution,dps,Arygos
258,342.9,307655887,11,Mists of Tirna Scithe,2024-11-17T04:07:04.000Z,1490762,1890999,2,"Xal'atath's Bargain: Ascendant, Tyrannical, Challenger's Peril, Fortified",Risty,Demon Hunter,Havoc,dps,Bleeding Hollow
258,342.9,307655887,11,Mists of Tirna Scithe,2024-11-17T04:07:04.000Z,1490762,1890999,2,"Xal'atath's Bargain: Ascendant, Tyrannical, Challenger's Peril, Fortified",琴藝獨奏曲,Shaman,Elemental,dps,Sundown Marsh
258,342.9,307655887,11,Mists of Tirna Scithe,2024-11-17T04:07:04.000Z,1490762,1890999,2,"Xal'atath's Bargain: Ascendant, Tyrannical, Challenger's Peril, Fortified",微醺可可,Rogue,Assassination,dps,World Tree
258,342.9,307655887,11,Mists of Tirna Scithe,2024-11-17T04:07:04.000Z,1490762,1890999,2,"Xal'atath's Bargain: Ascendant, Tyrannical, Challenger's Peril, Fortified",Zphirine,Death Knight,Blood,tank,Bleeding Hollow
258,342.9,307655887,11,Mists of Tirna Scithe,2024-11-17T04:07:04.000Z,1490762,1890999,2,"Xal'atath's Bargain: Ascendant, Tyrannical, Challenger's Peril, Fortified",靜貴妃,Shaman,Restoration,healer,Menethil
259,342.9,302682148,11,Mists of Tirna Scithe,2024-11-16T16:26:14.000Z,1491681,1890999,2,"Xal'atath's Bargain: Ascendant, Tyrannical, Challenger's Peril, Fortified",神釣牛,Death Knight,Blood,tank,Arthas
259,342.9,302682148,11,Mists of Tirna Scithe,2024-11-16T16:26:14.000Z,1491681,1890999,2,"Xal'atath's Bargain: Ascendant, Tyrannical, Challenger's Peril, Fortified",抱歉我又,Paladin,Retribution,dps,Sundown Marsh
259,342.9,302682148,11,Mists of Tirna Scithe,2024-11-16T16:26:14.000Z,1491681,1890999,2,"Xal'atath's Bargain: Ascendant, Tyrannical, Challenger's Peril, Fortified",巫赦,Shaman,Elemental,dps,Arthas
259,342.9,302682148,11,Mists of Tirna Scithe,2024-11-16T16:26:14.000Z,1491681,1890999,2,"Xal'atath's Bargain: Ascendant, Tyrannical, Challenger's Peril, Fortified",撐不到十秒,Shaman,Enhancement,dps,Hellscream
259,342.9,302682148,11,Mists of Tirna Scithe,2024-11-16T16:26:14.000Z,1491681,1890999,2,"Xal'atath's Bargain: Ascendant, Tyrannical, Challenger's Peril, Fortified",善良小咚咚,Priest,Discipline,healer,Zealot Blade
260,342.9,308293314,11,Mists of Tirna Scithe,2024-11-20T15:30:36.000Z,1491924,1890999,2,"Xal'atath's Bargain: Ascendant, Tyrannical, Challenger's Peril, Fortified",一舊飯,Druid,Guardian,tank,Crystalpine Stinger
260,342.9,308293314,11,Mists of Tirna Scithe,2024-11-20T15:30:36.000Z,1491924,1890999,2,"Xal'atath's Bargain: Ascendant, Tyrannical, Challenger's Peril, Fortified",冰風之月,Mage,Frost,dps,Chillwind Point
260,342.9,308293314,11,Mists of Tirna Scithe,2024-11-20T15:30:36.000Z,1491924,1890999,2,"Xal'atath's Bargain: Ascendant, Tyrannical, Challenger's Peril, Fortified",芮雅,Priest,Holy,healer,Crystalpine Stinger
260,342.9,308293314,11,Mists of Tirna Scithe,2024-11-20T15:30:36.000Z,1491924,1890999,2,"Xal'atath's Bargain: Ascendant, Tyrannical, Challenger's Peril, Fortified",琉諾伊布奇,Evoker,Augmentation,dps,Crystalpine Stinger
260,342.9,308293314,11,Mists of Tirna Scithe,2024-11-20T15:30:36.000Z,1491924,1890999,2,"Xal'atath's Bargain: Ascendant, Tyrannical, Challenger's Peril, Fortified",陌狼,Hunter,Beast Mastery,dps,Crystalpine Stinger
261,342.9,302472394,11,Mists of Tirna Scithe,2024-10-24T12:58:17.000Z,1492473,1890999,2,"Xal'atath's Bargain: Ascendant, Fortified, Challenger's Peril, Tyrannical",坦撚過狗,Warrior,Protection,tank,Demon Fall Canyon
261,342.9,302472394,11,Mists of Tirna Scithe,2024-10-24T12:58:17.000Z,1492473,1890999,2,"Xal'atath's Bargain: Ascendant, Fortified, Challenger's Peril, Tyrannical",Bobsevenyou,Paladin,Holy,healer,Wrathbringer
261,342.9,302472394,11,Mists of Tirna Scithe,2024-10-24T12:58:17.000Z,1492473,1890999,2,"Xal'atath's Bargain: Ascendant, Fortified, Challenger's Peril, Tyrannical",辉骑,Paladin,Retribution,dps,Shadowmoon
261,342.9,302472394,11,Mists of Tirna Scithe,2024-10-24T12:58:17.000Z,1492473,1890999,2,"Xal'atath's Bargain: Ascendant, Fortified, Challenger's Peril, Tyrannical",小雪會漏電,Shaman,Elemental,dps,Sundown Marsh
261,342.9,302472394,11,Mists of Tirna Scithe,2024-10-24T12:58:17.000Z,1492473,1890999,2,"Xal'atath's Bargain: Ascendant, Fortified, Challenger's Peril, Tyrannical",Marspin,Death Knight,Frost,dps,Nightsong
262,342.9,303116698,11,Mists of Tirna Scithe,2024-10-27T05:49:31.000Z,1492654,1890999,2,"Xal'atath's Bargain: Ascendant, Fortified, Challenger's Peril, Tyrannical",沙發破一個洞,Priest,Discipline,healer,Light's Hope
262,342.9,303116698,11,Mists of Tirna Scithe,2024-10-27T05:49:31.000Z,1492654,1890999,2,"Xal'atath's Bargain: Ascendant, Fortified, Challenger's Peril, Tyrannical",流汗的腳毛,Druid,Balance,dps,Wrathbringer
262,342.9,303116698,11,Mists of Tirna Scithe,2024-10-27T05:49:31.000Z,1492654,1890999,2,"Xal'atath's Bargain: Ascendant, Fortified, Challenger's Peril, Tyrannical",我是你的眼,Demon Hunter,Vengeance,tank,Shadowmoon
262,342.9,303116698,11,Mists of Tirna Scithe,2024-10-27T05:49:31.000Z,1492654,1890999,2,"Xal'atath's Bargain: Ascendant, Fortified, Challenger's Peril, Tyrannical",Daniel,Hunter,Marksmanship,dps,Spirestone
262,342.9,303116698,11,Mists of Tirna Scithe,2024-10-27T05:49:31.000Z,1492654,1890999,2,"Xal'atath's Bargain: Ascendant, Fortified, Challenger's Peril, Tyrannical",涼伴灑滿雞絲,Shaman,Elemental,dps,Bleeding Hollow
263,342.9,307526570,11,Mists of Tirna Scithe,2024-11-16T16:21:30.000Z,1492773,1890999,2,"Xal'atath's Bargain: Ascendant, Tyrannical, Challenger's Peril, Fortified",娃的傳說,Paladin,Protection,tank,Sundown Marsh
263,342.9,307526570,11,Mists of Tirna Scithe,2024-11-16T16:21:30.000Z,1492773,1890999,2,"Xal'atath's Bargain: Ascendant, Tyrannical, Challenger's Peril, Fortified",魏吉爾,Rogue,Assassination,dps,Whisperwind
263,342.9,307526570,11,Mists of Tirna Scithe,2024-11-16T16:21:30.000Z,1492773,1890999,2,"Xal'atath's Bargain: Ascendant, Tyrannical, Challenger's Peril, Fortified",Garprave,Warrior,Arms,dps,Spirestone
263,342.9,307526570,11,Mists of Tirna Scithe,2024-11-16T16:21:30.000Z,1492773,1890999,2,"Xal'atath's Bargain: Ascendant, Tyrannical, Challenger's Peril, Fortified",Tacit,Evoker,Augmentation,dps,Arthas
263,342.9,307526570,11,Mists of Tirna Scithe,2024-11-16T16:21:30.000Z,1492773,1890999,2,"Xal'atath's Bargain: Ascendant, Tyrannical, Challenger's Peril, Fortified",岳禾,Druid,Restoration,healer,Arthas
264,342.9,301580911,11,Mists of Tirna Scithe,2024-11-16T08:32:07.000Z,1493298,1890999,2,"Xal'atath's Bargain: Ascendant, Tyrannical, Challenger's Peril, Fortified",分開旅行,Druid,Feral,dps,Quel'dorei
264,342.9,301580911,11,Mists of Tirna Scithe,2024-11-16T08:32:07.000Z,1493298,1890999,2,"Xal'atath's Bargain: Ascendant, Tyrannical, Challenger's Peril, Fortified",潘鳳,Death Knight,Blood,tank,Crystalpine Stinger
264,342.9,301580911,11,Mists of Tirna Scithe,2024-11-16T08:32:07.000Z,1493298,1890999,2,"Xal'atath's Bargain: Ascendant, Tyrannical, Challenger's Peril, Fortified",Yupros,Paladin,Retribution,dps,Skywall
264,342.9,301580911,11,Mists of Tirna Scithe,2024-11-16T08:32:07.000Z,1493298,1890999,2,"Xal'atath's Bargain: Ascendant, Tyrannical, Challenger's Peril, Fortified",百步鳩谷,Demon Hunter,Havoc,dps,Light's Hope
264,342.9,301580911,11,Mists of Tirna Scithe,2024-11-16T08:32:07.000Z,1493298,1890999,2,"Xal'atath's Bargain: Ascendant, Tyrannical, Challenger's Peril, Fortified",傑尼,Shaman,Restoration,healer,Dragonmaw
265,342.9,302688277,11,Mists of Tirna Scithe,2024-10-25T16:01:17.000Z,1494363,1890999,2,"Xal'atath's Bargain: Ascendant, Fortified, Challenger's Peril, Tyrannical",Shakalaka,Hunter,Beast Mastery,dps,Crystalpine Stinger
265,342.9,302688277,11,Mists of Tirna Scithe,2024-10-25T16:01:17.000Z,1494363,1890999,2,"Xal'atath's Bargain: Ascendant, Fortified, Challenger's Peril, Tyrannical",一千減七,Warlock,Demonology,dps,Sundown Marsh
265,342.9,302688277,11,Mists of Tirna Scithe,2024-10-25T16:01:17.000Z,1494363,1890999,2,"Xal'atath's Bargain: Ascendant, Fortified, Challenger's Peril, Tyrannical",森里螢一,Paladin,Protection,tank,Crystalpine Stinger
265,342.9,302688277,11,Mists of Tirna Scithe,2024-10-25T16:01:17.000Z,1494363,1890999,2,"Xal'atath's Bargain: Ascendant, Fortified, Challenger's Peril, Tyrannical",風冥騎士,Paladin,Holy,healer,Crystalpine Stinger
265,342.9,302688277,11,Mists of Tirna Scithe,2024-10-25T16:01:17.000Z,1494363,1890999,2,"Xal'atath's Bargain: Ascendant, Fortified, Challenger's Peril, Tyrannical",豆腐雞腩飯-229858323,Druid,Balance,dps,Crystalpine Stinger
266,342.8,307516429,11,Mists of Tirna Scithe,2024-11-16T15:25:03.000Z,1495430,1890999,2,"Xal'atath's Bargain: Ascendant, Tyrannical, Challenger's Peril, Fortified",一唯獨愛犬一,Druid,Guardian,tank,Dragonmaw
266,342.8,307516429,11,Mists of Tirna Scithe,2024-11-16T15:25:03.000Z,1495430,1890999,2,"Xal'atath's Bargain: Ascendant, Tyrannical, Challenger's Peril, Fortified",恐龍妹之吻,Warlock,Destruction,dps,Dragonmaw
266,342.8,307516429,11,Mists of Tirna Scithe,2024-11-16T15:25:03.000Z,1495430,1890999,2,"Xal'atath's Bargain: Ascendant, Tyrannical, Challenger's Peril, Fortified",弦嶽,Hunter,Survival,dps,Light's Hope
266,342.8,307516429,11,Mists of Tirna Scithe,2024-11-16T15:25:03.000Z,1495430,1890999,2,"Xal'atath's Bargain: Ascendant, Tyrannical, Challenger's Peril, Fortified",Izcc,Shaman,Restoration,healer,Menethil
266,342.8,307516429,11,Mists of Tirna Scithe,2024-11-16T15:25:03.000Z,1495430,1890999,2,"Xal'atath's Bargain: Ascendant, Tyrannical, Challenger's Peril, Fortified",小小八,Paladin,Retribution,dps,Nightsong
267,342.8,307312983,11,Mists of Tirna Scithe,2024-11-15T13:36:28.000Z,1495455,1890999,2,"Xal'atath's Bargain: Ascendant, Tyrannical, Challenger's Peril, Fortified",惡魔薩滿,Shaman,Enhancement,dps,Demon Fall Canyon
267,342.8,307312983,11,Mists of Tirna Scithe,2024-11-15T13:36:28.000Z,1495455,1890999,2,"Xal'atath's Bargain: Ascendant, Tyrannical, Challenger's Peril, Fortified",Lilies,Druid,Restoration,healer,Nightsong
267,342.8,307312983,11,Mists of Tirna Scithe,2024-11-15T13:36:28.000Z,1495455,1890999,2,"Xal'atath's Bargain: Ascendant, Tyrannical, Challenger's Peril, Fortified",站著欸戰士,Warrior,Protection,tank,Sundown Marsh
267,342.8,307312983,11,Mists of Tirna Scithe,2024-11-15T13:36:28.000Z,1495455,1890999,2,"Xal'atath's Bargain: Ascendant, Tyrannical, Challenger's Peril, Fortified",麥茶超好喝,Death Knight,Frost,dps,Bleeding Hollow
267,342.8,307312983,11,Mists of Tirna Scithe,2024-11-15T13:36:28.000Z,1495455,1890999,2,"Xal'atath's Bargain: Ascendant, Tyrannical, Challenger's Peril, Fortified",荔枝果凍,Paladin,Retribution,dps,Bleeding Hollow
268,342.8,302719663,11,Mists of Tirna Scithe,2024-10-25T15:52:03.000Z,1495909,1890999,2,"Xal'atath's Bargain: Ascendant, Fortified, Challenger's Peril, Tyrannical",珍夢裡,Shaman,Restoration,healer,Sundown Marsh
268,342.8,302719663,11,Mists of Tirna Scithe,2024-10-25T15:52:03.000Z,1495909,1890999,2,"Xal'atath's Bargain: Ascendant, Fortified, Challenger's Peril, Tyrannical",差低龍,Evoker,Augmentation,dps,Light's Hope
268,342.8,302719663,11,Mists of Tirna Scithe,2024-10-25T15:52:03.000Z,1495909,1890999,2,"Xal'atath's Bargain: Ascendant, Fortified, Challenger's Peril, Tyrannical",Luoxidh,Demon Hunter,Vengeance,tank,Light's Hope
268,342.8,302719663,11,Mists of Tirna Scithe,2024-10-25T15:52:03.000Z,1495909,1890999,2,"Xal'atath's Bargain: Ascendant, Fortified, Challenger's Peril, Tyrannical",七上八薩,Shaman,Enhancement,dps,Demon Fall Canyon
268,342.8,302719663,11,Mists of Tirna Scithe,2024-10-25T15:52:03.000Z,1495909,1890999,2,"Xal'atath's Bargain: Ascendant, Fortified, Challenger's Peril, Tyrannical",玻璃心,Mage,Frost,dps,Crystalpine Stinger
269,342.8,303144810,11,Mists of Tirna Scithe,2024-10-27T09:33:07.000Z,1496241,1890999,2,"Xal'atath's Bargain: Ascendant, Fortified, Challenger's Peril, Tyrannical",嘖嘖底,Druid,Guardian,tank,Sundown Marsh
269,342.8,303144810,11,Mists of Tirna Scithe,2024-10-27T09:33:07.000Z,1496241,1890999,2,"Xal'atath's Bargain: Ascendant, Fortified, Challenger's Peril, Tyrannical",香草把撲,Hunter,Survival,dps,Light's Hope
269,342.8,303144810,11,Mists of Tirna Scithe,2024-10-27T09:33:07.000Z,1496241,1890999,2,"Xal'atath's Bargain: Ascendant, Fortified, Challenger's Peril, Tyrannical",極地陽光,Shaman,Elemental,dps,Sundown Marsh
269,342.8,303144810,11,Mists of Tirna Scithe,2024-10-27T09:33:07.000Z,1496241,1890999,2,"Xal'atath's Bargain: Ascendant, Fortified, Challenger's Peril, Tyrannical",Dekinai,Monk,Mistweaver,healer,Sundown Marsh
269,342.8,303144810,11,Mists of Tirna Scithe,2024-10-27T09:33:07.000Z,1496241,1890999,2,"Xal'atath's Bargain: Ascendant, Fortified, Challenger's Peril, Tyrannical",臭臭熱狗,Mage,Frost,dps,Chillwind Point
270,342.8,307454180,11,Mists of Tirna Scithe,2024-11-16T05:38:19.000Z,1496525,1890999,2,"Xal'atath's Bargain: Ascendant, Tyrannical, Challenger's Peril, Fortified",艾歐娜,Death Knight,Blood,tank,Zealot Blade
270,342.8,307454180,11,Mists of Tirna Scithe,2024-11-16T05:38:19.000Z,1496525,1890999,2,"Xal'atath's Bargain: Ascendant, Tyrannical, Challenger's Peril, Fortified",秋憶楓嵐,Rogue,Assassination,dps,Arthas
270,342.8,307454180,11,Mists of Tirna Scithe,2024-11-16T05:38:19.000Z,1496525,1890999,2,"Xal'atath's Bargain: Ascendant, Tyrannical, Challenger's Peril, Fortified",Einherjar,Warlock,Demonology,dps,Hellscream
270,342.8,307454180,11,Mists of Tirna Scithe,2024-11-16T05:38:19.000Z,1496525,1890999,2,"Xal'atath's Bargain: Ascendant, Tyrannical, Challenger's Peril, Fortified",莉諾亞,Monk,Mistweaver,healer,Hellscream
270,342.8,307454180,11,Mists of Tirna Scithe,2024-11-16T05:38:19.000Z,1496525,1890999,2,"Xal'atath's Bargain: Ascendant, Tyrannical, Challenger's Peril, Fortified",Cocolands,Hunter,Survival,dps,World Tree
271,342.8,303669498,11,Mists of Tirna Scithe,2024-11-16T17:26:10.000Z,1496604,1890999,2,"Xal'atath's Bargain: Ascendant, Tyrannical, Challenger's Peril, Fortified",漫漫仲夏,Druid,Guardian,tank,Shadowmoon
271,342.8,303669498,11,Mists of Tirna Scithe,2024-11-16T17:26:10.000Z,1496604,1890999,2,"Xal'atath's Bargain: Ascendant, Tyrannical, Challenger's Peril, Fortified",心情旋律,Warlock,Destruction,dps,Menethil
271,342.8,303669498,11,Mists of Tirna Scithe,2024-11-16T17:26:10.000Z,1496604,1890999,2,"Xal'atath's Bargain: Ascendant, Tyrannical, Challenger's Peril, Fortified",聆聽,Shaman,Restoration,healer,Shadowmoon
271,342.8,303669498,11,Mists of Tirna Scithe,2024-11-16T17:26:10.000Z,1496604,1890999,2,"Xal'atath's Bargain: Ascendant, Tyrannical, Challenger's Peril, Fortified",剌賓,Paladin,Retribution,dps,Shadowmoon
271,342.8,303669498,11,Mists of Tirna Scithe,2024-11-16T17:26:10.000Z,1496604,1890999,2,"Xal'atath's Bargain: Ascendant, Tyrannical, Challenger's Peril, Fortified",托伊芙,Death Knight,Unholy,dps,Menethil
272,342.8,307728277,11,Mists of Tirna Scithe,2024-11-17T14:07:11.000Z,1499225,1890999,2,"Xal'atath's Bargain: Ascendant, Tyrannical, Challenger's Peril, Fortified",復仇者伊芮爾,Paladin,Protection,tank,Zealot Blade
272,342.8,307728277,11,Mists of Tirna Scithe,2024-11-17T14:07:11.000Z,1499225,1890999,2,"Xal'atath's Bargain: Ascendant, Tyrannical, Challenger's Peril, Fortified",安菲爾,Demon Hunter,Havoc,dps,Zealot Blade
272,342.8,307728277,11,Mists of Tirna Scithe,2024-11-17T14:07:11.000Z,1499225,1890999,2,"Xal'atath's Bargain: Ascendant, Tyrannical, Challenger's Peril, Fortified",超派鐵拳二,Shaman,Elemental,dps,Zealot Blade
272,342.8,307728277,11,Mists of Tirna Scithe,2024-11-17T14:07:11.000Z,1499225,1890999,2,"Xal'atath's Bargain: Ascendant, Tyrannical, Challenger's Peril, Fortified",白若遙,Shaman,Restoration,healer,Zealot Blade
272,342.8,307728277,11,Mists of Tirna Scithe,2024-11-17T14:07:11.000Z,1499225,1890999,2,"Xal'atath's Bargain: Ascendant, Tyrannical, Challenger's Peril, Fortified",墨緹絲,Death Knight,Unholy,dps,Zealot Blade
273,342.8,302675095,11,Mists of Tirna Scithe,2024-10-25T13:30:01.000Z,1499366,1890999,2,"Xal'atath's Bargain: Ascendant, Fortified, Challenger's Peril, Tyrannical",薩拉妮絲,Warlock,Demonology,dps,Wrathbringer
273,342.8,302675095,11,Mists of Tirna Scithe,2024-10-25T13:30:01.000Z,1499366,1890999,2,"Xal'atath's Bargain: Ascendant, Fortified, Challenger's Peril, Tyrannical",我補血,Priest,Discipline,healer,Zealot Blade
273,342.8,302675095,11,Mists of Tirna Scithe,2024-10-25T13:30:01.000Z,1499366,1890999,2,"Xal'atath's Bargain: Ascendant, Fortified, Challenger's Peril, Tyrannical",貓狐狸,Druid,Guardian,tank,Zealot Blade
273,342.8,302675095,11,Mists of Tirna Scithe,2024-10-25T13:30:01.000Z,1499366,1890999,2,"Xal'atath's Bargain: Ascendant, Fortified, Challenger's Peril, Tyrannical",威風先生,Hunter,Survival,dps,Zealot Blade
273,342.8,302675095,11,Mists of Tirna Scithe,2024-10-25T13:30:01.000Z,1499366,1890999,2,"Xal'atath's Bargain: Ascendant, Fortified, Challenger's Peril, Tyrannical",老亮,Warrior,Fury,dps,Arthas
274,342.8,307686908,11,Mists of Tirna Scithe,2024-11-17T09:44:57.000Z,1499408,1890999,2,"Xal'atath's Bargain: Ascendant, Tyrannical, Challenger's Peril, Fortified",Takushu,Demon Hunter,Havoc,dps,Whisperwind
274,342.8,307686908,11,Mists of Tirna Scithe,2024-11-17T09:44:57.000Z,1499408,1890999,2,"Xal'atath's Bargain: Ascendant, Tyrannical, Challenger's Peril, Fortified",三隊那個火法,Priest,Discipline,healer,Shadowmoon
274,342.8,307686908,11,Mists of Tirna Scithe,2024-11-17T09:44:57.000Z,1499408,1890999,2,"Xal'atath's Bargain: Ascendant, Tyrannical, Challenger's Peril, Fortified",Paomipaladin,Paladin,Protection,tank,Shadowmoon
274,342.8,307686908,11,Mists of Tirna Scithe,2024-11-17T09:44:57.000Z,1499408,1890999,2,"Xal'atath's Bargain: Ascendant, Tyrannical, Challenger's Peril, Fortified",履霜冰至,Death Knight,Frost,dps,Arygos
274,342.8,307686908,11,Mists of Tirna Scithe,2024-11-17T09:44:57.000Z,1499408,1890999,2,"Xal'atath's Bargain: Ascendant, Tyrannical, Challenger's Peril, Fortified",崩巴薩薩,Shaman,Enhancement,dps,Hellscream
275,342.8,303142806,11,Mists of Tirna Scithe,2024-10-27T09:25:08.000Z,1499587,1890999,2,"Xal'atath's Bargain: Ascendant, Fortified, Challenger's Peril, Tyrannical",莉亞德倫,Paladin,Retribution,dps,Arthas
275,342.8,303142806,11,Mists of Tirna Scithe,2024-10-27T09:25:08.000Z,1499587,1890999,2,"Xal'atath's Bargain: Ascendant, Fortified, Challenger's Peril, Tyrannical",Gwyn,Death Knight,Frost,dps,Light's Hope
275,342.8,303142806,11,Mists of Tirna Scithe,2024-10-27T09:25:08.000Z,1499587,1890999,2,"Xal'atath's Bargain: Ascendant, Fortified, Challenger's Peril, Tyrannical",我沒有豆豆,Mage,Arcane,dps,Quel'dorei
275,342.8,303142806,11,Mists of Tirna Scithe,2024-10-27T09:25:08.000Z,1499587,1890999,2,"Xal'atath's Bargain: Ascendant, Fortified, Challenger's Peril, Tyrannical",嚕咪公主,Shaman,Restoration,healer,World Tree
275,342.8,303142806,11,Mists of Tirna Scithe,2024-10-27T09:25:08.000Z,1499587,1890999,2,"Xal'atath's Bargain: Ascendant, Fortified, Challenger's Peril, Tyrannical",李李牛,Druid,Guardian,tank,Shadowmoon
276,342.8,302952001,11,Mists of Tirna Scithe,2024-10-26T15:50:26.000Z,1500052,1890999,2,"Xal'atath's Bargain: Ascendant, Fortified, Challenger's Peril, Tyrannical",Ki,Priest,Discipline,healer,Shadowmoon
276,342.8,302952001,11,Mists of Tirna Scithe,2024-10-26T15:50:26.000Z,1500052,1890999,2,"Xal'atath's Bargain: Ascendant, Fortified, Challenger's Peril, Tyrannical",騎士小岫,Paladin,Protection,tank,Icecrown
276,342.8,302952001,11,Mists of Tirna Scithe,2024-10-26T15:50:26.000Z,1500052,1890999,2,"Xal'atath's Bargain: Ascendant, Fortified, Challenger's Peril, Tyrannical",Jimi,Evoker,Augmentation,dps,Quel'dorei
276,342.8,302952001,11,Mists of Tirna Scithe,2024-10-26T15:50:26.000Z,1500052,1890999,2,"Xal'atath's Bargain: Ascendant, Fortified, Challenger's Peril, Tyrannical",Gawawa,Warlock,Destruction,dps,Shadowmoon
276,342.8,302952001,11,Mists of Tirna Scithe,2024-10-26T15:50:26.000Z,1500052,1890999,2,"Xal'atath's Bargain: Ascendant, Fortified, Challenger's Peril, Tyrannical",台女去質器,Death Knight,Frost,dps,Shadowmoon
277,342.7,294232894,11,Mists of Tirna Scithe,2024-10-26T15:54:11.000Z,1500217,1890999,2,"Xal'atath's Bargain: Ascendant, Fortified, Challenger's Peril, Tyrannical",薩氣滿滿,Shaman,Restoration,healer,Bleeding Hollow
277,342.7,294232894,11,Mists of Tirna Scithe,2024-10-26T15:54:11.000Z,1500217,1890999,2,"Xal'atath's Bargain: Ascendant, Fortified, Challenger's Peril, Tyrannical",吊梨試佛,Demon Hunter,Vengeance,tank,Arygos
277,342.7,294232894,11,Mists of Tirna Scithe,2024-10-26T15:54:11.000Z,1500217,1890999,2,"Xal'atath's Bargain: Ascendant, Fortified, Challenger's Peril, Tyrannical",牛摸摸,Paladin,Retribution,dps,Arygos
277,342.7,294232894,11,Mists of Tirna Scithe,2024-10-26T15:54:11.000Z,1500217,1890999,2,"Xal'atath's Bargain: Ascendant, Fortified, Challenger's Peril, Tyrannical",Smaki,Shaman,Elemental,dps,Menethil
277,342.7,294232894,11,Mists of Tirna Scithe,2024-10-26T15:54:11.000Z,1500217,1890999,2,"Xal'atath's Bargain: Ascendant, Fortified, Challenger's Peril, Tyrannical",Zong,Mage,Arcane,dps,Arygos
278,342.7,302475732,11,Mists of Tirna Scithe,2024-10-24T13:30:12.000Z,1500418,1890999,2,"Xal'atath's Bargain: Ascendant, Fortified, Challenger's Peril, Tyrannical",大地炎黃,Paladin,Retribution,dps,Shadowmoon
278,342.7,302475732,11,Mists of Tirna Scithe,2024-10-24T13:30:12.000Z,1500418,1890999,2,"Xal'atath's Bargain: Ascendant, Fortified, Challenger's Peril, Tyrannical",魯蛇阿祐,Rogue,Assassination,dps,Sundown Marsh
278,342.7,302475732,11,Mists of Tirna Scithe,2024-10-24T13:30:12.000Z,1500418,1890999,2,"Xal'atath's Bargain: Ascendant, Fortified, Challenger's Peril, Tyrannical",Magma,Shaman,Restoration,healer,Sundown Marsh
278,342.7,302475732,11,Mists of Tirna Scithe,2024-10-24T13:30:12.000Z,1500418,1890999,2,"Xal'atath's Bargain: Ascendant, Fortified, Challenger's Peril, Tyrannical",雪花牛伯伯,Druid,Guardian,tank,Sundown Marsh
278,342.7,302475732,11,Mists of Tirna Scithe,2024-10-24T13:30:12.000Z,1500418,1890999,2,"Xal'atath's Bargain: Ascendant, Fortified, Challenger's Peril, Tyrannical",Rilli,Death Knight,Frost,dps,Demon Fall Canyon
279,342.7,303449768,11,Mists of Tirna Scithe,2024-10-28T16:26:17.000Z,1500838,1890999,2,"Xal'atath's Bargain: Ascendant, Fortified, Challenger's Peril, Tyrannical",小島驚魂,Druid,Restoration,healer,Skywall
279,342.7,303449768,11,Mists of Tirna Scithe,2024-10-28T16:26:17.000Z,1500838,1890999,2,"Xal'atath's Bargain: Ascendant, Fortified, Challenger's Peril, Tyrannical",羅西尼熊貓,Shaman,Elemental,dps,Sundown Marsh
279,342.7,303449768,11,Mists of Tirna Scithe,2024-10-28T16:26:17.000Z,1500838,1890999,2,"Xal'atath's Bargain: Ascendant, Fortified, Challenger's Peril, Tyrannical",吾愛冬天約會,Warrior,Protection,tank,Crystalpine Stinger
279,342.7,303449768,11,Mists of Tirna Scithe,2024-10-28T16:26:17.000Z,1500838,1890999,2,"Xal'atath's Bargain: Ascendant, Fortified, Challenger's Peril, Tyrannical",Malaperusapo,Rogue,Assassination,dps,Frostmane
279,342.7,303449768,11,Mists of Tirna Scithe,2024-10-28T16:26:17.000Z,1500838,1890999,2,"Xal'atath's Bargain: Ascendant, Fortified, Challenger's Peril, Tyrannical",Bruh,Death Knight,Frost,dps,Hellscream
280,342.7,307746346,11,Mists of Tirna Scithe,2024-11-17T16:40:50.000Z,1502375,1890999,2,"Xal'atath's Bargain: Ascendant, Tyrannical, Challenger's Peril, Fortified",仇惡鬼,Shaman,Restoration,healer,Nightsong
280,342.7,307746346,11,Mists of Tirna Scithe,2024-11-17T16:40:50.000Z,1502375,1890999,2,"Xal'atath's Bargain: Ascendant, Tyrannical, Challenger's Peril, Fortified",生命的泉源,Warrior,Protection,tank,Zealot Blade
280,342.7,307746346,11,Mists of Tirna Scithe,2024-11-17T16:40:50.000Z,1502375,1890999,2,"Xal'atath's Bargain: Ascendant, Tyrannical, Challenger's Peril, Fortified",石小傑,Druid,Balance,dps,World Tree
280,342.7,307746346,11,Mists of Tirna Scithe,2024-11-17T16:40:50.000Z,1502375,1890999,2,"Xal'atath's Bargain: Ascendant, Tyrannical, Challenger's Peril, Fortified",威爾海扁,Warrior,Fury,dps,Frostmane
280,342.7,307746346,11,Mists of Tirna Scithe,2024-11-17T16:40:50.000Z,1502375,1890999,2,"Xal'atath's Bargain: Ascendant, Tyrannical, Challenger's Peril, Fortified",四季春無糖,Shaman,Enhancement,dps,Chillwind Point
281,342.7,307144700,11,Mists of Tirna Scithe,2024-11-14T11:45:46.000Z,1502479,1890999,2,"Xal'atath's Bargain: Ascendant, Tyrannical, Challenger's Peril, Fortified",好大隻熊呀,Druid,Guardian,tank,Light's Hope
281,342.7,307144700,11,Mists of Tirna Scithe,2024-11-14T11:45:46.000Z,1502479,1890999,2,"Xal'atath's Bargain: Ascendant, Tyrannical, Challenger's Peril, Fortified",開怪雞,Hunter,Survival,dps,Stormscale
281,342.7,307144700,11,Mists of Tirna Scithe,2024-11-14T11:45:46.000Z,1502479,1890999,2,"Xal'atath's Bargain: Ascendant, Tyrannical, Challenger's Peril, Fortified",銀影清沐,Paladin,Retribution,dps,Shadowmoon
281,342.7,307144700,11,Mists of Tirna Scithe,2024-11-14T11:45:46.000Z,1502479,1890999,2,"Xal'atath's Bargain: Ascendant, Tyrannical, Challenger's Peril, Fortified",Donkey,Druid,Restoration,healer,Zealot Blade
281,342.7,307144700,11,Mists of Tirna Scithe,2024-11-14T11:45:46.000Z,1502479,1890999,2,"Xal'atath's Bargain: Ascendant, Tyrannical, Challenger's Peril, Fortified",屎王姿懿,Warlock,Destruction,dps,World Tree
282,342.7,303535807,11,Mists of Tirna Scithe,2024-10-28T19:23:55.000Z,1503023,1890999,2,"Xal'atath's Bargain: Ascendant, Fortified, Challenger's Peril, Tyrannical",小傑富力士,Demon Hunter,Havoc,dps,Spirestone
282,342.7,303535807,11,Mists of Tirna Scithe,2024-10-28T19:23:55.000Z,1503023,1890999,2,"Xal'atath's Bargain: Ascendant, Fortified, Challenger's Peril, Tyrannical",英雄不是我,Priest,Discipline,healer,Arthas
282,342.7,303535807,11,Mists of Tirna Scithe,2024-10-28T19:23:55.000Z,1503023,1890999,2,"Xal'atath's Bargain: Ascendant, Fortified, Challenger's Peril, Tyrannical",靜靜,Hunter,Beast Mastery,dps,Menethil
282,342.7,303535807,11,Mists of Tirna Scithe,2024-10-28T19:23:55.000Z,1503023,1890999,2,"Xal'atath's Bargain: Ascendant, Fortified, Challenger's Peril, Tyrannical",打你在地上,Druid,Balance,dps,Crystalpine Stinger
282,342.7,303535807,11,Mists of Tirna Scithe,2024-10-28T19:23:55.000Z,1503023,1890999,2,"Xal'atath's Bargain: Ascendant, Fortified, Challenger's Peril, Tyrannical",墨汁战,Warrior,Protection,tank,Wrathbringer
283,342.7,307542495,11,Mists of Tirna Scithe,2024-11-16T17:37:20.000Z,1503572,1890999,2,"Xal'atath's Bargain: Ascendant, Tyrannical, Challenger's Peril, Fortified",猴猴薩滿,Shaman,Enhancement,dps,Skywall
283,342.7,307542495,11,Mists of Tirna Scithe,2024-11-16T17:37:20.000Z,1503572,1890999,2,"Xal'atath's Bargain: Ascendant, Tyrannical, Challenger's Peril, Fortified",孍兒,Mage,Frost,dps,Bleeding Hollow
283,342.7,307542495,11,Mists of Tirna Scithe,2024-11-16T17:37:20.000Z,1503572,1890999,2,"Xal'atath's Bargain: Ascendant, Tyrannical, Challenger's Peril, Fortified",薇塔克洛提德,Priest,Holy,healer,Menethil
283,342.7,307542495,11,Mists of Tirna Scithe,2024-11-16T17:37:20.000Z,1503572,1890999,2,"Xal'atath's Bargain: Ascendant, Tyrannical, Challenger's Peril, Fortified",烤鴨捲餅,Paladin,Retribution,dps,Skywall
283,342.7,307542495,11,Mists of Tirna Scithe,2024-11-16T17:37:20.000Z,1503572,1890999,2,"Xal'atath's Bargain: Ascendant, Tyrannical, Challenger's Peril, Fortified",Kiez,Paladin,Protection,tank,Sundown Marsh
284,342.7,307714326,11,Mists of Tirna Scithe,2024-11-17T13:45:51.000Z,1503833,1890999,2,"Xal'atath's Bargain: Ascendant, Tyrannical, Challenger's Peril, Fortified",夏甜甜,Priest,Discipline,healer,Shadowmoon
284,342.7,307714326,11,Mists of Tirna Scithe,2024-11-17T13:45:51.000Z,1503833,1890999,2,"Xal'atath's Bargain: Ascendant, Tyrannical, Challenger's Peril, Fortified",楪祈,Paladin,Retribution,dps,Whisperwind
284,342.7,307714326,11,Mists of Tirna Scithe,2024-11-17T13:45:51.000Z,1503833,1890999,2,"Xal'atath's Bargain: Ascendant, Tyrannical, Challenger's Peril, Fortified",小安騎士,Paladin,Protection,tank,Arygos
284,342.7,307714326,11,Mists of Tirna Scithe,2024-11-17T13:45:51.000Z,1503833,1890999,2,"Xal'atath's Bargain: Ascendant, Tyrannical, Challenger's Peril, Fortified",Nkoacr,Mage,Arcane,dps,Sundown Marsh
284,342.7,307714326,11,Mists of Tirna Scithe,2024-11-17T13:45:51.000Z,1503833,1890999,2,"Xal'atath's Bargain: Ascendant, Tyrannical, Challenger's Peril, Fortified",梵靈櫻花,Shaman,Enhancement,dps,Arygos
285,342.7,307334595,11,Mists of Tirna Scithe,2024-11-15T16:03:13.000Z,1504092,1890999,2,"Xal'atath's Bargain: Ascendant, Tyrannical, Challenger's Peril, Fortified",寂寞小霖,Priest,Shadow,dps,Hellscream
285,342.7,307334595,11,Mists of Tirna Scithe,2024-11-15T16:03:13.000Z,1504092,1890999,2,"Xal'atath's Bargain: Ascendant, Tyrannical, Challenger's Peril, Fortified",泰蘭德一語風,Hunter,Beast Mastery,dps,Arthas
285,342.7,307334595,11,Mists of Tirna Scithe,2024-11-15T16:03:13.000Z,1504092,1890999,2,"Xal'atath's Bargain: Ascendant, Tyrannical, Challenger's Peril, Fortified",聖光企鵝,Paladin,Protection,tank,Arthas
285,342.7,307334595,11,Mists of Tirna Scithe,2024-11-15T16:03:13.000Z,1504092,1890999,2,"Xal'atath's Bargain: Ascendant, Tyrannical, Challenger's Peril, Fortified",春姬,Shaman,Restoration,healer,Skywall
285,342.7,307334595,11,Mists of Tirna Scithe,2024-11-15T16:03:13.000Z,1504092,1890999,2,"Xal'atath's Bargain: Ascendant, Tyrannical, Challenger's Peril, Fortified",肥羊,Rogue,Assassination,dps,Arthas
286,342.7,302667940,11,Mists of Tirna Scithe,2024-10-25T12:13:45.000Z,1504261,1890999,2,"Xal'atath's Bargain: Ascendant, Fortified, Challenger's Peril, Tyrannical",Ryanodin,Paladin,Holy,healer,Whisperwind
286,342.7,302667940,11,Mists of Tirna Scithe,2024-10-25T12:13:45.000Z,1504261,1890999,2,"Xal'atath's Bargain: Ascendant, Fortified, Challenger's Peril, Tyrannical",風之觴,Warrior,Fury,dps,Quel'dorei
286,342.7,302667940,11,Mists of Tirna Scithe,2024-10-25T12:13:45.000Z,1504261,1890999,2,"Xal'atath's Bargain: Ascendant, Fortified, Challenger's Peril, Tyrannical",低調就好,Demon Hunter,Vengeance,tank,Demon Fall Canyon
286,342.7,302667940,11,Mists of Tirna Scithe,2024-10-25T12:13:45.000Z,1504261,1890999,2,"Xal'atath's Bargain: Ascendant, Fortified, Challenger's Peril, Tyrannical",犄角三三,Shaman,Elemental,dps,Shadowmoon
286,342.7,302667940,11,Mists of Tirna Scithe,2024-10-25T12:13:45.000Z,1504261,1890999,2,"Xal'atath's Bargain: Ascendant, Fortified, Challenger's Peril, Tyrannical",沐雨曉風,Warlock,Destruction,dps,Skywall
287,342.7,300409752,11,Mists of Tirna Scithe,2024-10-27T15:29:45.000Z,1504768,1890999,2,"Xal'atath's Bargain: Ascendant, Fortified, Challenger's Peril, Tyrannical",楪祈,Paladin,Retribution,dps,Whisperwind
287,342.7,300409752,11,Mists of Tirna Scithe,2024-10-27T15:29:45.000Z,1504768,1890999,2,"Xal'atath's Bargain: Ascendant, Fortified, Challenger's Peril, Tyrannical",钵钵猎,Hunter,Survival,dps,Whisperwind
287,342.7,300409752,11,Mists of Tirna Scithe,2024-10-27T15:29:45.000Z,1504768,1890999,2,"Xal'atath's Bargain: Ascendant, Fortified, Challenger's Peril, Tyrannical",香瓜果凍,Hunter,Beast Mastery,dps,Whisperwind
287,342.7,300409752,11,Mists of Tirna Scithe,2024-10-27T15:29:45.000Z,1504768,1890999,2,"Xal'atath's Bargain: Ascendant, Fortified, Challenger's Peril, Tyrannical",維尼斯小熊,Druid,Guardian,tank,Whisperwind
287,342.7,300409752,11,Mists of Tirna Scithe,2024-10-27T15:29:45.000Z,1504768,1890999,2,"Xal'atath's Bargain: Ascendant, Fortified, Challenger's Peril, Tyrannical",秋山零,Shaman,Restoration,healer,Whisperwind
288,342.6,302711767,11,Mists of Tirna Scithe,2024-10-25T16:21:20.000Z,1505688,1890999,2,"Xal'atath's Bargain: Ascendant, Fortified, Challenger's Peril, Tyrannical",你走的聖誕節,Hunter,Beast Mastery,dps,Sundown Marsh
288,342.6,302711767,11,Mists of Tirna Scithe,2024-10-25T16:21:20.000Z,1505688,1890999,2,"Xal'atath's Bargain: Ascendant, Fortified, Challenger's Peril, Tyrannical",Vegaga,Mage,Frost,dps,Frostmane
288,342.6,302711767,11,Mists of Tirna Scithe,2024-10-25T16:21:20.000Z,1505688,1890999,2,"Xal'atath's Bargain: Ascendant, Fortified, Challenger's Peril, Tyrannical",Shiphrahdk,Death Knight,Blood,tank,Crystalpine Stinger
288,342.6,302711767,11,Mists of Tirna Scithe,2024-10-25T16:21:20.000Z,1505688,1890999,2,"Xal'atath's Bargain: Ascendant, Fortified, Challenger's Peril, Tyrannical",觀落陰菩薩,Shaman,Restoration,healer,Menethil
288,342.6,302711767,11,Mists of Tirna Scithe,2024-10-25T16:21:20.000Z,1505688,1890999,2,"Xal'atath's Bargain: Ascendant, Fortified, Challenger's Peril, Tyrannical",AnonDB13990,Shaman,Elemental,dps,Anonymous
289,342.6,302709438,11,Mists of Tirna Scithe,2024-10-24T17:57:33.000Z,1505879,1890999,2,"Xal'atath's Bargain: Ascendant, Fortified, Challenger's Peril, Tyrannical",哀豔,Priest,Discipline,healer,Shadowmoon
289,342.6,302709438,11,Mists of Tirna Scithe,2024-10-24T17:57:33.000Z,1505879,1890999,2,"Xal'atath's Bargain: Ascendant, Fortified, Challenger's Peril, Tyrannical",詩靈,Warlock,Demonology,dps,Shadowmoon
289,342.6,302709438,11,Mists of Tirna Scithe,2024-10-24T17:57:33.000Z,1505879,1890999,2,"Xal'atath's Bargain: Ascendant, Fortified, Challenger's Peril, Tyrannical",呂法蘭絲忒荿,Mage,Arcane,dps,Arygos
289,342.6,302709438,11,Mists of Tirna Scithe,2024-10-24T17:57:33.000Z,1505879,1890999,2,"Xal'atath's Bargain: Ascendant, Fortified, Challenger's Peril, Tyrannical",霜晴月,Paladin,Protection,tank,Sundown Marsh
289,342.6,302709438,11,Mists of Tirna Scithe,2024-10-24T17:57:33.000Z,1505879,1890999,2,"Xal'atath's Bargain: Ascendant, Fortified, Challenger's Peril, Tyrannical",哀灩-229335037,Paladin,Retribution,dps,Shadowmoon
290,342.6,307470403,11,Mists of Tirna Scithe,2024-11-16T08:43:53.000Z,1505966,1890999,2,"Xal'atath's Bargain: Ascendant, Tyrannical, Challenger's Peril, Fortified",黑白吼吼,Paladin,Retribution,dps,Shadowmoon
290,342.6,307470403,11,Mists of Tirna Scithe,2024-11-16T08:43:53.000Z,1505966,1890999,2,"Xal'atath's Bargain: Ascendant, Tyrannical, Challenger's Peril, Fortified",一溟伢一,Druid,Guardian,tank,Shadowmoon
290,342.6,307470403,11,Mists of Tirna Scithe,2024-11-16T08:43:53.000Z,1505966,1890999,2,"Xal'atath's Bargain: Ascendant, Tyrannical, Challenger's Peril, Fortified",Stormangry,Shaman,Restoration,healer,Silverwing Hold
290,342.6,307470403,11,Mists of Tirna Scithe,2024-11-16T08:43:53.000Z,1505966,1890999,2,"Xal'atath's Bargain: Ascendant, Tyrannical, Challenger's Peril, Fortified",暴躁的小喵,Shaman,Enhancement,dps,Shadowmoon
290,342.6,307470403,11,Mists of Tirna Scithe,2024-11-16T08:43:53.000Z,1505966,1890999,2,"Xal'atath's Bargain: Ascendant, Tyrannical, Challenger's Peril, Fortified",小杰啊,Warrior,Arms,dps,Shadowmoon
291,342.6,307541974,11,Mists of Tirna Scithe,2024-11-16T17:58:33.000Z,1506090,1890999,2,"Xal'atath's Bargain: Ascendant, Tyrannical, Challenger's Peril, Fortified",兩招先落跑,Hunter,Survival,dps,Sundown Marsh
291,342.6,307541974,11,Mists of Tirna Scithe,2024-11-16T17:58:33.000Z,1506090,1890999,2,"Xal'atath's Bargain: Ascendant, Tyrannical, Challenger's Peril, Fortified",和牛三分熟,Shaman,Enhancement,dps,Demon Fall Canyon
291,342.6,307541974,11,Mists of Tirna Scithe,2024-11-16T17:58:33.000Z,1506090,1890999,2,"Xal'atath's Bargain: Ascendant, Tyrannical, Challenger's Peril, Fortified",烏龍綠去冰半,Paladin,Protection,tank,Wrathbringer
291,342.6,307541974,11,Mists of Tirna Scithe,2024-11-16T17:58:33.000Z,1506090,1890999,2,"Xal'atath's Bargain: Ascendant, Tyrannical, Challenger's Peril, Fortified",桃園吳君如,Shaman,Restoration,healer,Crystalpine Stinger
291,342.6,307541974,11,Mists of Tirna Scithe,2024-11-16T17:58:33.000Z,1506090,1890999,2,"Xal'atath's Bargain: Ascendant, Tyrannical, Challenger's Peril, Fortified",Mugenmage,Mage,Fire,dps,Silverwing Hold
292,342.6,307759596,11,Mists of Tirna Scithe,2024-11-17T17:41:13.000Z,1506298,1890999,2,"Xal'atath's Bargain: Ascendant, Tyrannical, Challenger's Peril, Fortified",聖騎抹殺,Paladin,Retribution,dps,Hellscream
292,342.6,307759596,11,Mists of Tirna Scithe,2024-11-17T17:41:13.000Z,1506298,1890999,2,"Xal'atath's Bargain: Ascendant, Tyrannical, Challenger's Peril, Fortified",阿比斯,Death Knight,Blood,tank,Hellscream
292,342.6,307759596,11,Mists of Tirna Scithe,2024-11-17T17:41:13.000Z,1506298,1890999,2,"Xal'atath's Bargain: Ascendant, Tyrannical, Challenger's Peril, Fortified",艾瑞文,Paladin,Retribution,dps,Hellscream
292,342.6,307759596,11,Mists of Tirna Scithe,2024-11-17T17:41:13.000Z,1506298,1890999,2,"Xal'atath's Bargain: Ascendant, Tyrannical, Challenger's Peril, Fortified",Rweq,Hunter,Survival,dps,Arthas
292,342.6,307759596,11,Mists of Tirna Scithe,2024-11-17T17:41:13.000Z,1506298,1890999,2,"Xal'atath's Bargain: Ascendant, Tyrannical, Challenger's Peril, Fortified",哪李友廷車位,Priest,Discipline,healer,Shadowmoon
293,342.6,307715098,11,Mists of Tirna Scithe,2024-11-17T13:09:12.000Z,1506534,1890999,2,"Xal'atath's Bargain: Ascendant, Tyrannical, Challenger's Peril, Fortified",卡哇伊呢,Shaman,Enhancement,dps,Sundown Marsh
293,342.6,307715098,11,Mists of Tirna Scithe,2024-11-17T13:09:12.000Z,1506534,1890999,2,"Xal'atath's Bargain: Ascendant, Tyrannical, Challenger's Peril, Fortified",Babaimer,Paladin,Protection,tank,Silverwing Hold
293,342.6,307715098,11,Mists of Tirna Scithe,2024-11-17T13:09:12.000Z,1506534,1890999,2,"Xal'atath's Bargain: Ascendant, Tyrannical, Challenger's Peril, Fortified",賞歆悅牧,Priest,Discipline,healer,Quel'dorei
293,342.6,307715098,11,Mists of Tirna Scithe,2024-11-17T13:09:12.000Z,1506534,1890999,2,"Xal'atath's Bargain: Ascendant, Tyrannical, Challenger's Peril, Fortified",Kristine,Paladin,Retribution,dps,Shadowmoon
293,342.6,307715098,11,Mists of Tirna Scithe,2024-11-17T13:09:12.000Z,1506534,1890999,2,"Xal'atath's Bargain: Ascendant, Tyrannical, Challenger's Peril, Fortified",Ketsalkoatl,Evoker,Augmentation,dps,World Tree
294,342.6,303138433,11,Mists of Tirna Scithe,2024-10-27T08:15:13.000Z,1507112,1890999,2,"Xal'atath's Bargain: Ascendant, Fortified, Challenger's Peril, Tyrannical",好的文西,Hunter,Survival,dps,Shadowmoon
294,342.6,303138433,11,Mists of Tirna Scithe,2024-10-27T08:15:13.000Z,1507112,1890999,2,"Xal'atath's Bargain: Ascendant, Fortified, Challenger's Peril, Tyrannical",月寒如冰,Shaman,Restoration,healer,Shadowmoon
294,342.6,303138433,11,Mists of Tirna Scithe,2024-10-27T08:15:13.000Z,1507112,1890999,2,"Xal'atath's Bargain: Ascendant, Fortified, Challenger's Peril, Tyrannical",嗶啵嗶啵嗶,Warlock,Destruction,dps,Hellscream
294,342.6,303138433,11,Mists of Tirna Scithe,2024-10-27T08:15:13.000Z,1507112,1890999,2,"Xal'atath's Bargain: Ascendant, Fortified, Challenger's Peril, Tyrannical",沉默的魯伊,Druid,Balance,dps,Chillwind Point
294,342.6,303138433,11,Mists of Tirna Scithe,2024-10-27T08:15:13.000Z,1507112,1890999,2,"Xal'atath's Bargain: Ascendant, Fortified, Challenger's Peril, Tyrannical",紫夜殤,Druid,Guardian,tank,Wrathbringer
295,342.6,302821299,11,Mists of Tirna Scithe,2024-10-26T01:35:09.000Z,1507429,1890999,2,"Xal'atath's Bargain: Ascendant, Fortified, Challenger's Peril, Tyrannical",在天一方,Rogue,Outlaw,dps,Shadowmoon
295,342.6,302821299,11,Mists of Tirna Scithe,2024-10-26T01:35:09.000Z,1507429,1890999,2,"Xal'atath's Bargain: Ascendant, Fortified, Challenger's Peril, Tyrannical",霜晨月,Paladin,Protection,tank,Skywall
295,342.6,302821299,11,Mists of Tirna Scithe,2024-10-26T01:35:09.000Z,1507429,1890999,2,"Xal'atath's Bargain: Ascendant, Fortified, Challenger's Peril, Tyrannical",亞莉雅德妮,Paladin,Retribution,dps,Sundown Marsh
295,342.6,302821299,11,Mists of Tirna Scithe,2024-10-26T01:35:09.000Z,1507429,1890999,2,"Xal'atath's Bargain: Ascendant, Fortified, Challenger's Peril, Tyrannical",Pomoal,Priest,Holy,healer,Demon Fall Canyon
295,342.6,302821299,11,Mists of Tirna Scithe,2024-10-26T01:35:09.000Z,1507429,1890999,2,"Xal'atath's Bargain: Ascendant, Fortified, Challenger's Peril, Tyrannical",醒來,Shaman,Elemental,dps,Shadowmoon
296,342.6,302910689,11,Mists of Tirna Scithe,2024-10-26T07:39:53.000Z,1507673,1890999,2,"Xal'atath's Bargain: Ascendant, Fortified, Challenger's Peril, Tyrannical",Firerose,Priest,Discipline,healer,Nightsong
296,342.6,302910689,11,Mists of Tirna Scithe,2024-10-26T07:39:53.000Z,1507673,1890999,2,"Xal'atath's Bargain: Ascendant, Fortified, Challenger's Peril, Tyrannical",米達,Paladin,Protection,tank,Sundown Marsh
296,342.6,302910689,11,Mists of Tirna Scithe,2024-10-26T07:39:53.000Z,1507673,1890999,2,"Xal'atath's Bargain: Ascendant, Fortified, Challenger's Peril, Tyrannical",渡塵羽,Rogue,Assassination,dps,Sundown Marsh
296,342.6,302910689,11,Mists of Tirna Scithe,2024-10-26T07:39:53.000Z,1507673,1890999,2,"Xal'atath's Bargain: Ascendant, Fortified, Challenger's Peril, Tyrannical",橘色法師,Druid,Balance,dps,Sundown Marsh
296,342.6,302910689,11,Mists of Tirna Scithe,2024-10-26T07:39:53.000Z,1507673,1890999,2,"Xal'atath's Bargain: Ascendant, Fortified, Challenger's Peril, Tyrannical",蛋蛋的瘀傷,Hunter,Survival,dps,Stormscale
297,342.6,303146160,11,Mists of Tirna Scithe,2024-10-27T10:01:39.000Z,1507883,1890999,2,"Xal'atath's Bargain: Ascendant, Fortified, Challenger's Peril, Tyrannical",傻均,Paladin,Retribution,dps,Whisperwind
297,342.6,303146160,11,Mists of Tirna Scithe,2024-10-27T10:01:39.000Z,1507883,1890999,2,"Xal'atath's Bargain: Ascendant, Fortified, Challenger's Peril, Tyrannical",Doubletop,Warrior,Protection,tank,Sundown Marsh
297,342.6,303146160,11,Mists of Tirna Scithe,2024-10-27T10:01:39.000Z,1507883,1890999,2,"Xal'atath's Bargain: Ascendant, Fortified, Challenger's Peril, Tyrannical",乂斷飛乂,Shaman,Restoration,healer,Shadowmoon
297,342.6,303146160,11,Mists of Tirna Scithe,2024-10-27T10:01:39.000Z,1507883,1890999,2,"Xal'atath's Bargain: Ascendant, Fortified, Challenger's Peril, Tyrannical",Trouble,Shaman,Enhancement,dps,Shadowmoon
297,342.6,303146160,11,Mists of Tirna Scithe,2024-10-27T10:01:39.000Z,1507883,1890999,2,"Xal'atath's Bargain: Ascendant, Fortified, Challenger's Peril, Tyrannical",挖勒阿勒勒,Death Knight,Unholy,dps,Arthas
298,342.6,307160915,11,Mists of Tirna Scithe,2024-11-14T14:01:46.000Z,1508601,1890999,2,"Xal'atath's Bargain: Ascendant, Tyrannical, Challenger's Peril, Fortified",雪冥,Monk,Mistweaver,healer,World Tree
298,342.6,307160915,11,Mists of Tirna Scithe,2024-11-14T14:01:46.000Z,1508601,1890999,2,"Xal'atath's Bargain: Ascendant, Tyrannical, Challenger's Peril, Fortified",Tapas,Hunter,Beast Mastery,dps,Menethil
298,342.6,307160915,11,Mists of Tirna Scithe,2024-11-14T14:01:46.000Z,1508601,1890999,2,"Xal'atath's Bargain: Ascendant, Tyrannical, Challenger's Peril, Fortified",芝士黑森林,Hunter,Survival,dps,Nightsong
298,342.6,307160915,11,Mists of Tirna Scithe,2024-11-14T14:01:46.000Z,1508601,1890999,2,"Xal'atath's Bargain: Ascendant, Tyrannical, Challenger's Peril, Fortified",打又打不過,Warrior,Protection,tank,World Tree
298,342.6,307160915,11,Mists of Tirna Scithe,2024-11-14T14:01:46.000Z,1508601,1890999,2,"Xal'atath's Bargain: Ascendant, Tyrannical, Challenger's Peril, Fortified",聖光弒心-231073062,Paladin,Retribution,dps,Shadowmoon
299,342.6,307538783,11,Mists of Tirna Scithe,2024-11-16T17:26:06.000Z,1508867,1890999,2,"Xal'atath's Bargain: Ascendant, Tyrannical, Challenger's Peril, Fortified",Blazeregener,Mage,Frost,dps,Shadowmoon
299,342.6,307538783,11,Mists of Tirna Scithe,2024-11-16T17:26:06.000Z,1508867,1890999,2,"Xal'atath's Bargain: Ascendant, Tyrannical, Challenger's Peril, Fortified",堇色,Priest,Holy,healer,Nightsong
299,342.6,307538783,11,Mists of Tirna Scithe,2024-11-16T17:26:06.000Z,1508867,1890999,2,"Xal'atath's Bargain: Ascendant, Tyrannical, Challenger's Peril, Fortified",暴躁小貓,Paladin,Retribution,dps,Shadowmoon
299,342.6,307538783,11,Mists of Tirna Scithe,2024-11-16T17:26:06.000Z,1508867,1890999,2,"Xal'atath's Bargain: Ascendant, Tyrannical, Challenger's Peril, Fortified",暴躁的小喵,Shaman,Enhancement,dps,Shadowmoon
299,342.6,307538783,11,Mists of Tirna Scithe,2024-11-16T17:26:06.000Z,1508867,1890999,2,"Xal'atath's Bargain: Ascendant, Tyrannical, Challenger's Peril, Fortified",超級妙蛙種子,Demon Hunter,Vengeance,tank,Shadowmoon
300,342.6,307493478,11,Mists of Tirna Scithe,2024-11-16T12:10:17.000Z,1509265,1890999,2,"Xal'atath's Bargain: Ascendant, Tyrannical, Challenger's Peril, Fortified",巴咘,Priest,Discipline,healer,Shadowmoon
300,342.6,307493478,11,Mists of Tirna Scithe,2024-11-16T12:10:17.000Z,1509265,1890999,2,"Xal'atath's Bargain: Ascendant, Tyrannical, Challenger's Peril, Fortified",菜刀大尸,Death Knight,Blood,tank,Shadowmoon
300,342.6,307493478,11,Mists of Tirna Scithe,2024-11-16T12:10:17.000Z,1509265,1890999,2,"Xal'atath's Bargain: Ascendant, Tyrannical, Challenger's Peril, Fortified",火考就是美味,Warlock,Affliction,dps,Shadowmoon
300,342.6,307493478,11,Mists of Tirna Scithe,2024-11-16T12:10:17.000Z,1509265,1890999,2,"Xal'atath's Bargain: Ascendant, Tyrannical, Challenger's Peril, Fortified",Jzmenpan,Paladin,Retribution,dps,Arygos
300,342.6,307493478,11,Mists of Tirna Scithe,2024-11-16T12:10:17.000Z,1509265,1890999,2,"Xal'atath's Bargain: Ascendant, Tyrannical, Challenger's Peril, Fortified",波士頓龍蝦堡,Evoker,Augmentation,dps,Shadowmoon
301,342.6,302975442,11,Mists of Tirna Scithe,2024-10-26T17:45:02.000Z,1509534,1890999,2,"Xal'atath's Bargain: Ascendant, Fortified, Challenger's Peril, Tyrannical",Anon15CBABF,Shaman,Restoration,healer,Anonymous
301,342.6,302975442,11,Mists of Tirna Scithe,2024-10-26T17:45:02.000Z,1509534,1890999,2,"Xal'atath's Bargain: Ascendant, Fortified, Challenger's Peril, Tyrannical",Bridetiffany,Paladin,Retribution,dps,Silverwing Hold
301,342.6,302975442,11,Mists of Tirna Scithe,2024-10-26T17:45:02.000Z,1509534,1890999,2,"Xal'atath's Bargain: Ascendant, Fortified, Challenger's Peril, Tyrannical",何老師還錢,Death Knight,Blood,tank,Nightsong
301,342.6,302975442,11,Mists of Tirna Scithe,2024-10-26T17:45:02.000Z,1509534,1890999,2,"Xal'atath's Bargain: Ascendant, Fortified, Challenger's Peril, Tyrannical",霂啾啾,Death Knight,Frost,dps,Crystalpine Stinger
301,342.6,302975442,11,Mists of Tirna Scithe,2024-10-26T17:45:02.000Z,1509534,1890999,2,"Xal'atath's Bargain: Ascendant, Fortified, Challenger's Peril, Tyrannical",淺若晨曦,Warlock,Destruction,dps,Nightsong
302,342.5,307717506,11,Mists of Tirna Scithe,2024-11-17T14:03:31.000Z,1510327,1890999,2,"Xal'atath's Bargain: Ascendant, Tyrannical, Challenger's Peril, Fortified",Cream,Rogue,Assassination,dps,Whisperwind
302,342.5,307717506,11,Mists of Tirna Scithe,2024-11-17T14:03:31.000Z,1510327,1890999,2,"Xal'atath's Bargain: Ascendant, Tyrannical, Challenger's Peril, Fortified",腎胱啊,Paladin,Protection,tank,Frostmane
302,342.5,307717506,11,Mists of Tirna Scithe,2024-11-17T14:03:31.000Z,1510327,1890999,2,"Xal'atath's Bargain: Ascendant, Tyrannical, Challenger's Peril, Fortified",超罪惡炸姬,Mage,Frost,dps,Whisperwind
302,342.5,307717506,11,Mists of Tirna Scithe,2024-11-17T14:03:31.000Z,1510327,1890999,2,"Xal'atath's Bargain: Ascendant, Tyrannical, Challenger's Peril, Fortified",牧兒,Priest,Discipline,healer,Whisperwind
302,342.5,307717506,11,Mists of Tirna Scithe,2024-11-17T14:03:31.000Z,1510327,1890999,2,"Xal'atath's Bargain: Ascendant, Tyrannical, Challenger's Peril, Fortified",牛頭聖騎士,Paladin,Retribution,dps,World Tree
303,342.5,307550454,11,Mists of Tirna Scithe,2024-11-16T16:50:38.000Z,1510487,1890999,2,"Xal'atath's Bargain: Ascendant, Tyrannical, Challenger's Peril, Fortified",苦命聾勞,Evoker,Augmentation,dps,Shadowmoon
303,342.5,307550454,11,Mists of Tirna Scithe,2024-11-16T16:50:38.000Z,1510487,1890999,2,"Xal'atath's Bargain: Ascendant, Tyrannical, Challenger's Peril, Fortified",摸摸我的荳荳,Priest,Discipline,healer,Chillwind Point
303,342.5,307550454,11,Mists of Tirna Scithe,2024-11-16T16:50:38.000Z,1510487,1890999,2,"Xal'atath's Bargain: Ascendant, Tyrannical, Challenger's Peril, Fortified",Karan,Paladin,Protection,tank,Shadowmoon
303,342.5,307550454,11,Mists of Tirna Scithe,2024-11-16T16:50:38.000Z,1510487,1890999,2,"Xal'atath's Bargain: Ascendant, Tyrannical, Challenger's Peril, Fortified",Buluogena,Shaman,Enhancement,dps,Shadowmoon
303,342.5,307550454,11,Mists of Tirna Scithe,2024-11-16T16:50:38.000Z,1510487,1890999,2,"Xal'atath's Bargain: Ascendant, Tyrannical, Challenger's Peril, Fortified",齋藤亞美里,Shaman,Elemental,dps,Chillwind Point
304,342.5,303854227,11,Mists of Tirna Scithe,2024-10-30T14:56:33.000Z,1512881,1890999,2,"Xal'atath's Bargain: Ascendant, Fortified, Challenger's Peril, Tyrannical",鬼影苍月-12344697,Demon Hunter,Havoc,dps,Skywall
304,342.5,303854227,11,Mists of Tirna Scithe,2024-10-30T14:56:33.000Z,1512881,1890999,2,"Xal'atath's Bargain: Ascendant, Fortified, Challenger's Peril, Tyrannical",沫綠霜心,Death Knight,Frost,dps,Skywall
304,342.5,303854227,11,Mists of Tirna Scithe,2024-10-30T14:56:33.000Z,1512881,1890999,2,"Xal'atath's Bargain: Ascendant, Fortified, Challenger's Peril, Tyrannical",亡靈獵人忠仔,Paladin,Protection,tank,Sundown Marsh
304,342.5,303854227,11,Mists of Tirna Scithe,2024-10-30T14:56:33.000Z,1512881,1890999,2,"Xal'atath's Bargain: Ascendant, Fortified, Challenger's Peril, Tyrannical",彤芯,Shaman,Restoration,healer,Spirestone
304,342.5,303854227,11,Mists of Tirna Scithe,2024-10-30T14:56:33.000Z,1512881,1890999,2,"Xal'atath's Bargain: Ascendant, Fortified, Challenger's Peril, Tyrannical",超派鐵拳二,Shaman,Elemental,dps,Zealot Blade
305,342.5,307326529,11,Mists of Tirna Scithe,2024-11-15T15:44:47.000Z,1513260,1890999,2,"Xal'atath's Bargain: Ascendant, Tyrannical, Challenger's Peril, Fortified",夏墨,Demon Hunter,Vengeance,tank,Skywall
305,342.5,307326529,11,Mists of Tirna Scithe,2024-11-15T15:44:47.000Z,1513260,1890999,2,"Xal'atath's Bargain: Ascendant, Tyrannical, Challenger's Peril, Fortified",雪花小喵喵,Death Knight,Frost,dps,Chillwind Point
305,342.5,307326529,11,Mists of Tirna Scithe,2024-11-15T15:44:47.000Z,1513260,1890999,2,"Xal'atath's Bargain: Ascendant, Tyrannical, Challenger's Peril, Fortified",蛤換我打宿儺,Paladin,Retribution,dps,Hellscream
305,342.5,307326529,11,Mists of Tirna Scithe,2024-11-15T15:44:47.000Z,1513260,1890999,2,"Xal'atath's Bargain: Ascendant, Tyrannical, Challenger's Peril, Fortified",姬騎安潔莉卡,Paladin,Retribution,dps,Wrathbringer
305,342.5,307326529,11,Mists of Tirna Scithe,2024-11-15T15:44:47.000Z,1513260,1890999,2,"Xal'atath's Bargain: Ascendant, Tyrannical, Challenger's Peril, Fortified",Woohankyung,Shaman,Restoration,healer,Quel'dorei
306,342.5,302709005,11,Mists of Tirna Scithe,2024-10-25T13:52:59.000Z,1513534,1890999,2,"Xal'atath's Bargain: Ascendant, Fortified, Challenger's Peril, Tyrannical",稚氣小杰,Hunter,Marksmanship,dps,Whisperwind
306,342.5,302709005,11,Mists of Tirna Scithe,2024-10-25T13:52:59.000Z,1513534,1890999,2,"Xal'atath's Bargain: Ascendant, Fortified, Challenger's Peril, Tyrannical",相信光,Paladin,Protection,tank,Crystalpine Stinger
306,342.5,302709005,11,Mists of Tirna Scithe,2024-10-25T13:52:59.000Z,1513534,1890999,2,"Xal'atath's Bargain: Ascendant, Fortified, Challenger's Peril, Tyrannical",霏莉希亞,Priest,Discipline,healer,Shadowmoon
306,342.5,302709005,11,Mists of Tirna Scithe,2024-10-25T13:52:59.000Z,1513534,1890999,2,"Xal'atath's Bargain: Ascendant, Fortified, Challenger's Peril, Tyrannical",陳年老腳,Monk,Windwalker,dps,Whisperwind
306,342.5,302709005,11,Mists of Tirna Scithe,2024-10-25T13:52:59.000Z,1513534,1890999,2,"Xal'atath's Bargain: Ascendant, Fortified, Challenger's Peril, Tyrannical",命運之綺,Mage,Fire,dps,Shadowmoon
307,342.5,307685313,11,Mists of Tirna Scithe,2024-11-17T09:19:30.000Z,1513601,1890999,2,"Xal'atath's Bargain: Ascendant, Tyrannical, Challenger's Peril, Fortified",Uzziel,Paladin,Protection,tank,Skywall
307,342.5,307685313,11,Mists of Tirna Scithe,2024-11-17T09:19:30.000Z,1513601,1890999,2,"Xal'atath's Bargain: Ascendant, Tyrannical, Challenger's Peril, Fortified",Neroze,Rogue,Assassination,dps,World Tree
307,342.5,307685313,11,Mists of Tirna Scithe,2024-11-17T09:19:30.000Z,1513601,1890999,2,"Xal'atath's Bargain: Ascendant, Tyrannical, Challenger's Peril, Fortified",怨嗟之鬼,Priest,Shadow,dps,Nightsong
307,342.5,307685313,11,Mists of Tirna Scithe,2024-11-17T09:19:30.000Z,1513601,1890999,2,"Xal'atath's Bargain: Ascendant, Tyrannical, Challenger's Peril, Fortified",聖光救贖,Paladin,Retribution,dps,Skywall
307,342.5,307685313,11,Mists of Tirna Scithe,2024-11-17T09:19:30.000Z,1513601,1890999,2,"Xal'atath's Bargain: Ascendant, Tyrannical, Challenger's Peril, Fortified",藍莓優格,Shaman,Restoration,healer,Whisperwind
308,342.5,307305352,11,Mists of Tirna Scithe,2024-11-15T12:20:20.000Z,1513747,1890999,2,"Xal'atath's Bargain: Ascendant, Tyrannical, Challenger's Peril, Fortified",萬俟熙雨,Death Knight,Unholy,dps,Stormscale
308,342.5,307305352,11,Mists of Tirna Scithe,2024-11-15T12:20:20.000Z,1513747,1890999,2,"Xal'atath's Bargain: Ascendant, Tyrannical, Challenger's Peril, Fortified",怒咆哮,Warrior,Protection,tank,Stormscale
308,342.5,307305352,11,Mists of Tirna Scithe,2024-11-15T12:20:20.000Z,1513747,1890999,2,"Xal'atath's Bargain: Ascendant, Tyrannical, Challenger's Peril, Fortified",Losecontrol,Paladin,Retribution,dps,Stormscale
308,342.5,307305352,11,Mists of Tirna Scithe,2024-11-15T12:20:20.000Z,1513747,1890999,2,"Xal'atath's Bargain: Ascendant, Tyrannical, Challenger's Peril, Fortified",惡魔牧屍,Priest,Discipline,healer,Demon Fall Canyon
308,342.5,307305352,11,Mists of Tirna Scithe,2024-11-15T12:20:20.000Z,1513747,1890999,2,"Xal'atath's Bargain: Ascendant, Tyrannical, Challenger's Peril, Fortified",薩薩虎狐,Shaman,Elemental,dps,Arygos
309,342.5,302637864,11,Mists of Tirna Scithe,2024-10-25T08:57:16.000Z,1513858,1890999,2,"Xal'atath's Bargain: Ascendant, Fortified, Challenger's Peril, Tyrannical",Bape,Mage,Fire,dps,Chillwind Point
309,342.5,302637864,11,Mists of Tirna Scithe,2024-10-25T08:57:16.000Z,1513858,1890999,2,"Xal'atath's Bargain: Ascendant, Fortified, Challenger's Peril, Tyrannical",美公子裘裘,Paladin,Protection,tank,Bleeding Hollow
309,342.5,302637864,11,Mists of Tirna Scithe,2024-10-25T08:57:16.000Z,1513858,1890999,2,"Xal'atath's Bargain: Ascendant, Fortified, Challenger's Peril, Tyrannical",毀滅的花兒,Warlock,Demonology,dps,Frostmane
309,342.5,302637864,11,Mists of Tirna Scithe,2024-10-25T08:57:16.000Z,1513858,1890999,2,"Xal'atath's Bargain: Ascendant, Fortified, Challenger's Peril, Tyrannical",阿怡怡,Priest,Discipline,healer,Chillwind Point
309,342.5,302637864,11,Mists of Tirna Scithe,2024-10-25T08:57:16.000Z,1513858,1890999,2,"Xal'atath's Bargain: Ascendant, Fortified, Challenger's Peril, Tyrannical",一七,Shaman,Elemental,dps,Demon Fall Canyon
310,342.5,302948123,11,Mists of Tirna Scithe,2024-10-26T09:35:20.000Z,1514213,1890999,2,"Xal'atath's Bargain: Ascendant, Fortified, Challenger's Peril, Tyrannical",凱風快晴,Hunter,Marksmanship,dps,Whisperwind
310,342.5,302948123,11,Mists of Tirna Scithe,2024-10-26T09:35:20.000Z,1514213,1890999,2,"Xal'atath's Bargain: Ascendant, Fortified, Challenger's Peril, Tyrannical",羽毛被,Shaman,Enhancement,dps,Shadowmoon
310,342.5,302948123,11,Mists of Tirna Scithe,2024-10-26T09:35:20.000Z,1514213,1890999,2,"Xal'atath's Bargain: Ascendant, Fortified, Challenger's Peril, Tyrannical",寧靜阿飄,Druid,Guardian,tank,Shadowmoon
310,342.5,302948123,11,Mists of Tirna Scithe,2024-10-26T09:35:20.000Z,1514213,1890999,2,"Xal'atath's Bargain: Ascendant, Fortified, Challenger's Peril, Tyrannical",拾九,Death Knight,Frost,dps,Shadowmoon
310,342.5,302948123,11,Mists of Tirna Scithe,2024-10-26T09:35:20.000Z,1514213,1890999,2,"Xal'atath's Bargain: Ascendant, Fortified, Challenger's Peril, Tyrannical",劍影無蹤,Shaman,Restoration,healer,Whisperwind
311,342.5,307907075,11,Mists of Tirna Scithe,2024-11-18T13:38:56.000Z,1514523,1890999,2,"Xal'atath's Bargain: Ascendant, Tyrannical, Challenger's Peril, Fortified",後勤支援,Hunter,Beast Mastery,dps,Shadowmoon
311,342.5,307907075,11,Mists of Tirna Scithe,2024-11-18T13:38:56.000Z,1514523,1890999,2,"Xal'atath's Bargain: Ascendant, Tyrannical, Challenger's Peril, Fortified",理音,Paladin,Retribution,dps,Sundown Marsh
311,342.5,307907075,11,Mists of Tirna Scithe,2024-11-18T13:38:56.000Z,1514523,1890999,2,"Xal'atath's Bargain: Ascendant, Tyrannical, Challenger's Peril, Fortified",Arrthas,Death Knight,Blood,tank,Silverwing Hold
311,342.5,307907075,11,Mists of Tirna Scithe,2024-11-18T13:38:56.000Z,1514523,1890999,2,"Xal'atath's Bargain: Ascendant, Tyrannical, Challenger's Peril, Fortified",粗悍,Warrior,Fury,dps,Silverwing Hold
311,342.5,307907075,11,Mists of Tirna Scithe,2024-11-18T13:38:56.000Z,1514523,1890999,2,"Xal'atath's Bargain: Ascendant, Tyrannical, Challenger's Peril, Fortified",颯漫漫的飯,Shaman,Restoration,healer,Sundown Marsh
312,342.4,307480745,11,Mists of Tirna Scithe,2024-11-16T10:57:44.000Z,1516096,1890999,2,"Xal'atath's Bargain: Ascendant, Tyrannical, Challenger's Peril, Fortified",龍黎,Warrior,Fury,dps,Wrathbringer
312,342.4,307480745,11,Mists of Tirna Scithe,2024-11-16T10:57:44.000Z,1516096,1890999,2,"Xal'atath's Bargain: Ascendant, Tyrannical, Challenger's Peril, Fortified",Juniorgaga,Druid,Restoration,healer,Frostmane
312,342.4,307480745,11,Mists of Tirna Scithe,2024-11-16T10:57:44.000Z,1516096,1890999,2,"Xal'atath's Bargain: Ascendant, Tyrannical, Challenger's Peril, Fortified",硯迴,Hunter,Beast Mastery,dps,Sundown Marsh
312,342.4,307480745,11,Mists of Tirna Scithe,2024-11-16T10:57:44.000Z,1516096,1890999,2,"Xal'atath's Bargain: Ascendant, Tyrannical, Challenger's Peril, Fortified",又菜又愛玩,Monk,Brewmaster,tank,Crystalpine Stinger
312,342.4,307480745,11,Mists of Tirna Scithe,2024-11-16T10:57:44.000Z,1516096,1890999,2,"Xal'atath's Bargain: Ascendant, Tyrannical, Challenger's Peril, Fortified",奧汀玟玟,Warlock,Destruction,dps,Wrathbringer
313,342.4,302470043,11,Mists of Tirna Scithe,2024-10-24T11:02:27.000Z,1516825,1890999,2,"Xal'atath's Bargain: Ascendant, Fortified, Challenger's Peril, Tyrannical",歐巴熊,Monk,Brewmaster,tank,Shadowmoon
313,342.4,302470043,11,Mists of Tirna Scithe,2024-10-24T11:02:27.000Z,1516825,1890999,2,"Xal'atath's Bargain: Ascendant, Fortified, Challenger's Peril, Tyrannical",沉默的魯伊,Druid,Balance,dps,Chillwind Point
313,342.4,302470043,11,Mists of Tirna Scithe,2024-10-24T11:02:27.000Z,1516825,1890999,2,"Xal'atath's Bargain: Ascendant, Fortified, Challenger's Peril, Tyrannical",猛猛瘩,Warlock,Demonology,dps,Chillwind Point
313,342.4,302470043,11,Mists of Tirna Scithe,2024-10-24T11:02:27.000Z,1516825,1890999,2,"Xal'atath's Bargain: Ascendant, Fortified, Challenger's Peril, Tyrannical",嘉神川諾艾兒,Shaman,Restoration,healer,Icecrown
313,342.4,302470043,11,Mists of Tirna Scithe,2024-10-24T11:02:27.000Z,1516825,1890999,2,"Xal'atath's Bargain: Ascendant, Fortified, Challenger's Peril, Tyrannical",瑞典大厨,Hunter,Survival,dps,World Tree
314,342.4,303645742,11,Mists of Tirna Scithe,2024-10-29T15:16:08.000Z,1517295,1890999,2,"Xal'atath's Bargain: Ascendant, Fortified, Challenger's Peril, Tyrannical",發呆熊,Druid,Restoration,healer,Chillwind Point
314,342.4,303645742,11,Mists of Tirna Scithe,2024-10-29T15:16:08.000Z,1517295,1890999,2,"Xal'atath's Bargain: Ascendant, Fortified, Challenger's Peril, Tyrannical",天上有箭,Hunter,Survival,dps,Sundown Marsh
314,342.4,303645742,11,Mists of Tirna Scithe,2024-10-29T15:16:08.000Z,1517295,1890999,2,"Xal'atath's Bargain: Ascendant, Fortified, Challenger's Peril, Tyrannical",蒂安希婭,Paladin,Retribution,dps,Shadowmoon
314,342.4,303645742,11,Mists of Tirna Scithe,2024-10-29T15:16:08.000Z,1517295,1890999,2,"Xal'atath's Bargain: Ascendant, Fortified, Challenger's Peril, Tyrannical",輕竹,Demon Hunter,Vengeance,tank,Nightsong
314,342.4,303645742,11,Mists of Tirna Scithe,2024-10-29T15:16:08.000Z,1517295,1890999,2,"Xal'atath's Bargain: Ascendant, Fortified, Challenger's Peril, Tyrannical",安祖拿,Warlock,Destruction,dps,Shadowmoon
315,342.4,303586980,11,Mists of Tirna Scithe,2024-10-29T06:26:59.000Z,1517530,1890999,2,"Xal'atath's Bargain: Ascendant, Fortified, Challenger's Peril, Tyrannical",緋紅色的魚,Paladin,Retribution,dps,Crystalpine Stinger
315,342.4,303586980,11,Mists of Tirna Scithe,2024-10-29T06:26:59.000Z,1517530,1890999,2,"Xal'atath's Bargain: Ascendant, Fortified, Challenger's Peril, Tyrannical",紅牛維生素,Mage,Frost,dps,Silverwing Hold
315,342.4,303586980,11,Mists of Tirna Scithe,2024-10-29T06:26:59.000Z,1517530,1890999,2,"Xal'atath's Bargain: Ascendant, Fortified, Challenger's Peril, Tyrannical",皮卡邱邱,Shaman,Enhancement,dps,Sundown Marsh
315,342.4,303586980,11,Mists of Tirna Scithe,2024-10-29T06:26:59.000Z,1517530,1890999,2,"Xal'atath's Bargain: Ascendant, Fortified, Challenger's Peril, Tyrannical",巨莖強森,Warrior,Protection,tank,Dragonmaw
315,342.4,303586980,11,Mists of Tirna Scithe,2024-10-29T06:26:59.000Z,1517530,1890999,2,"Xal'atath's Bargain: Ascendant, Fortified, Challenger's Peril, Tyrannical",澳洲小留子,Shaman,Restoration,healer,Stormscale
316,342.4,303138370,11,Mists of Tirna Scithe,2024-10-27T08:28:51.000Z,1517679,1890999,2,"Xal'atath's Bargain: Ascendant, Fortified, Challenger's Peril, Tyrannical",倪妮,Paladin,Holy,healer,Icecrown
316,342.4,303138370,11,Mists of Tirna Scithe,2024-10-27T08:28:51.000Z,1517679,1890999,2,"Xal'atath's Bargain: Ascendant, Fortified, Challenger's Peril, Tyrannical",糖可可,Monk,Windwalker,dps,Chillwind Point
316,342.4,303138370,11,Mists of Tirna Scithe,2024-10-27T08:28:51.000Z,1517679,1890999,2,"Xal'atath's Bargain: Ascendant, Fortified, Challenger's Peril, Tyrannical",七歲的奕智,Death Knight,Blood,tank,Chillwind Point
316,342.4,303138370,11,Mists of Tirna Scithe,2024-10-27T08:28:51.000Z,1517679,1890999,2,"Xal'atath's Bargain: Ascendant, Fortified, Challenger's Peril, Tyrannical",Noonkamshama,Shaman,Elemental,dps,Chillwind Point
316,342.4,303138370,11,Mists of Tirna Scithe,2024-10-27T08:28:51.000Z,1517679,1890999,2,"Xal'atath's Bargain: Ascendant, Fortified, Challenger's Peril, Tyrannical",颯滿就是我,Shaman,Enhancement,dps,Shadowmoon
317,342.4,302495745,11,Mists of Tirna Scithe,2024-10-24T15:13:33.000Z,1519529,1890999,2,"Xal'atath's Bargain: Ascendant, Fortified, Challenger's Peril, Tyrannical",祖阿妮,Shaman,Restoration,healer,Sundown Marsh
317,342.4,302495745,11,Mists of Tirna Scithe,2024-10-24T15:13:33.000Z,1519529,1890999,2,"Xal'atath's Bargain: Ascendant, Fortified, Challenger's Peril, Tyrannical",依芙兒,Paladin,Retribution,dps,Icecrown
317,342.4,302495745,11,Mists of Tirna Scithe,2024-10-24T15:13:33.000Z,1519529,1890999,2,"Xal'atath's Bargain: Ascendant, Fortified, Challenger's Peril, Tyrannical",Hatgreen,Rogue,Assassination,dps,Sundown Marsh
317,342.4,302495745,11,Mists of Tirna Scithe,2024-10-24T15:13:33.000Z,1519529,1890999,2,"Xal'atath's Bargain: Ascendant, Fortified, Challenger's Peril, Tyrannical",天譴寶寶,Demon Hunter,Vengeance,tank,Icecrown
317,342.4,302495745,11,Mists of Tirna Scithe,2024-10-24T15:13:33.000Z,1519529,1890999,2,"Xal'atath's Bargain: Ascendant, Fortified, Challenger's Peril, Tyrannical",Katia,Warlock,Demonology,dps,Arthas
318,342.4,302479903,11,Mists of Tirna Scithe,2024-10-24T13:57:43.000Z,1519943,1890999,2,"Xal'atath's Bargain: Ascendant, Fortified, Challenger's Peril, Tyrannical",一來個蹦蹦一,Demon Hunter,Havoc,dps,Silverwing Hold
318,342.4,302479903,11,Mists of Tirna Scithe,2024-10-24T13:57:43.000Z,1519943,1890999,2,"Xal'atath's Bargain: Ascendant, Fortified, Challenger's Peril, Tyrannical",緋月如塵,Priest,Holy,healer,Shadowmoon
318,342.4,302479903,11,Mists of Tirna Scithe,2024-10-24T13:57:43.000Z,1519943,1890999,2,"Xal'atath's Bargain: Ascendant, Fortified, Challenger's Peril, Tyrannical",聖瑪利亞,Warrior,Protection,tank,Shadowmoon
318,342.4,302479903,11,Mists of Tirna Scithe,2024-10-24T13:57:43.000Z,1519943,1890999,2,"Xal'atath's Bargain: Ascendant, Fortified, Challenger's Peril, Tyrannical",Vegaga,Mage,Frost,dps,Frostmane
318,342.4,302479903,11,Mists of Tirna Scithe,2024-10-24T13:57:43.000Z,1519943,1890999,2,"Xal'atath's Bargain: Ascendant, Fortified, Challenger's Peril, Tyrannical",Sunnydk,Death Knight,Frost,dps,Frostmane
319,342.4,303227503,11,Mists of Tirna Scithe,2024-10-27T17:13:09.000Z,1520003,1890999,2,"Xal'atath's Bargain: Ascendant, Fortified, Challenger's Peril, Tyrannical",月之武僧,Monk,Brewmaster,tank,Shadowmoon
319,342.4,303227503,11,Mists of Tirna Scithe,2024-10-27T17:13:09.000Z,1520003,1890999,2,"Xal'atath's Bargain: Ascendant, Fortified, Challenger's Peril, Tyrannical",東東咬東東,Rogue,Assassination,dps,Bleeding Hollow
319,342.4,303227503,11,Mists of Tirna Scithe,2024-10-27T17:13:09.000Z,1520003,1890999,2,"Xal'atath's Bargain: Ascendant, Fortified, Challenger's Peril, Tyrannical",岳禾,Druid,Restoration,healer,Arthas
319,342.4,303227503,11,Mists of Tirna Scithe,2024-10-27T17:13:09.000Z,1520003,1890999,2,"Xal'atath's Bargain: Ascendant, Fortified, Challenger's Peril, Tyrannical",凱特悲情薩,Shaman,Enhancement,dps,Arthas
319,342.4,303227503,11,Mists of Tirna Scithe,2024-10-27T17:13:09.000Z,1520003,1890999,2,"Xal'atath's Bargain: Ascendant, Fortified, Challenger's Peril, Tyrannical",鱗羽天使-230024564,Hunter,Survival,dps,Shadowmoon
320,342.4,301093580,11,Mists of Tirna Scithe,2024-10-24T16:29:46.000Z,1520174,1890999,2,"Xal'atath's Bargain: Ascendant, Fortified, Challenger's Peril, Tyrannical",閃現撞牆上,Mage,Arcane,dps,Shadowmoon
320,342.4,301093580,11,Mists of Tirna Scithe,2024-10-24T16:29:46.000Z,1520174,1890999,2,"Xal'atath's Bargain: Ascendant, Fortified, Challenger's Peril, Tyrannical",光鑄楊爸爸,Paladin,Retribution,dps,Whisperwind
320,342.4,301093580,11,Mists of Tirna Scithe,2024-10-24T16:29:46.000Z,1520174,1890999,2,"Xal'atath's Bargain: Ascendant, Fortified, Challenger's Peril, Tyrannical",Anon7C2BFB6,Shaman,Restoration,healer,Anonymous
320,342.4,301093580,11,Mists of Tirna Scithe,2024-10-24T16:29:46.000Z,1520174,1890999,2,"Xal'atath's Bargain: Ascendant, Fortified, Challenger's Peril, Tyrannical",Takushu,Death Knight,Unholy,dps,Arthas
320,342.4,301093580,11,Mists of Tirna Scithe,2024-10-24T16:29:46.000Z,1520174,1890999,2,"Xal'atath's Bargain: Ascendant, Fortified, Challenger's Peril, Tyrannical",我要嗷嗷叫,Warrior,Protection,tank,Shadowmoon
321,342.4,307521911,11,Mists of Tirna Scithe,2024-11-16T16:54:00.000Z,1520209,1890999,2,"Xal'atath's Bargain: Ascendant, Tyrannical, Challenger's Peril, Fortified",吐司妹,Warrior,Fury,dps,Demon Fall Canyon
321,342.4,307521911,11,Mists of Tirna Scithe,2024-11-16T16:54:00.000Z,1520209,1890999,2,"Xal'atath's Bargain: Ascendant, Tyrannical, Challenger's Peril, Fortified",Amrlwld,Shaman,Enhancement,dps,Sundown Marsh
321,342.4,307521911,11,Mists of Tirna Scithe,2024-11-16T16:54:00.000Z,1520209,1890999,2,"Xal'atath's Bargain: Ascendant, Tyrannical, Challenger's Peril, Fortified",楊楊,Warlock,Demonology,dps,Sundown Marsh
321,342.4,307521911,11,Mists of Tirna Scithe,2024-11-16T16:54:00.000Z,1520209,1890999,2,"Xal'atath's Bargain: Ascendant, Tyrannical, Challenger's Peril, Fortified",銨銨你好,Paladin,Protection,tank,Sundown Marsh
321,342.4,307521911,11,Mists of Tirna Scithe,2024-11-16T16:54:00.000Z,1520209,1890999,2,"Xal'atath's Bargain: Ascendant, Tyrannical, Challenger's Peril, Fortified",Tingpriest,Priest,Discipline,healer,Shadowmoon
322,342.3,307124708,11,Mists of Tirna Scithe,2024-11-14T06:33:47.000Z,1520925,1890999,2,"Xal'atath's Bargain: Ascendant, Tyrannical, Challenger's Peril, Fortified",尼古拉斯睡魔,Hunter,Beast Mastery,dps,Chillwind Point
322,342.3,307124708,11,Mists of Tirna Scithe,2024-11-14T06:33:47.000Z,1520925,1890999,2,"Xal'atath's Bargain: Ascendant, Tyrannical, Challenger's Peril, Fortified",咖哩燒肉丼,Paladin,Protection,tank,Skywall
322,342.3,307124708,11,Mists of Tirna Scithe,2024-11-14T06:33:47.000Z,1520925,1890999,2,"Xal'atath's Bargain: Ascendant, Tyrannical, Challenger's Peril, Fortified",時夢有病,Evoker,Preservation,healer,Zealot Blade
322,342.3,307124708,11,Mists of Tirna Scithe,2024-11-14T06:33:47.000Z,1520925,1890999,2,"Xal'atath's Bargain: Ascendant, Tyrannical, Challenger's Peril, Fortified",Azazell,Rogue,Assassination,dps,World Tree
322,342.3,307124708,11,Mists of Tirna Scithe,2024-11-14T06:33:47.000Z,1520925,1890999,2,"Xal'atath's Bargain: Ascendant, Tyrannical, Challenger's Peril, Fortified",極星之殤,Death Knight,Frost,dps,Crystalpine Stinger
323,342.3,303854348,11,Mists of Tirna Scithe,2024-10-30T15:25:04.000Z,1520944,1890999,2,"Xal'atath's Bargain: Ascendant, Fortified, Challenger's Peril, Tyrannical",原來是賊,Rogue,Outlaw,dps,Skywall
323,342.3,303854348,11,Mists of Tirna Scithe,2024-10-30T15:25:04.000Z,1520944,1890999,2,"Xal'atath's Bargain: Ascendant, Fortified, Challenger's Peril, Tyrannical",紫欣雨,Shaman,Restoration,healer,Skywall
323,342.3,303854348,11,Mists of Tirna Scithe,2024-10-30T15:25:04.000Z,1520944,1890999,2,"Xal'atath's Bargain: Ascendant, Fortified, Challenger's Peril, Tyrannical",花之鎖,Paladin,Retribution,dps,Skywall
323,342.3,303854348,11,Mists of Tirna Scithe,2024-10-30T15:25:04.000Z,1520944,1890999,2,"Xal'atath's Bargain: Ascendant, Fortified, Challenger's Peril, Tyrannical",Santhe,Warlock,Destruction,dps,Skywall
323,342.3,303854348,11,Mists of Tirna Scithe,2024-10-30T15:25:04.000Z,1520944,1890999,2,"Xal'atath's Bargain: Ascendant, Fortified, Challenger's Peril, Tyrannical",夏日飛雪花-230229329,Paladin,Protection,tank,Skywall
324,342.3,302700618,11,Mists of Tirna Scithe,2024-11-18T15:01:41.000Z,1521938,1890999,2,"Xal'atath's Bargain: Ascendant, Tyrannical, Challenger's Peril, Fortified",紫燄,Warrior,Fury,dps,Whisperwind
324,342.3,302700618,11,Mists of Tirna Scithe,2024-11-18T15:01:41.000Z,1521938,1890999,2,"Xal'atath's Bargain: Ascendant, Tyrannical, Challenger's Peril, Fortified",Anon3639CC4,Death Knight,Frost,dps,Anonymous
324,342.3,302700618,11,Mists of Tirna Scithe,2024-11-18T15:01:41.000Z,1521938,1890999,2,"Xal'atath's Bargain: Ascendant, Tyrannical, Challenger's Peril, Fortified",百香綠,Hunter,Survival,dps,Shadowmoon
324,342.3,302700618,11,Mists of Tirna Scithe,2024-11-18T15:01:41.000Z,1521938,1890999,2,"Xal'atath's Bargain: Ascendant, Tyrannical, Challenger's Peril, Fortified",小星,Shaman,Restoration,healer,Quel'dorei
324,342.3,302700618,11,Mists of Tirna Scithe,2024-11-18T15:01:41.000Z,1521938,1890999,2,"Xal'atath's Bargain: Ascendant, Tyrannical, Challenger's Peril, Fortified",小龍,Paladin,Protection,tank,Quel'dorei
325,342.3,308276772,11,Mists of Tirna Scithe,2024-11-20T13:49:30.000Z,1522094,1890999,2,"Xal'atath's Bargain: Ascendant, Tyrannical, Challenger's Peril, Fortified",可可冰糖,Warlock,Destruction,dps,Quel'dorei
325,342.3,308276772,11,Mists of Tirna Scithe,2024-11-20T13:49:30.000Z,1522094,1890999,2,"Xal'atath's Bargain: Ascendant, Tyrannical, Challenger's Peril, Fortified",畫星,Shaman,Restoration,healer,Whisperwind
325,342.3,308276772,11,Mists of Tirna Scithe,2024-11-20T13:49:30.000Z,1522094,1890999,2,"Xal'atath's Bargain: Ascendant, Tyrannical, Challenger's Peril, Fortified",三重西瓜來,Rogue,Assassination,dps,Dragonmaw
325,342.3,308276772,11,Mists of Tirna Scithe,2024-11-20T13:49:30.000Z,1522094,1890999,2,"Xal'atath's Bargain: Ascendant, Tyrannical, Challenger's Peril, Fortified",十月暖陽,Evoker,Augmentation,dps,Whisperwind
325,342.3,308276772,11,Mists of Tirna Scithe,2024-11-20T13:49:30.000Z,1522094,1890999,2,"Xal'atath's Bargain: Ascendant, Tyrannical, Challenger's Peril, Fortified",妮祿,Paladin,Protection,tank,Quel'dorei
326,342.3,302691723,11,Mists of Tirna Scithe,2024-10-25T16:49:31.000Z,1522201,1890999,2,"Xal'atath's Bargain: Ascendant, Fortified, Challenger's Peril, Tyrannical",肥嘟嘟左偉門,Druid,Balance,dps,Whisperwind
326,342.3,302691723,11,Mists of Tirna Scithe,2024-10-25T16:49:31.000Z,1522201,1890999,2,"Xal'atath's Bargain: Ascendant, Fortified, Challenger's Peril, Tyrannical",Jackrogue,Rogue,Assassination,dps,Demon Fall Canyon
326,342.3,302691723,11,Mists of Tirna Scithe,2024-10-25T16:49:31.000Z,1522201,1890999,2,"Xal'atath's Bargain: Ascendant, Fortified, Challenger's Peril, Tyrannical",信你才有鬼,Shaman,Elemental,dps,Zealot Blade
326,342.3,302691723,11,Mists of Tirna Scithe,2024-10-25T16:49:31.000Z,1522201,1890999,2,"Xal'atath's Bargain: Ascendant, Fortified, Challenger's Peril, Tyrannical",繁花落地成霜,Shaman,Restoration,healer,Arthas
326,342.3,302691723,11,Mists of Tirna Scithe,2024-10-25T16:49:31.000Z,1522201,1890999,2,"Xal'atath's Bargain: Ascendant, Fortified, Challenger's Peril, Tyrannical",維尼斯小熊,Druid,Guardian,tank,Whisperwind
327,342.3,307542483,11,Mists of Tirna Scithe,2024-11-16T19:01:36.000Z,1522470,1890999,2,"Xal'atath's Bargain: Ascendant, Tyrannical, Challenger's Peril, Fortified",名洋好驚驚,Mage,Frost,dps,World Tree
327,342.3,307542483,11,Mists of Tirna Scithe,2024-11-16T19:01:36.000Z,1522470,1890999,2,"Xal'atath's Bargain: Ascendant, Tyrannical, Challenger's Peril, Fortified",仙劍泡芙傳,Death Knight,Blood,tank,World Tree
327,342.3,307542483,11,Mists of Tirna Scithe,2024-11-16T19:01:36.000Z,1522470,1890999,2,"Xal'atath's Bargain: Ascendant, Tyrannical, Challenger's Peril, Fortified",諾婭,Monk,Mistweaver,healer,Skywall
327,342.3,307542483,11,Mists of Tirna Scithe,2024-11-16T19:01:36.000Z,1522470,1890999,2,"Xal'atath's Bargain: Ascendant, Tyrannical, Challenger's Peril, Fortified",椒鹽唐老鴨,Paladin,Retribution,dps,Light's Hope
327,342.3,307542483,11,Mists of Tirna Scithe,2024-11-16T19:01:36.000Z,1522470,1890999,2,"Xal'atath's Bargain: Ascendant, Tyrannical, Challenger's Peril, Fortified",Sshing,Druid,Balance,dps,Nightsong
328,342.3,307888783,11,Mists of Tirna Scithe,2024-11-18T09:33:36.000Z,1522705,1890999,2,"Xal'atath's Bargain: Ascendant, Tyrannical, Challenger's Peril, Fortified",郭滔一號,Mage,Arcane,dps,Arygos
328,342.3,307888783,11,Mists of Tirna Scithe,2024-11-18T09:33:36.000Z,1522705,1890999,2,"Xal'atath's Bargain: Ascendant, Tyrannical, Challenger's Peril, Fortified",小貓娘,Shaman,Restoration,healer,Demon Fall Canyon
328,342.3,307888783,11,Mists of Tirna Scithe,2024-11-18T09:33:36.000Z,1522705,1890999,2,"Xal'atath's Bargain: Ascendant, Tyrannical, Challenger's Peril, Fortified",挖欸噴火龍,Evoker,Augmentation,dps,Silverwing Hold
328,342.3,307888783,11,Mists of Tirna Scithe,2024-11-18T09:33:36.000Z,1522705,1890999,2,"Xal'atath's Bargain: Ascendant, Tyrannical, Challenger's Peril, Fortified",秋日楓紅,Paladin,Protection,tank,Silverwing Hold
328,342.3,307888783,11,Mists of Tirna Scithe,2024-11-18T09:33:36.000Z,1522705,1890999,2,"Xal'atath's Bargain: Ascendant, Tyrannical, Challenger's Peril, Fortified",末日騎士泰溫,Paladin,Retribution,dps,Icecrown
329,342.3,302875645,11,Mists of Tirna Scithe,2024-10-26T05:41:42.000Z,1522789,1890999,2,"Xal'atath's Bargain: Ascendant, Fortified, Challenger's Peril, Tyrannical",Ninjasm,Shaman,Enhancement,dps,Bleeding Hollow
329,342.3,302875645,11,Mists of Tirna Scithe,2024-10-26T05:41:42.000Z,1522789,1890999,2,"Xal'atath's Bargain: Ascendant, Fortified, Challenger's Peril, Tyrannical",Soro,Evoker,Augmentation,dps,Whisperwind
329,342.3,302875645,11,Mists of Tirna Scithe,2024-10-26T05:41:42.000Z,1522789,1890999,2,"Xal'atath's Bargain: Ascendant, Fortified, Challenger's Peril, Tyrannical",壓力小子,Shaman,Restoration,healer,Light's Hope
329,342.3,302875645,11,Mists of Tirna Scithe,2024-10-26T05:41:42.000Z,1522789,1890999,2,"Xal'atath's Bargain: Ascendant, Fortified, Challenger's Peril, Tyrannical",Servantsaber,Paladin,Protection,tank,Crystalpine Stinger
329,342.3,302875645,11,Mists of Tirna Scithe,2024-10-26T05:41:42.000Z,1522789,1890999,2,"Xal'atath's Bargain: Ascendant, Fortified, Challenger's Peril, Tyrannical",清淨平等心,Paladin,Retribution,dps,World Tree
330,342.3,303210688,11,Mists of Tirna Scithe,2024-10-27T16:07:32.000Z,1522928,1890999,2,"Xal'atath's Bargain: Ascendant, Fortified, Challenger's Peril, Tyrannical",追風伊人,Paladin,Retribution,dps,Chillwind Point
330,342.3,303210688,11,Mists of Tirna Scithe,2024-10-27T16:07:32.000Z,1522928,1890999,2,"Xal'atath's Bargain: Ascendant, Fortified, Challenger's Peril, Tyrannical",米果怕巧巧,Warrior,Protection,tank,World Tree
330,342.3,303210688,11,Mists of Tirna Scithe,2024-10-27T16:07:32.000Z,1522928,1890999,2,"Xal'atath's Bargain: Ascendant, Fortified, Challenger's Peril, Tyrannical",惡狼賊,Rogue,Assassination,dps,World Tree
330,342.3,303210688,11,Mists of Tirna Scithe,2024-10-27T16:07:32.000Z,1522928,1890999,2,"Xal'atath's Bargain: Ascendant, Fortified, Challenger's Peril, Tyrannical",石小傑,Druid,Restoration,healer,World Tree
330,342.3,303210688,11,Mists of Tirna Scithe,2024-10-27T16:07:32.000Z,1522928,1890999,2,"Xal'atath's Bargain: Ascendant, Fortified, Challenger's Peril, Tyrannical",Ycchen,Mage,Frost,dps,Quel'dorei
331,342.3,307474869,11,Mists of Tirna Scithe,2024-11-16T09:50:34.000Z,1523332,1890999,2,"Xal'atath's Bargain: Ascendant, Tyrannical, Challenger's Peril, Fortified",煉奶,Paladin,Protection,tank,Sundown Marsh
331,342.3,307474869,11,Mists of Tirna Scithe,2024-11-16T09:50:34.000Z,1523332,1890999,2,"Xal'atath's Bargain: Ascendant, Tyrannical, Challenger's Peril, Fortified",性母馬脷,Priest,Shadow,dps,Wrathbringer
331,342.3,307474869,11,Mists of Tirna Scithe,2024-11-16T09:50:34.000Z,1523332,1890999,2,"Xal'atath's Bargain: Ascendant, Tyrannical, Challenger's Peril, Fortified",Easygamer,Paladin,Retribution,dps,Demon Fall Canyon
331,342.3,307474869,11,Mists of Tirna Scithe,2024-11-16T09:50:34.000Z,1523332,1890999,2,"Xal'atath's Bargain: Ascendant, Tyrannical, Challenger's Peril, Fortified",思嬌大巫醫,Shaman,Restoration,healer,Sundown Marsh
331,342.3,307474869,11,Mists of Tirna Scithe,2024-11-16T09:50:34.000Z,1523332,1890999,2,"Xal'atath's Bargain: Ascendant, Tyrannical, Challenger's Peril, Fortified",肥鬼,Death Knight,Frost,dps,Light's Hope
332,342.3,303369903,11,Mists of Tirna Scithe,2024-10-28T05:12:36.000Z,1524620,1890999,2,"Xal'atath's Bargain: Ascendant, Fortified, Challenger's Peril, Tyrannical",微笑的向日葵,Shaman,Restoration,healer,World Tree
332,342.3,303369903,11,Mists of Tirna Scithe,2024-10-28T05:12:36.000Z,1524620,1890999,2,"Xal'atath's Bargain: Ascendant, Fortified, Challenger's Peril, Tyrannical",遙遠滴附近,Paladin,Protection,tank,World Tree
332,342.3,303369903,11,Mists of Tirna Scithe,2024-10-28T05:12:36.000Z,1524620,1890999,2,"Xal'atath's Bargain: Ascendant, Fortified, Challenger's Peril, Tyrannical",高雄最帥男神-139790223,Paladin,Retribution,dps,Hellscream
332,342.3,303369903,11,Mists of Tirna Scithe,2024-10-28T05:12:36.000Z,1524620,1890999,2,"Xal'atath's Bargain: Ascendant, Fortified, Challenger's Peril, Tyrannical",Wdz,Monk,Windwalker,dps,Sundown Marsh
332,342.3,303369903,11,Mists of Tirna Scithe,2024-10-28T05:12:36.000Z,1524620,1890999,2,"Xal'atath's Bargain: Ascendant, Fortified, Challenger's Peril, Tyrannical",長月燼明,Hunter,Survival,dps,Quel'dorei
333,342.3,307724637,11,Mists of Tirna Scithe,2024-11-17T14:15:55.000Z,1524796,1890999,2,"Xal'atath's Bargain: Ascendant, Tyrannical, Challenger's Peril, Fortified",長衫罩指茸,Death Knight,Unholy,dps,Shadowmoon
333,342.3,307724637,11,Mists of Tirna Scithe,2024-11-17T14:15:55.000Z,1524796,1890999,2,"Xal'atath's Bargain: Ascendant, Tyrannical, Challenger's Peril, Fortified",力量,Warrior,Protection,tank,Sundown Marsh
333,342.3,307724637,11,Mists of Tirna Scithe,2024-11-17T14:15:55.000Z,1524796,1890999,2,"Xal'atath's Bargain: Ascendant, Tyrannical, Challenger's Peril, Fortified",Rokhann,Hunter,Survival,dps,Demon Fall Canyon
333,342.3,307724637,11,Mists of Tirna Scithe,2024-11-17T14:15:55.000Z,1524796,1890999,2,"Xal'atath's Bargain: Ascendant, Tyrannical, Challenger's Peril, Fortified",稻妻娘,Priest,Discipline,healer,Wrathbringer
333,342.3,307724637,11,Mists of Tirna Scithe,2024-11-17T14:15:55.000Z,1524796,1890999,2,"Xal'atath's Bargain: Ascendant, Tyrannical, Challenger's Peril, Fortified",Jcs,Druid,Feral,dps,Sundown Marsh
334,342.3,303631584,11,Mists of Tirna Scithe,2024-10-29T13:34:37.000Z,1524956,1890999,2,"Xal'atath's Bargain: Ascendant, Fortified, Challenger's Peril, Tyrannical",亞爾林,Warlock,Destruction,dps,Zealot Blade
334,342.3,303631584,11,Mists of Tirna Scithe,2024-10-29T13:34:37.000Z,1524956,1890999,2,"Xal'atath's Bargain: Ascendant, Fortified, Challenger's Peril, Tyrannical",搖滾薩滿,Shaman,Elemental,dps,Nightsong
334,342.3,303631584,11,Mists of Tirna Scithe,2024-10-29T13:34:37.000Z,1524956,1890999,2,"Xal'atath's Bargain: Ascendant, Fortified, Challenger's Peril, Tyrannical",睫毛倒插,Priest,Discipline,healer,Nightsong
334,342.3,303631584,11,Mists of Tirna Scithe,2024-10-29T13:34:37.000Z,1524956,1890999,2,"Xal'atath's Bargain: Ascendant, Fortified, Challenger's Peril, Tyrannical",隨風飄拭,Demon Hunter,Havoc,dps,Light's Hope
334,342.3,303631584,11,Mists of Tirna Scithe,2024-10-29T13:34:37.000Z,1524956,1890999,2,"Xal'atath's Bargain: Ascendant, Fortified, Challenger's Peril, Tyrannical",不是牛戰士,Warrior,Protection,tank,Arygos
335,342.3,303202104,11,Mists of Tirna Scithe,2024-10-27T15:15:49.000Z,1525073,1890999,2,"Xal'atath's Bargain: Ascendant, Fortified, Challenger's Peril, Tyrannical",小熊貓花,Monk,Brewmaster,tank,Sundown Marsh
335,342.3,303202104,11,Mists of Tirna Scithe,2024-10-27T15:15:49.000Z,1525073,1890999,2,"Xal'atath's Bargain: Ascendant, Fortified, Challenger's Peril, Tyrannical",Raitoningu,Shaman,Elemental,dps,Frostmane
335,342.3,303202104,11,Mists of Tirna Scithe,2024-10-27T15:15:49.000Z,1525073,1890999,2,"Xal'atath's Bargain: Ascendant, Fortified, Challenger's Peril, Tyrannical",Clarina,Priest,Holy,healer,Menethil
335,342.3,303202104,11,Mists of Tirna Scithe,2024-10-27T15:15:49.000Z,1525073,1890999,2,"Xal'atath's Bargain: Ascendant, Fortified, Challenger's Peril, Tyrannical",薩魯耶爾,Warlock,Affliction,dps,Crystalpine Stinger
335,342.3,303202104,11,Mists of Tirna Scithe,2024-10-27T15:15:49.000Z,1525073,1890999,2,"Xal'atath's Bargain: Ascendant, Fortified, Challenger's Peril, Tyrannical",扁人學博士,Monk,Windwalker,dps,Icecrown
336,342.2,302419264,11,Mists of Tirna Scithe,2024-10-24T03:38:06.000Z,1526101,1890999,2,"Xal'atath's Bargain: Ascendant, Fortified, Challenger's Peril, Tyrannical",九鎗,Hunter,Beast Mastery,dps,Shadowmoon
336,342.2,302419264,11,Mists of Tirna Scithe,2024-10-24T03:38:06.000Z,1526101,1890999,2,"Xal'atath's Bargain: Ascendant, Fortified, Challenger's Peril, Tyrannical",阿波尼亚,Priest,Discipline,healer,Krol Blade
336,342.2,302419264,11,Mists of Tirna Scithe,2024-10-24T03:38:06.000Z,1526101,1890999,2,"Xal'atath's Bargain: Ascendant, Fortified, Challenger's Peril, Tyrannical",听風引玉,Shaman,Elemental,dps,Quel'dorei
336,342.2,302419264,11,Mists of Tirna Scithe,2024-10-24T03:38:06.000Z,1526101,1890999,2,"Xal'atath's Bargain: Ascendant, Fortified, Challenger's Peril, Tyrannical",Ujs,Paladin,Protection,tank,Whisperwind
336,342.2,302419264,11,Mists of Tirna Scithe,2024-10-24T03:38:06.000Z,1526101,1890999,2,"Xal'atath's Bargain: Ascendant, Fortified, Challenger's Peril, Tyrannical",洛天夜,Death Knight,Frost,dps,Dragonmaw
337,342.2,303872085,11,Mists of Tirna Scithe,2024-11-16T19:16:16.000Z,1526799,1890999,2,"Xal'atath's Bargain: Ascendant, Tyrannical, Challenger's Peril, Fortified",等月淚,Shaman,Restoration,healer,Shadowmoon
337,342.2,303872085,11,Mists of Tirna Scithe,2024-11-16T19:16:16.000Z,1526799,1890999,2,"Xal'atath's Bargain: Ascendant, Tyrannical, Challenger's Peril, Fortified",瑪斯,Paladin,Protection,tank,Sundown Marsh
337,342.2,303872085,11,Mists of Tirna Scithe,2024-11-16T19:16:16.000Z,1526799,1890999,2,"Xal'atath's Bargain: Ascendant, Tyrannical, Challenger's Peril, Fortified",Bambi,Druid,Balance,dps,Nightsong
337,342.2,303872085,11,Mists of Tirna Scithe,2024-11-16T19:16:16.000Z,1526799,1890999,2,"Xal'atath's Bargain: Ascendant, Tyrannical, Challenger's Peril, Fortified",小雪會漏電,Shaman,Enhancement,dps,Sundown Marsh
337,342.2,303872085,11,Mists of Tirna Scithe,2024-11-16T19:16:16.000Z,1526799,1890999,2,"Xal'atath's Bargain: Ascendant, Tyrannical, Challenger's Peril, Fortified",泫雅寶,Rogue,Assassination,dps,Shadowmoon
338,342.2,302668405,11,Mists of Tirna Scithe,2024-10-25T12:19:38.000Z,1526828,1890999,2,"Xal'atath's Bargain: Ascendant, Fortified, Challenger's Peril, Tyrannical",一奇犽一,Rogue,Assassination,dps,Crystalpine Stinger
338,342.2,302668405,11,Mists of Tirna Scithe,2024-10-25T12:19:38.000Z,1526828,1890999,2,"Xal'atath's Bargain: Ascendant, Fortified, Challenger's Peril, Tyrannical",安水晶,Priest,Holy,healer,Whisperwind
338,342.2,302668405,11,Mists of Tirna Scithe,2024-10-25T12:19:38.000Z,1526828,1890999,2,"Xal'atath's Bargain: Ascendant, Fortified, Challenger's Peril, Tyrannical",肥波薩,Shaman,Elemental,dps,Sundown Marsh
338,342.2,302668405,11,Mists of Tirna Scithe,2024-10-25T12:19:38.000Z,1526828,1890999,2,"Xal'atath's Bargain: Ascendant, Fortified, Challenger's Peril, Tyrannical",清淨平等心,Paladin,Retribution,dps,World Tree
338,342.2,302668405,11,Mists of Tirna Scithe,2024-10-25T12:19:38.000Z,1526828,1890999,2,"Xal'atath's Bargain: Ascendant, Fortified, Challenger's Peril, Tyrannical",深紅色憎惡體,Death Knight,Blood,tank,World Tree
339,342.2,307591175,11,Mists of Tirna Scithe,2024-11-16T21:34:02.000Z,1526839,1890999,2,"Xal'atath's Bargain: Ascendant, Tyrannical, Challenger's Peril, Fortified",芋薯,Evoker,Preservation,healer,Sundown Marsh
339,342.2,307591175,11,Mists of Tirna Scithe,2024-11-16T21:34:02.000Z,1526839,1890999,2,"Xal'atath's Bargain: Ascendant, Tyrannical, Challenger's Peril, Fortified",中和大角蛙,Druid,Balance,dps,Nightsong
339,342.2,307591175,11,Mists of Tirna Scithe,2024-11-16T21:34:02.000Z,1526839,1890999,2,"Xal'atath's Bargain: Ascendant, Tyrannical, Challenger's Peril, Fortified",無視苦痛,Warrior,Protection,tank,Nightsong
339,342.2,307591175,11,Mists of Tirna Scithe,2024-11-16T21:34:02.000Z,1526839,1890999,2,"Xal'atath's Bargain: Ascendant, Tyrannical, Challenger's Peril, Fortified",Handhandsm,Shaman,Enhancement,dps,Nightsong
339,342.2,307591175,11,Mists of Tirna Scithe,2024-11-16T21:34:02.000Z,1526839,1890999,2,"Xal'atath's Bargain: Ascendant, Tyrannical, Challenger's Peril, Fortified",AnonDC79C23,Death Knight,Frost,dps,Anonymous
340,342.2,307301180,11,Mists of Tirna Scithe,2024-11-15T11:29:52.000Z,1527595,1890999,2,"Xal'atath's Bargain: Ascendant, Tyrannical, Challenger's Peril, Fortified",你今晚想要嗎,Priest,Discipline,healer,Sundown Marsh
340,342.2,307301180,11,Mists of Tirna Scithe,2024-11-15T11:29:52.000Z,1527595,1890999,2,"Xal'atath's Bargain: Ascendant, Tyrannical, Challenger's Peril, Fortified",Ninolucis,Priest,Shadow,dps,Wrathbringer
340,342.2,307301180,11,Mists of Tirna Scithe,2024-11-15T11:29:52.000Z,1527595,1890999,2,"Xal'atath's Bargain: Ascendant, Tyrannical, Challenger's Peril, Fortified",丟個球球,Paladin,Retribution,dps,Wrathbringer
340,342.2,307301180,11,Mists of Tirna Scithe,2024-11-15T11:29:52.000Z,1527595,1890999,2,"Xal'atath's Bargain: Ascendant, Tyrannical, Challenger's Peril, Fortified",隨水,Druid,Balance,dps,World Tree
340,342.2,307301180,11,Mists of Tirna Scithe,2024-11-15T11:29:52.000Z,1527595,1890999,2,"Xal'atath's Bargain: Ascendant, Tyrannical, Challenger's Peril, Fortified",隨時暴斃,Demon Hunter,Vengeance,tank,Skywall
341,342.2,302463265,11,Mists of Tirna Scithe,2024-10-24T12:52:08.000Z,1528668,1890999,2,"Xal'atath's Bargain: Ascendant, Fortified, Challenger's Peril, Tyrannical",啊屋,Rogue,Assassination,dps,Shadowmoon
341,342.2,302463265,11,Mists of Tirna Scithe,2024-10-24T12:52:08.000Z,1528668,1890999,2,"Xal'atath's Bargain: Ascendant, Fortified, Challenger's Peril, Tyrannical",月洛,Druid,Balance,dps,Nightsong
341,342.2,302463265,11,Mists of Tirna Scithe,2024-10-24T12:52:08.000Z,1528668,1890999,2,"Xal'atath's Bargain: Ascendant, Fortified, Challenger's Peril, Tyrannical",米老虎,Paladin,Retribution,dps,Shadowmoon
341,342.2,302463265,11,Mists of Tirna Scithe,2024-10-24T12:52:08.000Z,1528668,1890999,2,"Xal'atath's Bargain: Ascendant, Fortified, Challenger's Peril, Tyrannical",犬月月,Druid,Guardian,tank,Chillwind Point
341,342.2,302463265,11,Mists of Tirna Scithe,2024-10-24T12:52:08.000Z,1528668,1890999,2,"Xal'atath's Bargain: Ascendant, Fortified, Challenger's Peril, Tyrannical",米薩,Shaman,Restoration,healer,Light's Hope
342,342.2,307531624,11,Mists of Tirna Scithe,2024-11-16T16:56:24.000Z,1528729,1890999,2,"Xal'atath's Bargain: Ascendant, Tyrannical, Challenger's Peril, Fortified",堇色,Priest,Holy,healer,Nightsong
342,342.2,307531624,11,Mists of Tirna Scithe,2024-11-16T16:56:24.000Z,1528729,1890999,2,"Xal'atath's Bargain: Ascendant, Tyrannical, Challenger's Peril, Fortified",泡泡的夢,Warlock,Demonology,dps,Shadowmoon
342,342.2,307531624,11,Mists of Tirna Scithe,2024-11-16T16:56:24.000Z,1528729,1890999,2,"Xal'atath's Bargain: Ascendant, Tyrannical, Challenger's Peril, Fortified",暴躁的小喵,Shaman,Enhancement,dps,Shadowmoon
342,342.2,307531624,11,Mists of Tirna Scithe,2024-11-16T16:56:24.000Z,1528729,1890999,2,"Xal'atath's Bargain: Ascendant, Tyrannical, Challenger's Peril, Fortified",小杰啊,Warrior,Protection,tank,Shadowmoon
342,342.2,307531624,11,Mists of Tirna Scithe,2024-11-16T16:56:24.000Z,1528729,1890999,2,"Xal'atath's Bargain: Ascendant, Tyrannical, Challenger's Peril, Fortified",Firerebirth,Mage,Frost,dps,Shadowmoon
343,342.2,308038286,11,Mists of Tirna Scithe,2024-11-19T05:39:33.000Z,1529640,1890999,2,"Xal'atath's Bargain: Ascendant, Tyrannical, Challenger's Peril, Fortified",Tkio,Death Knight,Unholy,dps,Menethil
343,342.2,308038286,11,Mists of Tirna Scithe,2024-11-19T05:39:33.000Z,1529640,1890999,2,"Xal'atath's Bargain: Ascendant, Tyrannical, Challenger's Peril, Fortified",巧達欸逼耊,Paladin,Protection,tank,Skywall
343,342.2,308038286,11,Mists of Tirna Scithe,2024-11-19T05:39:33.000Z,1529640,1890999,2,"Xal'atath's Bargain: Ascendant, Tyrannical, Challenger's Peril, Fortified",花漾明星,Priest,Discipline,healer,Arthas
343,342.2,308038286,11,Mists of Tirna Scithe,2024-11-19T05:39:33.000Z,1529640,1890999,2,"Xal'atath's Bargain: Ascendant, Tyrannical, Challenger's Peril, Fortified",捲捲喵,Shaman,Elemental,dps,Arthas
343,342.2,308038286,11,Mists of Tirna Scithe,2024-11-19T05:39:33.000Z,1529640,1890999,2,"Xal'atath's Bargain: Ascendant, Tyrannical, Challenger's Peril, Fortified",語意如夢,Paladin,Retribution,dps,Shadowmoon
344,342.2,308291449,11,Mists of Tirna Scithe,2024-11-20T15:23:27.000Z,1529868,1890999,2,"Xal'atath's Bargain: Ascendant, Tyrannical, Challenger's Peril, Fortified",Irregula,Warrior,Fury,dps,Quel'dorei
344,342.2,308291449,11,Mists of Tirna Scithe,2024-11-20T15:23:27.000Z,1529868,1890999,2,"Xal'atath's Bargain: Ascendant, Tyrannical, Challenger's Peril, Fortified",钵钵鸡,Death Knight,Frost,dps,Whisperwind
344,342.2,308291449,11,Mists of Tirna Scithe,2024-11-20T15:23:27.000Z,1529868,1890999,2,"Xal'atath's Bargain: Ascendant, Tyrannical, Challenger's Peril, Fortified",朵朵的小豬豬,Hunter,Survival,dps,Whisperwind
344,342.2,308291449,11,Mists of Tirna Scithe,2024-11-20T15:23:27.000Z,1529868,1890999,2,"Xal'atath's Bargain: Ascendant, Tyrannical, Challenger's Peril, Fortified",尤文,Priest,Discipline,healer,Whisperwind
344,342.2,308291449,11,Mists of Tirna Scithe,2024-11-20T15:23:27.000Z,1529868,1890999,2,"Xal'atath's Bargain: Ascendant, Tyrannical, Challenger's Peril, Fortified",Aieiyouwei,Druid,Guardian,tank,Whisperwind
345,342.2,307729535,11,Mists of Tirna Scithe,2024-11-17T15:09:53.000Z,1530034,1890999,2,"Xal'atath's Bargain: Ascendant, Tyrannical, Challenger's Peril, Fortified",聖光啊,Paladin,Retribution,dps,Nightsong
345,342.2,307729535,11,Mists of Tirna Scithe,2024-11-17T15:09:53.000Z,1530034,1890999,2,"Xal'atath's Bargain: Ascendant, Tyrannical, Challenger's Peril, Fortified",考斯莫斯,Warrior,Protection,tank,Nightsong
345,342.2,307729535,11,Mists of Tirna Scithe,2024-11-17T15:09:53.000Z,1530034,1890999,2,"Xal'atath's Bargain: Ascendant, Tyrannical, Challenger's Peril, Fortified",派对动物,Paladin,Retribution,dps,Nightsong
345,342.2,307729535,11,Mists of Tirna Scithe,2024-11-17T15:09:53.000Z,1530034,1890999,2,"Xal'atath's Bargain: Ascendant, Tyrannical, Challenger's Peril, Fortified",秋绾云,Death Knight,Frost,dps,Nightsong
345,342.2,307729535,11,Mists of Tirna Scithe,2024-11-17T15:09:53.000Z,1530034,1890999,2,"Xal'atath's Bargain: Ascendant, Tyrannical, Challenger's Peril, Fortified",Naymas,Shaman,Restoration,healer,Nightsong
346,342.2,305459191,11,Mists of Tirna Scithe,2024-11-14T13:46:16.000Z,1530398,1890999,2,"Xal'atath's Bargain: Ascendant, Tyrannical, Challenger's Peril, Fortified",鑽大鉗,Paladin,Retribution,dps,Skywall
346,342.2,305459191,11,Mists of Tirna Scithe,2024-11-14T13:46:16.000Z,1530398,1890999,2,"Xal'atath's Bargain: Ascendant, Tyrannical, Challenger's Peril, Fortified",妞牛不會補,Druid,Restoration,healer,Wrathbringer
346,342.2,305459191,11,Mists of Tirna Scithe,2024-11-14T13:46:16.000Z,1530398,1890999,2,"Xal'atath's Bargain: Ascendant, Tyrannical, Challenger's Peril, Fortified",殺頭,Hunter,Beast Mastery,dps,Skywall
346,342.2,305459191,11,Mists of Tirna Scithe,2024-11-14T13:46:16.000Z,1530398,1890999,2,"Xal'atath's Bargain: Ascendant, Tyrannical, Challenger's Peril, Fortified",Gringoire,Death Knight,Unholy,dps,Skywall
346,342.2,305459191,11,Mists of Tirna Scithe,2024-11-14T13:46:16.000Z,1530398,1890999,2,"Xal'atath's Bargain: Ascendant, Tyrannical, Challenger's Peril, Fortified",開怪就倒坦,Paladin,Protection,tank,Skywall
347,342.1,307193487,11,Mists of Tirna Scithe,2024-11-14T18:52:37.000Z,1530842,1890999,2,"Xal'atath's Bargain: Ascendant, Tyrannical, Challenger's Peril, Fortified",甜豆兒,Priest,Discipline,healer,Shadowmoon
347,342.1,307193487,11,Mists of Tirna Scithe,2024-11-14T18:52:37.000Z,1530842,1890999,2,"Xal'atath's Bargain: Ascendant, Tyrannical, Challenger's Peril, Fortified",依阿華,Paladin,Retribution,dps,Shadowmoon
347,342.1,307193487,11,Mists of Tirna Scithe,2024-11-14T18:52:37.000Z,1530842,1890999,2,"Xal'atath's Bargain: Ascendant, Tyrannical, Challenger's Peril, Fortified",英式伯爵奶茶,Shaman,Elemental,dps,Wrathbringer
347,342.1,307193487,11,Mists of Tirna Scithe,2024-11-14T18:52:37.000Z,1530842,1890999,2,"Xal'atath's Bargain: Ascendant, Tyrannical, Challenger's Peril, Fortified",瑪斯,Paladin,Protection,tank,Sundown Marsh
347,342.1,307193487,11,Mists of Tirna Scithe,2024-11-14T18:52:37.000Z,1530842,1890999,2,"Xal'atath's Bargain: Ascendant, Tyrannical, Challenger's Peril, Fortified",Bambi,Druid,Balance,dps,Nightsong
348,342.1,307711986,11,Mists of Tirna Scithe,2024-11-17T13:16:10.000Z,1531939,1890999,1,"Xal'atath's Bargain: Ascendant, Tyrannical, Challenger's Peril, Fortified",幸羽織,Mage,Frost,dps,Bleeding Hollow
348,342.1,307711986,11,Mists of Tirna Scithe,2024-11-17T13:16:10.000Z,1531939,1890999,1,"Xal'atath's Bargain: Ascendant, Tyrannical, Challenger's Peril, Fortified",騎豬豬看日出,Rogue,Assassination,dps,Whisperwind
348,342.1,307711986,11,Mists of Tirna Scithe,2024-11-17T13:16:10.000Z,1531939,1890999,1,"Xal'atath's Bargain: Ascendant, Tyrannical, Challenger's Peril, Fortified",Terence,Death Knight,Blood,tank,Frostmane
348,342.1,307711986,11,Mists of Tirna Scithe,2024-11-17T13:16:10.000Z,1531939,1890999,1,"Xal'atath's Bargain: Ascendant, Tyrannical, Challenger's Peril, Fortified",Cerejeira,Monk,Mistweaver,healer,Frostmane
348,342.1,307711986,11,Mists of Tirna Scithe,2024-11-17T13:16:10.000Z,1531939,1890999,1,"Xal'atath's Bargain: Ascendant, Tyrannical, Challenger's Peril, Fortified",墮落臭豆腐,Demon Hunter,Havoc,dps,Zealot Blade
349,342.1,302710441,11,Mists of Tirna Scithe,2024-10-25T07:58:56.000Z,1532491,1890999,1,"Xal'atath's Bargain: Ascendant, Fortified, Challenger's Peril, Tyrannical",Bulls,Warrior,Protection,tank,Zealot Blade
349,342.1,302710441,11,Mists of Tirna Scithe,2024-10-25T07:58:56.000Z,1532491,1890999,1,"Xal'atath's Bargain: Ascendant, Fortified, Challenger's Peril, Tyrannical",Ruth,Shaman,Elemental,dps,Stormscale
349,342.1,302710441,11,Mists of Tirna Scithe,2024-10-25T07:58:56.000Z,1532491,1890999,1,"Xal'atath's Bargain: Ascendant, Fortified, Challenger's Peril, Tyrannical",Redhood,Death Knight,Frost,dps,Menethil
349,342.1,302710441,11,Mists of Tirna Scithe,2024-10-25T07:58:56.000Z,1532491,1890999,1,"Xal'atath's Bargain: Ascendant, Fortified, Challenger's Peril, Tyrannical",Torrent,Shaman,Restoration,healer,Menethil
349,342.1,302710441,11,Mists of Tirna Scithe,2024-10-25T07:58:56.000Z,1532491,1890999,1,"Xal'atath's Bargain: Ascendant, Fortified, Challenger's Peril, Tyrannical",淺若清月-229900082,Paladin,Retribution,dps,Sundown Marsh
350,342.1,307499528,11,Mists of Tirna Scithe,2024-11-16T14:03:02.000Z,1532529,1890999,1,"Xal'atath's Bargain: Ascendant, Tyrannical, Challenger's Peril, Fortified",幔珠沙華,Paladin,Holy,healer,Wrathbringer
350,342.1,307499528,11,Mists of Tirna Scithe,2024-11-16T14:03:02.000Z,1532529,1890999,1,"Xal'atath's Bargain: Ascendant, Tyrannical, Challenger's Peril, Fortified",噗噗胖哥,Demon Hunter,Havoc,dps,Wrathbringer
350,342.1,307499528,11,Mists of Tirna Scithe,2024-11-16T14:03:02.000Z,1532529,1890999,1,"Xal'atath's Bargain: Ascendant, Tyrannical, Challenger's Peril, Fortified",Wildhunt,Death Knight,Unholy,dps,Wrathbringer
350,342.1,307499528,11,Mists of Tirna Scithe,2024-11-16T14:03:02.000Z,1532529,1890999,1,"Xal'atath's Bargain: Ascendant, Tyrannical, Challenger's Peril, Fortified",牛僧儒,Monk,Windwalker,dps,Wrathbringer
350,342.1,307499528,11,Mists of Tirna Scithe,2024-11-16T14:03:02.000Z,1532529,1890999,1,"Xal'atath's Bargain: Ascendant, Tyrannical, Challenger's Peril, Fortified",甘達爾夫,Warrior,Protection,tank,Wrathbringer
351,342.1,303255236,11,Mists of Tirna Scithe,2024-10-27T19:08:57.000Z,1532613,1890999,1,"Xal'atath's Bargain: Ascendant, Fortified, Challenger's Peril, Tyrannical",米粒,Mage,Frost,dps,Arthas
351,342.1,303255236,11,Mists of Tirna Scithe,2024-10-27T19:08:57.000Z,1532613,1890999,1,"Xal'atath's Bargain: Ascendant, Fortified, Challenger's Peril, Tyrannical",觀禮僻士,Rogue,Assassination,dps,Nightsong
351,342.1,303255236,11,Mists of Tirna Scithe,2024-10-27T19:08:57.000Z,1532613,1890999,1,"Xal'atath's Bargain: Ascendant, Fortified, Challenger's Peril, Tyrannical",哈啾啾,Druid,Restoration,healer,Crystalpine Stinger
351,342.1,303255236,11,Mists of Tirna Scithe,2024-10-27T19:08:57.000Z,1532613,1890999,1,"Xal'atath's Bargain: Ascendant, Fortified, Challenger's Peril, Tyrannical",夏日蜜蘋果酒,Paladin,Retribution,dps,Icecrown
351,342.1,303255236,11,Mists of Tirna Scithe,2024-10-27T19:08:57.000Z,1532613,1890999,1,"Xal'atath's Bargain: Ascendant, Fortified, Challenger's Peril, Tyrannical",Shmyi,Paladin,Protection,tank,Stormscale
352,342.1,307437357,11,Mists of Tirna Scithe,2024-11-16T03:06:22.000Z,1534391,1890999,1,"Xal'atath's Bargain: Ascendant, Tyrannical, Challenger's Peril, Fortified",黑白夜色,Hunter,Survival,dps,Shadowmoon
352,342.1,307437357,11,Mists of Tirna Scithe,2024-11-16T03:06:22.000Z,1534391,1890999,1,"Xal'atath's Bargain: Ascendant, Tyrannical, Challenger's Peril, Fortified",一溟伢一,Druid,Restoration,healer,Shadowmoon
352,342.1,307437357,11,Mists of Tirna Scithe,2024-11-16T03:06:22.000Z,1534391,1890999,1,"Xal'atath's Bargain: Ascendant, Tyrannical, Challenger's Peril, Fortified",星界法師,Mage,Frost,dps,Shadowmoon
352,342.1,307437357,11,Mists of Tirna Scithe,2024-11-16T03:06:22.000Z,1534391,1890999,1,"Xal'atath's Bargain: Ascendant, Tyrannical, Challenger's Peril, Fortified",貓貓玩毛線,Paladin,Retribution,dps,Silverwing Hold
352,342.1,307437357,11,Mists of Tirna Scithe,2024-11-16T03:06:22.000Z,1534391,1890999,1,"Xal'atath's Bargain: Ascendant, Tyrannical, Challenger's Peril, Fortified",超級雙蛋瓦斯,Paladin,Protection,tank,Shadowmoon
353,342.1,307527359,11,Mists of Tirna Scithe,2024-11-16T16:27:19.000Z,1534930,1890999,1,"Xal'atath's Bargain: Ascendant, Tyrannical, Challenger's Peril, Fortified",風伝,Shaman,Restoration,healer,Frostmane
353,342.1,307527359,11,Mists of Tirna Scithe,2024-11-16T16:27:19.000Z,1534930,1890999,1,"Xal'atath's Bargain: Ascendant, Tyrannical, Challenger's Peril, Fortified",Evans,Mage,Frost,dps,World Tree
353,342.1,307527359,11,Mists of Tirna Scithe,2024-11-16T16:27:19.000Z,1534930,1890999,1,"Xal'atath's Bargain: Ascendant, Tyrannical, Challenger's Peril, Fortified",咕咕鴿,Druid,Balance,dps,Frostmane
353,342.1,307527359,11,Mists of Tirna Scithe,2024-11-16T16:27:19.000Z,1534930,1890999,1,"Xal'atath's Bargain: Ascendant, Tyrannical, Challenger's Peril, Fortified",Deltaht,Hunter,Beast Mastery,dps,Menethil
353,342.1,307527359,11,Mists of Tirna Scithe,2024-11-16T16:27:19.000Z,1534930,1890999,1,"Xal'atath's Bargain: Ascendant, Tyrannical, Challenger's Peril, Fortified",冰封之嵐,Paladin,Protection,tank,Frostmane
354,342.1,307334602,11,Mists of Tirna Scithe,2024-11-15T16:24:40.000Z,1535159,1890999,1,"Xal'atath's Bargain: Ascendant, Tyrannical, Challenger's Peril, Fortified",Shakalaka,Hunter,Beast Mastery,dps,Crystalpine Stinger
354,342.1,307334602,11,Mists of Tirna Scithe,2024-11-15T16:24:40.000Z,1535159,1890999,1,"Xal'atath's Bargain: Ascendant, Tyrannical, Challenger's Peril, Fortified",烤肉仔,Druid,Restoration,healer,Crystalpine Stinger
354,342.1,307334602,11,Mists of Tirna Scithe,2024-11-15T16:24:40.000Z,1535159,1890999,1,"Xal'atath's Bargain: Ascendant, Tyrannical, Challenger's Peril, Fortified",一袋胡椒,Warlock,Demonology,dps,Crystalpine Stinger
354,342.1,307334602,11,Mists of Tirna Scithe,2024-11-15T16:24:40.000Z,1535159,1890999,1,"Xal'atath's Bargain: Ascendant, Tyrannical, Challenger's Peril, Fortified",夜暮星,Death Knight,Blood,tank,Crystalpine Stinger
354,342.1,307334602,11,Mists of Tirna Scithe,2024-11-15T16:24:40.000Z,1535159,1890999,1,"Xal'atath's Bargain: Ascendant, Tyrannical, Challenger's Peril, Fortified",Megasnow,Death Knight,Unholy,dps,Crystalpine Stinger
355,342.1,303383263,11,Mists of Tirna Scithe,2024-10-28T07:38:29.000Z,1535191,1890999,1,"Xal'atath's Bargain: Ascendant, Fortified, Challenger's Peril, Tyrannical",月色琉璃,Shaman,Restoration,healer,Shadowmoon
355,342.1,303383263,11,Mists of Tirna Scithe,2024-10-28T07:38:29.000Z,1535191,1890999,1,"Xal'atath's Bargain: Ascendant, Fortified, Challenger's Peril, Tyrannical",Tapas,Hunter,Beast Mastery,dps,Menethil
355,342.1,303383263,11,Mists of Tirna Scithe,2024-10-28T07:38:29.000Z,1535191,1890999,1,"Xal'atath's Bargain: Ascendant, Fortified, Challenger's Peril, Tyrannical",傲冥塵,Paladin,Retribution,dps,Menethil
355,342.1,303383263,11,Mists of Tirna Scithe,2024-10-28T07:38:29.000Z,1535191,1890999,1,"Xal'atath's Bargain: Ascendant, Fortified, Challenger's Peril, Tyrannical",Eason,Paladin,Protection,tank,Bleeding Hollow
355,342.1,303383263,11,Mists of Tirna Scithe,2024-10-28T07:38:29.000Z,1535191,1890999,1,"Xal'atath's Bargain: Ascendant, Fortified, Challenger's Peril, Tyrannical",轉角閃到腰,Mage,Frost,dps,Chillwind Point
356,342.1,302695412,11,Mists of Tirna Scithe,2024-10-25T17:37:22.000Z,1535468,1890999,1,"Xal'atath's Bargain: Ascendant, Fortified, Challenger's Peril, Tyrannical",給你一針科興,Priest,Discipline,healer,Crystalpine Stinger
356,342.1,302695412,11,Mists of Tirna Scithe,2024-10-25T17:37:22.000Z,1535468,1890999,1,"Xal'atath's Bargain: Ascendant, Fortified, Challenger's Peril, Tyrannical",只差億點點,Demon Hunter,Vengeance,tank,Crystalpine Stinger
356,342.1,302695412,11,Mists of Tirna Scithe,2024-10-25T17:37:22.000Z,1535468,1890999,1,"Xal'atath's Bargain: Ascendant, Fortified, Challenger's Peril, Tyrannical",寄雲,Hunter,Survival,dps,Whisperwind
356,342.1,302695412,11,Mists of Tirna Scithe,2024-10-25T17:37:22.000Z,1535468,1890999,1,"Xal'atath's Bargain: Ascendant, Fortified, Challenger's Peril, Tyrannical",奧汀玟玟,Warlock,Destruction,dps,Wrathbringer
356,342.1,302695412,11,Mists of Tirna Scithe,2024-10-25T17:37:22.000Z,1535468,1890999,1,"Xal'atath's Bargain: Ascendant, Fortified, Challenger's Peril, Tyrannical",又爛又嘴砲,Paladin,Retribution,dps,Crystalpine Stinger
357,342,302978452,11,Mists of Tirna Scithe,2024-10-26T18:00:06.000Z,1535502,1890999,1,"Xal'atath's Bargain: Ascendant, Fortified, Challenger's Peril, Tyrannical",一千減七,Warlock,Demonology,dps,Sundown Marsh
357,342,302978452,11,Mists of Tirna Scithe,2024-10-26T18:00:06.000Z,1535502,1890999,1,"Xal'atath's Bargain: Ascendant, Fortified, Challenger's Peril, Tyrannical",桂花烏龍茶,Priest,Shadow,dps,Dragonmaw
357,342,302978452,11,Mists of Tirna Scithe,2024-10-26T18:00:06.000Z,1535502,1890999,1,"Xal'atath's Bargain: Ascendant, Fortified, Challenger's Peril, Tyrannical",森里螢一,Paladin,Protection,tank,Crystalpine Stinger
357,342,302978452,11,Mists of Tirna Scithe,2024-10-26T18:00:06.000Z,1535502,1890999,1,"Xal'atath's Bargain: Ascendant, Fortified, Challenger's Peril, Tyrannical",風冥殺神,Shaman,Restoration,healer,Crystalpine Stinger
357,342,302978452,11,Mists of Tirna Scithe,2024-10-26T18:00:06.000Z,1535502,1890999,1,"Xal'atath's Bargain: Ascendant, Fortified, Challenger's Peril, Tyrannical",豆腐雞腩飯-229981152,Druid,Balance,dps,Crystalpine Stinger
358,342,303439715,11,Mists of Tirna Scithe,2024-10-28T14:54:57.000Z,1535513,1890999,1,"Xal'atath's Bargain: Ascendant, Fortified, Challenger's Peril, Tyrannical",隱藏胸器,Paladin,Retribution,dps,Silverwing Hold
358,342,303439715,11,Mists of Tirna Scithe,2024-10-28T14:54:57.000Z,1535513,1890999,1,"Xal'atath's Bargain: Ascendant, Fortified, Challenger's Peril, Tyrannical",Palii,Monk,Brewmaster,tank,Sundown Marsh
358,342,303439715,11,Mists of Tirna Scithe,2024-10-28T14:54:57.000Z,1535513,1890999,1,"Xal'atath's Bargain: Ascendant, Fortified, Challenger's Peril, Tyrannical",鳳龍饕餮,Shaman,Restoration,healer,Skywall
358,342,303439715,11,Mists of Tirna Scithe,2024-10-28T14:54:57.000Z,1535513,1890999,1,"Xal'atath's Bargain: Ascendant, Fortified, Challenger's Peril, Tyrannical",波比狗狗,Warrior,Arms,dps,Wrathbringer
358,342,303439715,11,Mists of Tirna Scithe,2024-10-28T14:54:57.000Z,1535513,1890999,1,"Xal'atath's Bargain: Ascendant, Fortified, Challenger's Peril, Tyrannical",Rweq,Hunter,Survival,dps,Arthas
359,342,303706269,11,Mists of Tirna Scithe,2024-10-29T19:16:51.000Z,1535941,1890999,1,"Xal'atath's Bargain: Ascendant, Fortified, Challenger's Peril, Tyrannical",晨曦優優,Shaman,Restoration,healer,Nightsong
359,342,303706269,11,Mists of Tirna Scithe,2024-10-29T19:16:51.000Z,1535941,1890999,1,"Xal'atath's Bargain: Ascendant, Fortified, Challenger's Peril, Tyrannical",Valardohaer,Mage,Frost,dps,Shadowmoon
359,342,303706269,11,Mists of Tirna Scithe,2024-10-29T19:16:51.000Z,1535941,1890999,1,"Xal'atath's Bargain: Ascendant, Fortified, Challenger's Peril, Tyrannical",Chasmoon,Warrior,Protection,tank,Whisperwind
359,342,303706269,11,Mists of Tirna Scithe,2024-10-29T19:16:51.000Z,1535941,1890999,1,"Xal'atath's Bargain: Ascendant, Fortified, Challenger's Peril, Tyrannical",AnonD9C2B22,Evoker,Augmentation,dps,Anonymous
359,342,303706269,11,Mists of Tirna Scithe,2024-10-29T19:16:51.000Z,1535941,1890999,1,"Xal'atath's Bargain: Ascendant, Fortified, Challenger's Peril, Tyrannical",有娜呀,Death Knight,Frost,dps,Shadowmoon
360,342,307326541,11,Mists of Tirna Scithe,2024-11-15T15:10:25.000Z,1535955,1890999,1,"Xal'atath's Bargain: Ascendant, Tyrannical, Challenger's Peril, Fortified",阿琦,Paladin,Protection,tank,Arthas
360,342,307326541,11,Mists of Tirna Scithe,2024-11-15T15:10:25.000Z,1535955,1890999,1,"Xal'atath's Bargain: Ascendant, Tyrannical, Challenger's Peril, Fortified",Cestero,Priest,Discipline,healer,Silverwing Hold
360,342,307326541,11,Mists of Tirna Scithe,2024-11-15T15:10:25.000Z,1535955,1890999,1,"Xal'atath's Bargain: Ascendant, Tyrannical, Challenger's Peril, Fortified",紅柚氣泡水,Paladin,Retribution,dps,Quel'dorei
360,342,307326541,11,Mists of Tirna Scithe,2024-11-15T15:10:25.000Z,1535955,1890999,1,"Xal'atath's Bargain: Ascendant, Tyrannical, Challenger's Peril, Fortified",Yokasora,Mage,Frost,dps,Shadowmoon
360,342,307326541,11,Mists of Tirna Scithe,2024-11-15T15:10:25.000Z,1535955,1890999,1,"Xal'atath's Bargain: Ascendant, Tyrannical, Challenger's Peril, Fortified",莎莎伊夏,Shaman,Elemental,dps,Zealot Blade
361,342,302708124,11,Mists of Tirna Scithe,2024-10-25T18:46:40.000Z,1535962,1890999,1,"Xal'atath's Bargain: Ascendant, Fortified, Challenger's Peril, Tyrannical",哈妮熊,Shaman,Restoration,healer,Crystalpine Stinger
361,342,302708124,11,Mists of Tirna Scithe,2024-10-25T18:46:40.000Z,1535962,1890999,1,"Xal'atath's Bargain: Ascendant, Fortified, Challenger's Peril, Tyrannical",惡小液,Paladin,Protection,tank,Arthas
361,342,302708124,11,Mists of Tirna Scithe,2024-10-25T18:46:40.000Z,1535962,1890999,1,"Xal'atath's Bargain: Ascendant, Fortified, Challenger's Peril, Tyrannical",惡小尼,Paladin,Retribution,dps,Wrathbringer
361,342,302708124,11,Mists of Tirna Scithe,2024-10-25T18:46:40.000Z,1535962,1890999,1,"Xal'atath's Bargain: Ascendant, Fortified, Challenger's Peril, Tyrannical",Toothdecay,Death Knight,Frost,dps,Frostmane
361,342,302708124,11,Mists of Tirna Scithe,2024-10-25T18:46:40.000Z,1535962,1890999,1,"Xal'atath's Bargain: Ascendant, Fortified, Challenger's Peril, Tyrannical",惡小鐵,Shaman,Elemental,dps,Crystalpine Stinger
362,342,307531626,11,Mists of Tirna Scithe,2024-11-16T16:53:31.000Z,1536853,1890999,1,"Xal'atath's Bargain: Ascendant, Tyrannical, Challenger's Peril, Fortified",紫夜狩魔,Demon Hunter,Vengeance,tank,Spirestone
362,342,307531626,11,Mists of Tirna Scithe,2024-11-16T16:53:31.000Z,1536853,1890999,1,"Xal'atath's Bargain: Ascendant, Tyrannical, Challenger's Peril, Fortified",Cr,Paladin,Retribution,dps,Menethil
362,342,307531626,11,Mists of Tirna Scithe,2024-11-16T16:53:31.000Z,1536853,1890999,1,"Xal'atath's Bargain: Ascendant, Tyrannical, Challenger's Peril, Fortified",Elhazard,Priest,Discipline,healer,Wrathbringer
362,342,307531626,11,Mists of Tirna Scithe,2024-11-16T16:53:31.000Z,1536853,1890999,1,"Xal'atath's Bargain: Ascendant, Tyrannical, Challenger's Peril, Fortified",段風,Warlock,Affliction,dps,Wrathbringer
362,342,307531626,11,Mists of Tirna Scithe,2024-11-16T16:53:31.000Z,1536853,1890999,1,"Xal'atath's Bargain: Ascendant, Tyrannical, Challenger's Peril, Fortified",Lawrxo,Mage,Arcane,dps,Spirestone
363,342,307184804,11,Mists of Tirna Scithe,2024-11-14T17:54:17.000Z,1536858,1890999,1,"Xal'atath's Bargain: Ascendant, Tyrannical, Challenger's Peril, Fortified",詩靈,Warlock,Destruction,dps,Shadowmoon
363,342,307184804,11,Mists of Tirna Scithe,2024-11-14T17:54:17.000Z,1536858,1890999,1,"Xal'atath's Bargain: Ascendant, Tyrannical, Challenger's Peril, Fortified",Rrabbit,Shaman,Elemental,dps,Shadowmoon
363,342,307184804,11,Mists of Tirna Scithe,2024-11-14T17:54:17.000Z,1536858,1890999,1,"Xal'atath's Bargain: Ascendant, Tyrannical, Challenger's Peril, Fortified",飄飄鼠,Mage,Frost,dps,Shadowmoon
363,342,307184804,11,Mists of Tirna Scithe,2024-11-14T17:54:17.000Z,1536858,1890999,1,"Xal'atath's Bargain: Ascendant, Tyrannical, Challenger's Peril, Fortified",還我寂寞盛夏,Death Knight,Blood,tank,Shadowmoon
363,342,307184804,11,Mists of Tirna Scithe,2024-11-14T17:54:17.000Z,1536858,1890999,1,"Xal'atath's Bargain: Ascendant, Tyrannical, Challenger's Peril, Fortified",AnonC499E53,Priest,Discipline,healer,Anonymous
364,342,303090999,11,Mists of Tirna Scithe,2024-10-27T02:34:37.000Z,1536864,1890999,1,"Xal'atath's Bargain: Ascendant, Fortified, Challenger's Peril, Tyrannical",部落神賊,Rogue,Assassination,dps,Crystalpine Stinger
364,342,303090999,11,Mists of Tirna Scithe,2024-10-27T02:34:37.000Z,1536864,1890999,1,"Xal'atath's Bargain: Ascendant, Fortified, Challenger's Peril, Tyrannical",月光惡魔,Demon Hunter,Vengeance,tank,Shadowmoon
364,342,303090999,11,Mists of Tirna Scithe,2024-10-27T02:34:37.000Z,1536864,1890999,1,"Xal'atath's Bargain: Ascendant, Fortified, Challenger's Peril, Tyrannical",小兔子寶寶,Paladin,Retribution,dps,Arthas
364,342,303090999,11,Mists of Tirna Scithe,2024-10-27T02:34:37.000Z,1536864,1890999,1,"Xal'atath's Bargain: Ascendant, Fortified, Challenger's Peril, Tyrannical",Dôvahkiin,Evoker,Preservation,healer,Shadowmoon
364,342,303090999,11,Mists of Tirna Scithe,2024-10-27T02:34:37.000Z,1536864,1890999,1,"Xal'atath's Bargain: Ascendant, Fortified, Challenger's Peril, Tyrannical",少林閃到腰,Warlock,Demonology,dps,Crystalpine Stinger
365,342,303432300,11,Mists of Tirna Scithe,2024-10-28T16:00:19.000Z,1537099,1890999,1,"Xal'atath's Bargain: Ascendant, Fortified, Challenger's Peril, Tyrannical",射滷雞之箭,Hunter,Beast Mastery,dps,Frostmane
365,342,303432300,11,Mists of Tirna Scithe,2024-10-28T16:00:19.000Z,1537099,1890999,1,"Xal'atath's Bargain: Ascendant, Fortified, Challenger's Peril, Tyrannical",燃魂薩克,Warlock,Affliction,dps,Menethil
365,342,303432300,11,Mists of Tirna Scithe,2024-10-28T16:00:19.000Z,1537099,1890999,1,"Xal'atath's Bargain: Ascendant, Fortified, Challenger's Peril, Tyrannical",曾經我也想過,Demon Hunter,Vengeance,tank,Bleeding Hollow
365,342,303432300,11,Mists of Tirna Scithe,2024-10-28T16:00:19.000Z,1537099,1890999,1,"Xal'atath's Bargain: Ascendant, Fortified, Challenger's Peril, Tyrannical",喵小美,Shaman,Restoration,healer,Frostmane
365,342,303432300,11,Mists of Tirna Scithe,2024-10-28T16:00:19.000Z,1537099,1890999,1,"Xal'atath's Bargain: Ascendant, Fortified, Challenger's Peril, Tyrannical",Zivos,Death Knight,Unholy,dps,Crystalpine Stinger
366,342,307508848,11,Mists of Tirna Scithe,2024-11-16T14:00:14.000Z,1537368,1890999,1,"Xal'atath's Bargain: Ascendant, Tyrannical, Challenger's Peril, Fortified",奶油培根麵,Paladin,Retribution,dps,Shadowmoon
366,342,307508848,11,Mists of Tirna Scithe,2024-11-16T14:00:14.000Z,1537368,1890999,1,"Xal'atath's Bargain: Ascendant, Tyrannical, Challenger's Peril, Fortified",Sodamn,Death Knight,Unholy,dps,World Tree
366,342,307508848,11,Mists of Tirna Scithe,2024-11-16T14:00:14.000Z,1537368,1890999,1,"Xal'atath's Bargain: Ascendant, Tyrannical, Challenger's Peril, Fortified",Lancefa,Priest,Discipline,healer,Silverwing Hold
366,342,307508848,11,Mists of Tirna Scithe,2024-11-16T14:00:14.000Z,1537368,1890999,1,"Xal'atath's Bargain: Ascendant, Tyrannical, Challenger's Peril, Fortified",未央斯基,Death Knight,Blood,tank,Silverwing Hold
366,342,307508848,11,Mists of Tirna Scithe,2024-11-16T14:00:14.000Z,1537368,1890999,1,"Xal'atath's Bargain: Ascendant, Tyrannical, Challenger's Peril, Fortified",帶你提升裝備,Shaman,Enhancement,dps,Wrathbringer
367,341.9,303837897,11,Mists of Tirna Scithe,2024-10-30T12:40:24.000Z,1540692,1890999,1,"Xal'atath's Bargain: Ascendant, Fortified, Challenger's Peril, Tyrannical",暴斃,Mage,Arcane,dps,Bleeding Hollow
367,341.9,303837897,11,Mists of Tirna Scithe,2024-10-30T12:40:24.000Z,1540692,1890999,1,"Xal'atath's Bargain: Ascendant, Fortified, Challenger's Peril, Tyrannical",始王歧視,Death Knight,Unholy,dps,Stormscale
367,341.9,303837897,11,Mists of Tirna Scithe,2024-10-30T12:40:24.000Z,1540692,1890999,1,"Xal'atath's Bargain: Ascendant, Fortified, Challenger's Peril, Tyrannical",傻傻光,Warrior,Protection,tank,Whisperwind
367,341.9,303837897,11,Mists of Tirna Scithe,2024-10-30T12:40:24.000Z,1540692,1890999,1,"Xal'atath's Bargain: Ascendant, Fortified, Challenger's Peril, Tyrannical",福胖達吳柏毅,Monk,Mistweaver,healer,Shadowmoon
367,341.9,303837897,11,Mists of Tirna Scithe,2024-10-30T12:40:24.000Z,1540692,1890999,1,"Xal'atath's Bargain: Ascendant, Fortified, Challenger's Peril, Tyrannical",黑色猛牛法師,Shaman,Elemental,dps,Stormscale
368,341.9,303103391,11,Mists of Tirna Scithe,2024-10-27T03:18:51.000Z,1541313,1890999,1,"Xal'atath's Bargain: Ascendant, Fortified, Challenger's Peril, Tyrannical",小小花,Shaman,Enhancement,dps,Quel'dorei
368,341.9,303103391,11,Mists of Tirna Scithe,2024-10-27T03:18:51.000Z,1541313,1890999,1,"Xal'atath's Bargain: Ascendant, Fortified, Challenger's Peril, Tyrannical",Ppoo,Demon Hunter,Vengeance,tank,Zealot Blade
368,341.9,303103391,11,Mists of Tirna Scithe,2024-10-27T03:18:51.000Z,1541313,1890999,1,"Xal'atath's Bargain: Ascendant, Fortified, Challenger's Peril, Tyrannical",泰瑞爾小球,Warlock,Destruction,dps,Hellscream
368,341.9,303103391,11,Mists of Tirna Scithe,2024-10-27T03:18:51.000Z,1541313,1890999,1,"Xal'atath's Bargain: Ascendant, Fortified, Challenger's Peril, Tyrannical",冷魅帝姬,Priest,Discipline,healer,Shadowmoon
368,341.9,303103391,11,Mists of Tirna Scithe,2024-10-27T03:18:51.000Z,1541313,1890999,1,"Xal'atath's Bargain: Ascendant, Fortified, Challenger's Peril, Tyrannical",啾雷雞-229472596,Death Knight,Frost,dps,World Tree
369,341.9,307669240,11,Mists of Tirna Scithe,2024-11-17T06:09:35.000Z,1542554,1890999,1,"Xal'atath's Bargain: Ascendant, Tyrannical, Challenger's Peril, Fortified",沒有為什麼,Death Knight,Frost,dps,Skywall
369,341.9,307669240,11,Mists of Tirna Scithe,2024-11-17T06:09:35.000Z,1542554,1890999,1,"Xal'atath's Bargain: Ascendant, Tyrannical, Challenger's Peril, Fortified",暴風城歩兵,Warrior,Protection,tank,Shadowmoon
369,341.9,307669240,11,Mists of Tirna Scithe,2024-11-17T06:09:35.000Z,1542554,1890999,1,"Xal'atath's Bargain: Ascendant, Tyrannical, Challenger's Peril, Fortified",飀雲,Warrior,Fury,dps,Light's Hope
369,341.9,307669240,11,Mists of Tirna Scithe,2024-11-17T06:09:35.000Z,1542554,1890999,1,"Xal'atath's Bargain: Ascendant, Tyrannical, Challenger's Peril, Fortified",Frostypal,Paladin,Retribution,dps,Arygos
369,341.9,307669240,11,Mists of Tirna Scithe,2024-11-17T06:09:35.000Z,1542554,1890999,1,"Xal'atath's Bargain: Ascendant, Tyrannical, Challenger's Peril, Fortified",柿不兩莉,Shaman,Restoration,healer,Shadowmoon
370,341.9,307174791,11,Mists of Tirna Scithe,2024-11-14T16:28:35.000Z,1543442,1890999,1,"Xal'atath's Bargain: Ascendant, Tyrannical, Challenger's Peril, Fortified",姐姐我還要,Priest,Discipline,healer,Crystalpine Stinger
370,341.9,307174791,11,Mists of Tirna Scithe,2024-11-14T16:28:35.000Z,1543442,1890999,1,"Xal'atath's Bargain: Ascendant, Tyrannical, Challenger's Peril, Fortified",暴走羊咩咩,Warrior,Protection,tank,Quel'dorei
370,341.9,307174791,11,Mists of Tirna Scithe,2024-11-14T16:28:35.000Z,1543442,1890999,1,"Xal'atath's Bargain: Ascendant, Tyrannical, Challenger's Peril, Fortified",喔是喔,Druid,Balance,dps,Shadowmoon
370,341.9,307174791,11,Mists of Tirna Scithe,2024-11-14T16:28:35.000Z,1543442,1890999,1,"Xal'atath's Bargain: Ascendant, Tyrannical, Challenger's Peril, Fortified",羽山檎野,Mage,Frost,dps,Shadowmoon
370,341.9,307174791,11,Mists of Tirna Scithe,2024-11-14T16:28:35.000Z,1543442,1890999,1,"Xal'atath's Bargain: Ascendant, Tyrannical, Challenger's Peril, Fortified",懲愛,Paladin,Retribution,dps,Whisperwind
371,341.9,302706239,11,Mists of Tirna Scithe,2024-10-25T12:24:20.000Z,1544169,1890999,1,"Xal'atath's Bargain: Ascendant, Fortified, Challenger's Peril, Tyrannical",姬娜,Shaman,Enhancement,dps,Shadowmoon
371,341.9,302706239,11,Mists of Tirna Scithe,2024-10-25T12:24:20.000Z,1544169,1890999,1,"Xal'atath's Bargain: Ascendant, Fortified, Challenger's Peril, Tyrannical",荷朵芭,Demon Hunter,Havoc,dps,Wrathbringer
371,341.9,302706239,11,Mists of Tirna Scithe,2024-10-25T12:24:20.000Z,1544169,1890999,1,"Xal'atath's Bargain: Ascendant, Fortified, Challenger's Peril, Tyrannical",香草雞米花-95505031,Priest,Discipline,healer,Shadowmoon
371,341.9,302706239,11,Mists of Tirna Scithe,2024-10-25T12:24:20.000Z,1544169,1890999,1,"Xal'atath's Bargain: Ascendant, Fortified, Challenger's Peril, Tyrannical",丟個球球,Paladin,Retribution,dps,Wrathbringer
371,341.9,302706239,11,Mists of Tirna Scithe,2024-10-25T12:24:20.000Z,1544169,1890999,1,"Xal'atath's Bargain: Ascendant, Fortified, Challenger's Peril, Tyrannical",鐵支路等一人,Paladin,Protection,tank,Chillwind Point
372,341.9,307672968,11,Mists of Tirna Scithe,2024-11-17T07:18:47.000Z,1544296,1890999,1,"Xal'atath's Bargain: Ascendant, Tyrannical, Challenger's Peril, Fortified",霸龍仔,Death Knight,Unholy,dps,Chillwind Point
372,341.9,307672968,11,Mists of Tirna Scithe,2024-11-17T07:18:47.000Z,1544296,1890999,1,"Xal'atath's Bargain: Ascendant, Tyrannical, Challenger's Peril, Fortified",天氣姐姐,Mage,Frost,dps,Sundown Marsh
372,341.9,307672968,11,Mists of Tirna Scithe,2024-11-17T07:18:47.000Z,1544296,1890999,1,"Xal'atath's Bargain: Ascendant, Tyrannical, Challenger's Peril, Fortified",福樂錸特,Shaman,Restoration,healer,Bleeding Hollow
372,341.9,307672968,11,Mists of Tirna Scithe,2024-11-17T07:18:47.000Z,1544296,1890999,1,"Xal'atath's Bargain: Ascendant, Tyrannical, Challenger's Peril, Fortified",落葉歸途,Warrior,Protection,tank,Zealot Blade
372,341.9,307672968,11,Mists of Tirna Scithe,2024-11-17T07:18:47.000Z,1544296,1890999,1,"Xal'atath's Bargain: Ascendant, Tyrannical, Challenger's Peril, Fortified",Koshouman,Shaman,Enhancement,dps,Bleeding Hollow
373,341.9,307909206,11,Mists of Tirna Scithe,2024-11-18T13:30:16.000Z,1545372,1890999,1,"Xal'atath's Bargain: Ascendant, Tyrannical, Challenger's Peril, Fortified",連勝芠,Warlock,Destruction,dps,Sundown Marsh
373,341.9,307909206,11,Mists of Tirna Scithe,2024-11-18T13:30:16.000Z,1545372,1890999,1,"Xal'atath's Bargain: Ascendant, Tyrannical, Challenger's Peril, Fortified",聖虧歧視,Paladin,Retribution,dps,Sundown Marsh
373,341.9,307909206,11,Mists of Tirna Scithe,2024-11-18T13:30:16.000Z,1545372,1890999,1,"Xal'atath's Bargain: Ascendant, Tyrannical, Challenger's Peril, Fortified",求求,Demon Hunter,Vengeance,tank,Whisperwind
373,341.9,307909206,11,Mists of Tirna Scithe,2024-11-18T13:30:16.000Z,1545372,1890999,1,"Xal'atath's Bargain: Ascendant, Tyrannical, Challenger's Peril, Fortified",一刀狂風,Warrior,Fury,dps,Sundown Marsh
373,341.9,307909206,11,Mists of Tirna Scithe,2024-11-18T13:30:16.000Z,1545372,1890999,1,"Xal'atath's Bargain: Ascendant, Tyrannical, Challenger's Peril, Fortified",十二郎先生,Shaman,Restoration,healer,Sundown Marsh
374,341.9,302853549,11,Mists of Tirna Scithe,2024-10-26T05:36:13.000Z,1545512,1890999,1,"Xal'atath's Bargain: Ascendant, Fortified, Challenger's Peril, Tyrannical",桜結奈,Priest,Shadow,dps,Light's Hope
374,341.9,302853549,11,Mists of Tirna Scithe,2024-10-26T05:36:13.000Z,1545512,1890999,1,"Xal'atath's Bargain: Ascendant, Fortified, Challenger's Peril, Tyrannical",Okboyk,Death Knight,Frost,dps,Crystalpine Stinger
374,341.9,302853549,11,Mists of Tirna Scithe,2024-10-26T05:36:13.000Z,1545512,1890999,1,"Xal'atath's Bargain: Ascendant, Fortified, Challenger's Peril, Tyrannical",原聆聽,Paladin,Protection,tank,Silverwing Hold
374,341.9,302853549,11,Mists of Tirna Scithe,2024-10-26T05:36:13.000Z,1545512,1890999,1,"Xal'atath's Bargain: Ascendant, Fortified, Challenger's Peril, Tyrannical",小紅鳥,Shaman,Restoration,healer,Light's Hope
374,341.9,302853549,11,Mists of Tirna Scithe,2024-10-26T05:36:13.000Z,1545512,1890999,1,"Xal'atath's Bargain: Ascendant, Fortified, Challenger's Peril, Tyrannical",空心蔡,Paladin,Retribution,dps,Light's Hope
375,341.8,308269510,11,Mists of Tirna Scithe,2024-11-20T12:55:36.000Z,1545706,1890999,1,"Xal'atath's Bargain: Ascendant, Tyrannical, Challenger's Peril, Fortified",天使熊,Death Knight,Blood,tank,Shadowmoon
375,341.8,308269510,11,Mists of Tirna Scithe,2024-11-20T12:55:36.000Z,1545706,1890999,1,"Xal'atath's Bargain: Ascendant, Tyrannical, Challenger's Peril, Fortified",灌骰兔,Priest,Discipline,healer,Shadowmoon
375,341.8,308269510,11,Mists of Tirna Scithe,2024-11-20T12:55:36.000Z,1545706,1890999,1,"Xal'atath's Bargain: Ascendant, Tyrannical, Challenger's Peril, Fortified",風滔夜月,Death Knight,Unholy,dps,Wrathbringer
375,341.8,308269510,11,Mists of Tirna Scithe,2024-11-20T12:55:36.000Z,1545706,1890999,1,"Xal'atath's Bargain: Ascendant, Tyrannical, Challenger's Peril, Fortified",Liudavid,Rogue,Outlaw,dps,Shadowmoon
375,341.8,308269510,11,Mists of Tirna Scithe,2024-11-20T12:55:36.000Z,1545706,1890999,1,"Xal'atath's Bargain: Ascendant, Tyrannical, Challenger's Peril, Fortified",麻枝來打棒球,Druid,Balance,dps,Shadowmoon
376,341.8,307332396,11,Mists of Tirna Scithe,2024-11-15T16:06:55.000Z,1546046,1890999,1,"Xal'atath's Bargain: Ascendant, Tyrannical, Challenger's Peril, Fortified",伊德拉,Druid,Guardian,tank,Arygos
376,341.8,307332396,11,Mists of Tirna Scithe,2024-11-15T16:06:55.000Z,1546046,1890999,1,"Xal'atath's Bargain: Ascendant, Tyrannical, Challenger's Peril, Fortified",道路網,Shaman,Elemental,dps,Frostmane
376,341.8,307332396,11,Mists of Tirna Scithe,2024-11-15T16:06:55.000Z,1546046,1890999,1,"Xal'atath's Bargain: Ascendant, Tyrannical, Challenger's Peril, Fortified",阿爾霏亞,Mage,Frost,dps,Shadowmoon
376,341.8,307332396,11,Mists of Tirna Scithe,2024-11-15T16:06:55.000Z,1546046,1890999,1,"Xal'atath's Bargain: Ascendant, Tyrannical, Challenger's Peril, Fortified",舞芙拉,Priest,Holy,healer,World Tree
376,341.8,307332396,11,Mists of Tirna Scithe,2024-11-15T16:06:55.000Z,1546046,1890999,1,"Xal'atath's Bargain: Ascendant, Tyrannical, Challenger's Peril, Fortified",薇露莎希雅,Death Knight,Unholy,dps,Arygos
377,341.8,307109647,11,Mists of Tirna Scithe,2024-11-14T03:49:19.000Z,1546214,1890999,1,"Xal'atath's Bargain: Ascendant, Tyrannical, Challenger's Peril, Fortified",香草把撲,Hunter,Survival,dps,Light's Hope
377,341.8,307109647,11,Mists of Tirna Scithe,2024-11-14T03:49:19.000Z,1546214,1890999,1,"Xal'atath's Bargain: Ascendant, Tyrannical, Challenger's Peril, Fortified",冬眠熊丶,Warrior,Protection,tank,Wrathbringer
377,341.8,307109647,11,Mists of Tirna Scithe,2024-11-14T03:49:19.000Z,1546214,1890999,1,"Xal'atath's Bargain: Ascendant, Tyrannical, Challenger's Peril, Fortified",天辰狼煞,Mage,Arcane,dps,Demon Fall Canyon
377,341.8,307109647,11,Mists of Tirna Scithe,2024-11-14T03:49:19.000Z,1546214,1890999,1,"Xal'atath's Bargain: Ascendant, Tyrannical, Challenger's Peril, Fortified",玥曦妍,Priest,Discipline,healer,Arygos
377,341.8,307109647,11,Mists of Tirna Scithe,2024-11-14T03:49:19.000Z,1546214,1890999,1,"Xal'atath's Bargain: Ascendant, Tyrannical, Challenger's Peril, Fortified",陸隱,Paladin,Retribution,dps,Crystalpine Stinger
378,341.8,307321788,11,Mists of Tirna Scithe,2024-11-15T14:35:05.000Z,1546636,1890999,1,"Xal'atath's Bargain: Ascendant, Tyrannical, Challenger's Peril, Fortified",承諾永不言悔,Rogue,Assassination,dps,Light's Hope
378,341.8,307321788,11,Mists of Tirna Scithe,2024-11-15T14:35:05.000Z,1546636,1890999,1,"Xal'atath's Bargain: Ascendant, Tyrannical, Challenger's Peril, Fortified",蒙福,Hunter,Beast Mastery,dps,Sundown Marsh
378,341.8,307321788,11,Mists of Tirna Scithe,2024-11-15T14:35:05.000Z,1546636,1890999,1,"Xal'atath's Bargain: Ascendant, Tyrannical, Challenger's Peril, Fortified",貓茶,Shaman,Restoration,healer,Whisperwind
378,341.8,307321788,11,Mists of Tirna Scithe,2024-11-15T14:35:05.000Z,1546636,1890999,1,"Xal'atath's Bargain: Ascendant, Tyrannical, Challenger's Peril, Fortified",宮美春車,Demon Hunter,Vengeance,tank,Frostmane
378,341.8,307321788,11,Mists of Tirna Scithe,2024-11-15T14:35:05.000Z,1546636,1890999,1,"Xal'atath's Bargain: Ascendant, Tyrannical, Challenger's Peril, Fortified",我愛甜蝦麵,Evoker,Augmentation,dps,Sundown Marsh
379,341.8,307301881,11,Mists of Tirna Scithe,2024-11-15T11:45:17.000Z,1547037,1890999,1,"Xal'atath's Bargain: Ascendant, Tyrannical, Challenger's Peril, Fortified",殺戮之儛,Rogue,Assassination,dps,Crystalpine Stinger
379,341.8,307301881,11,Mists of Tirna Scithe,2024-11-15T11:45:17.000Z,1547037,1890999,1,"Xal'atath's Bargain: Ascendant, Tyrannical, Challenger's Peril, Fortified",霜晨月,Paladin,Protection,tank,Skywall
379,341.8,307301881,11,Mists of Tirna Scithe,2024-11-15T11:45:17.000Z,1547037,1890999,1,"Xal'atath's Bargain: Ascendant, Tyrannical, Challenger's Peril, Fortified",你祖罵,Demon Hunter,Havoc,dps,Arygos
379,341.8,307301881,11,Mists of Tirna Scithe,2024-11-15T11:45:17.000Z,1547037,1890999,1,"Xal'atath's Bargain: Ascendant, Tyrannical, Challenger's Peril, Fortified",Dman,Shaman,Restoration,healer,Arthas
379,341.8,307301881,11,Mists of Tirna Scithe,2024-11-15T11:45:17.000Z,1547037,1890999,1,"Xal'atath's Bargain: Ascendant, Tyrannical, Challenger's Peril, Fortified",Tyrano,Shaman,Enhancement,dps,Sundown Marsh
380,341.8,302948127,11,Mists of Tirna Scithe,2024-10-26T15:17:26.000Z,1547110,1890999,1,"Xal'atath's Bargain: Ascendant, Fortified, Challenger's Peril, Tyrannical",好大隻熊呀,Druid,Guardian,tank,Light's Hope
380,341.8,302948127,11,Mists of Tirna Scithe,2024-10-26T15:17:26.000Z,1547110,1890999,1,"Xal'atath's Bargain: Ascendant, Fortified, Challenger's Peril, Tyrannical",女并豆頁,Death Knight,Frost,dps,Icecrown
380,341.8,302948127,11,Mists of Tirna Scithe,2024-10-26T15:17:26.000Z,1547110,1890999,1,"Xal'atath's Bargain: Ascendant, Fortified, Challenger's Peril, Tyrannical",妮格爾,Mage,Arcane,dps,Arthas
380,341.8,302948127,11,Mists of Tirna Scithe,2024-10-26T15:17:26.000Z,1547110,1890999,1,"Xal'atath's Bargain: Ascendant, Fortified, Challenger's Peril, Tyrannical",Giggles,Warlock,Destruction,dps,Demon Fall Canyon
380,341.8,302948127,11,Mists of Tirna Scithe,2024-10-26T15:17:26.000Z,1547110,1890999,1,"Xal'atath's Bargain: Ascendant, Fortified, Challenger's Peril, Tyrannical",甜甜香菜,Shaman,Restoration,healer,Arthas
381,341.8,307112887,11,Mists of Tirna Scithe,2024-11-14T04:24:46.000Z,1547252,1890999,1,"Xal'atath's Bargain: Ascendant, Tyrannical, Challenger's Peril, Fortified",貝魯洛斯,Paladin,Retribution,dps,Shadowmoon
381,341.8,307112887,11,Mists of Tirna Scithe,2024-11-14T04:24:46.000Z,1547252,1890999,1,"Xal'atath's Bargain: Ascendant, Tyrannical, Challenger's Peril, Fortified",賢始皇,Death Knight,Frost,dps,Shadowmoon
381,341.8,307112887,11,Mists of Tirna Scithe,2024-11-14T04:24:46.000Z,1547252,1890999,1,"Xal'atath's Bargain: Ascendant, Tyrannical, Challenger's Peril, Fortified",空禪,Shaman,Elemental,dps,Whisperwind
381,341.8,307112887,11,Mists of Tirna Scithe,2024-11-14T04:24:46.000Z,1547252,1890999,1,"Xal'atath's Bargain: Ascendant, Tyrannical, Challenger's Peril, Fortified",天嵐彗星,Paladin,Holy,healer,Silverwing Hold
381,341.8,307112887,11,Mists of Tirna Scithe,2024-11-14T04:24:46.000Z,1547252,1890999,1,"Xal'atath's Bargain: Ascendant, Tyrannical, Challenger's Peril, Fortified",Nedudu,Druid,Guardian,tank,Quel'dorei
382,341.8,303429873,11,Mists of Tirna Scithe,2024-10-28T14:04:01.000Z,1547296,1890999,1,"Xal'atath's Bargain: Ascendant, Fortified, Challenger's Peril, Tyrannical",小傳說聖騎士,Paladin,Retribution,dps,Shadowmoon
382,341.8,303429873,11,Mists of Tirna Scithe,2024-10-28T14:04:01.000Z,1547296,1890999,1,"Xal'atath's Bargain: Ascendant, Fortified, Challenger's Peril, Tyrannical",Helios,Druid,Balance,dps,Silverwing Hold
382,341.8,303429873,11,Mists of Tirna Scithe,2024-10-28T14:04:01.000Z,1547296,1890999,1,"Xal'atath's Bargain: Ascendant, Fortified, Challenger's Peril, Tyrannical",小魯伊花,Druid,Guardian,tank,Silverwing Hold
382,341.8,303429873,11,Mists of Tirna Scithe,2024-10-28T14:04:01.000Z,1547296,1890999,1,"Xal'atath's Bargain: Ascendant, Fortified, Challenger's Peril, Tyrannical",江將江將,Shaman,Elemental,dps,Silverwing Hold
382,341.8,303429873,11,Mists of Tirna Scithe,2024-10-28T14:04:01.000Z,1547296,1890999,1,"Xal'atath's Bargain: Ascendant, Fortified, Challenger's Peril, Tyrannical",滄夜月,Shaman,Restoration,healer,Sundown Marsh
383,341.8,307456305,11,Mists of Tirna Scithe,2024-11-16T06:08:39.000Z,1547379,1890999,1,"Xal'atath's Bargain: Ascendant, Tyrannical, Challenger's Peril, Fortified",獸環今,Rogue,Assassination,dps,Demon Fall Canyon
383,341.8,307456305,11,Mists of Tirna Scithe,2024-11-16T06:08:39.000Z,1547379,1890999,1,"Xal'atath's Bargain: Ascendant, Tyrannical, Challenger's Peril, Fortified",烏龍綠去冰半,Paladin,Protection,tank,Wrathbringer
383,341.8,307456305,11,Mists of Tirna Scithe,2024-11-16T06:08:39.000Z,1547379,1890999,1,"Xal'atath's Bargain: Ascendant, Tyrannical, Challenger's Peril, Fortified",那個瑞瑞,Priest,Shadow,dps,Shadowmoon
383,341.8,307456305,11,Mists of Tirna Scithe,2024-11-16T06:08:39.000Z,1547379,1890999,1,"Xal'atath's Bargain: Ascendant, Tyrannical, Challenger's Peril, Fortified",踏山河啊杰,Hunter,Marksmanship,dps,Shadowmoon
383,341.8,307456305,11,Mists of Tirna Scithe,2024-11-16T06:08:39.000Z,1547379,1890999,1,"Xal'atath's Bargain: Ascendant, Tyrannical, Challenger's Peril, Fortified",口囗囗口,Shaman,Restoration,healer,Bleeding Hollow
384,341.8,302695876,11,Mists of Tirna Scithe,2024-10-25T17:42:58.000Z,1547473,1890999,1,"Xal'atath's Bargain: Ascendant, Fortified, Challenger's Peril, Tyrannical",小綿羊衝衝,Shaman,Elemental,dps,Sundown Marsh
384,341.8,302695876,11,Mists of Tirna Scithe,2024-10-25T17:42:58.000Z,1547473,1890999,1,"Xal'atath's Bargain: Ascendant, Fortified, Challenger's Peril, Tyrannical",珍夢裡,Shaman,Restoration,healer,Sundown Marsh
384,341.8,302695876,11,Mists of Tirna Scithe,2024-10-25T17:42:58.000Z,1547473,1890999,1,"Xal'atath's Bargain: Ascendant, Fortified, Challenger's Peril, Tyrannical",狐仔,Hunter,Survival,dps,Sundown Marsh
384,341.8,302695876,11,Mists of Tirna Scithe,2024-10-25T17:42:58.000Z,1547473,1890999,1,"Xal'atath's Bargain: Ascendant, Fortified, Challenger's Peril, Tyrannical",Luoxidh,Demon Hunter,Vengeance,tank,Light's Hope
384,341.8,302695876,11,Mists of Tirna Scithe,2024-10-25T17:42:58.000Z,1547473,1890999,1,"Xal'atath's Bargain: Ascendant, Fortified, Challenger's Peril, Tyrannical",七上八薩,Shaman,Enhancement,dps,Demon Fall Canyon
385,341.8,302616584,11,Mists of Tirna Scithe,2024-10-25T03:34:33.000Z,1547999,1890999,1,"Xal'atath's Bargain: Ascendant, Fortified, Challenger's Peril, Tyrannical",巧達欸逼耊,Paladin,Protection,tank,Skywall
385,341.8,302616584,11,Mists of Tirna Scithe,2024-10-25T03:34:33.000Z,1547999,1890999,1,"Xal'atath's Bargain: Ascendant, Fortified, Challenger's Peril, Tyrannical",冬之嵐,Mage,Frost,dps,Sundown Marsh
385,341.8,302616584,11,Mists of Tirna Scithe,2024-10-25T03:34:33.000Z,1547999,1890999,1,"Xal'atath's Bargain: Ascendant, Fortified, Challenger's Peril, Tyrannical",韭菜西米露,Evoker,Preservation,healer,Demon Fall Canyon
385,341.8,302616584,11,Mists of Tirna Scithe,2024-10-25T03:34:33.000Z,1547999,1890999,1,"Xal'atath's Bargain: Ascendant, Fortified, Challenger's Peril, Tyrannical",溴化銻,Paladin,Retribution,dps,Sundown Marsh
385,341.8,302616584,11,Mists of Tirna Scithe,2024-10-25T03:34:33.000Z,1547999,1890999,1,"Xal'atath's Bargain: Ascendant, Fortified, Challenger's Peril, Tyrannical",丶丶維茲-229196086,Death Knight,Frost,dps,Skywall
386,341.8,303194126,11,Mists of Tirna Scithe,2024-10-29T13:46:59.000Z,1548938,1890999,1,"Xal'atath's Bargain: Ascendant, Fortified, Challenger's Peril, Tyrannical",採到玻璃杯,Shaman,Restoration,healer,Stormscale
386,341.8,303194126,11,Mists of Tirna Scithe,2024-10-29T13:46:59.000Z,1548938,1890999,1,"Xal'atath's Bargain: Ascendant, Fortified, Challenger's Peril, Tyrannical",瑞典大厨,Hunter,Survival,dps,World Tree
386,341.8,303194126,11,Mists of Tirna Scithe,2024-10-29T13:46:59.000Z,1548938,1890999,1,"Xal'atath's Bargain: Ascendant, Fortified, Challenger's Peril, Tyrannical",母牛萬萬歲,Death Knight,Frost,dps,Zealot Blade
386,341.8,303194126,11,Mists of Tirna Scithe,2024-10-29T13:46:59.000Z,1548938,1890999,1,"Xal'atath's Bargain: Ascendant, Fortified, Challenger's Peril, Tyrannical",尛龍龍,Evoker,Augmentation,dps,Whisperwind
386,341.8,303194126,11,Mists of Tirna Scithe,2024-10-29T13:46:59.000Z,1548938,1890999,1,"Xal'atath's Bargain: Ascendant, Fortified, Challenger's Peril, Tyrannical",夏希夏井-229953784,Warrior,Protection,tank,Whisperwind
387,341.8,303439671,11,Mists of Tirna Scithe,2024-10-30T15:42:35.000Z,1549266,1890999,1,"Xal'atath's Bargain: Ascendant, Fortified, Challenger's Peril, Tyrannical",鴨爺霸氣側漏,Monk,Brewmaster,tank,Light's Hope
387,341.8,303439671,11,Mists of Tirna Scithe,2024-10-30T15:42:35.000Z,1549266,1890999,1,"Xal'atath's Bargain: Ascendant, Fortified, Challenger's Peril, Tyrannical",好野狼,Warlock,Demonology,dps,Skywall
387,341.8,303439671,11,Mists of Tirna Scithe,2024-10-30T15:42:35.000Z,1549266,1890999,1,"Xal'atath's Bargain: Ascendant, Fortified, Challenger's Peril, Tyrannical",蕥珞,Druid,Restoration,healer,Skywall
387,341.8,303439671,11,Mists of Tirna Scithe,2024-10-30T15:42:35.000Z,1549266,1890999,1,"Xal'atath's Bargain: Ascendant, Fortified, Challenger's Peril, Tyrannical",朔日六花,Mage,Frost,dps,Skywall
387,341.8,303439671,11,Mists of Tirna Scithe,2024-10-30T15:42:35.000Z,1549266,1890999,1,"Xal'atath's Bargain: Ascendant, Fortified, Challenger's Peril, Tyrannical",喜多沫沫卡,Death Knight,Unholy,dps,Light's Hope
388,341.8,307121050,11,Mists of Tirna Scithe,2024-11-14T05:55:02.000Z,1549960,1890999,1,"Xal'atath's Bargain: Ascendant, Tyrannical, Challenger's Peril, Fortified",一來個蹦蹦一,Demon Hunter,Havoc,dps,Silverwing Hold
388,341.8,307121050,11,Mists of Tirna Scithe,2024-11-14T05:55:02.000Z,1549960,1890999,1,"Xal'atath's Bargain: Ascendant, Tyrannical, Challenger's Peril, Fortified",太陰之晶,Druid,Balance,dps,Menethil
388,341.8,307121050,11,Mists of Tirna Scithe,2024-11-14T05:55:02.000Z,1549960,1890999,1,"Xal'atath's Bargain: Ascendant, Tyrannical, Challenger's Peril, Fortified",白光豬,Paladin,Protection,tank,World Tree
388,341.8,307121050,11,Mists of Tirna Scithe,2024-11-14T05:55:02.000Z,1549960,1890999,1,"Xal'atath's Bargain: Ascendant, Tyrannical, Challenger's Peril, Fortified",加塔諾托亞,Paladin,Retribution,dps,Skywall
388,341.8,307121050,11,Mists of Tirna Scithe,2024-11-14T05:55:02.000Z,1549960,1890999,1,"Xal'atath's Bargain: Ascendant, Tyrannical, Challenger's Peril, Fortified",十小魚十,Shaman,Restoration,healer,Shadowmoon
389,341.8,307508879,11,Mists of Tirna Scithe,2024-11-16T14:12:26.000Z,1550366,1890999,1,"Xal'atath's Bargain: Ascendant, Tyrannical, Challenger's Peril, Fortified",Marksim,Hunter,Beast Mastery,dps,Chillwind Point
389,341.8,307508879,11,Mists of Tirna Scithe,2024-11-16T14:12:26.000Z,1550366,1890999,1,"Xal'atath's Bargain: Ascendant, Tyrannical, Challenger's Peril, Fortified",舒欣然,Priest,Holy,healer,Chillwind Point
389,341.8,307508879,11,Mists of Tirna Scithe,2024-11-16T14:12:26.000Z,1550366,1890999,1,"Xal'atath's Bargain: Ascendant, Tyrannical, Challenger's Peril, Fortified",Osburn,Warrior,Arms,dps,Chillwind Point
389,341.8,307508879,11,Mists of Tirna Scithe,2024-11-16T14:12:26.000Z,1550366,1890999,1,"Xal'atath's Bargain: Ascendant, Tyrannical, Challenger's Peril, Fortified",藥膏潮了,Paladin,Retribution,dps,Shadowmoon
389,341.8,307508879,11,Mists of Tirna Scithe,2024-11-16T14:12:26.000Z,1550366,1890999,1,"Xal'atath's Bargain: Ascendant, Tyrannical, Challenger's Peril, Fortified",油塩,Druid,Guardian,tank,Chillwind Point
390,341.7,303669467,11,Mists of Tirna Scithe,2024-10-29T17:53:39.000Z,1551675,1890999,1,"Xal'atath's Bargain: Ascendant, Fortified, Challenger's Peril, Tyrannical",姬娜,Shaman,Enhancement,dps,Shadowmoon
390,341.7,303669467,11,Mists of Tirna Scithe,2024-10-29T17:53:39.000Z,1551675,1890999,1,"Xal'atath's Bargain: Ascendant, Fortified, Challenger's Peril, Tyrannical",小葒醬,Mage,Frost,dps,Arthas
390,341.7,303669467,11,Mists of Tirna Scithe,2024-10-29T17:53:39.000Z,1551675,1890999,1,"Xal'atath's Bargain: Ascendant, Fortified, Challenger's Peril, Tyrannical",熊德魯肉,Warrior,Protection,tank,Shadowmoon
390,341.7,303669467,11,Mists of Tirna Scithe,2024-10-29T17:53:39.000Z,1551675,1890999,1,"Xal'atath's Bargain: Ascendant, Fortified, Challenger's Peril, Tyrannical",我是三點,Paladin,Retribution,dps,Skywall
390,341.7,303669467,11,Mists of Tirna Scithe,2024-10-29T17:53:39.000Z,1551675,1890999,1,"Xal'atath's Bargain: Ascendant, Fortified, Challenger's Peril, Tyrannical",Revali,Druid,Restoration,healer,Arthas
391,341.7,303106987,11,Mists of Tirna Scithe,2024-10-27T04:16:23.000Z,1552025,1890999,1,"Xal'atath's Bargain: Ascendant, Fortified, Challenger's Peril, Tyrannical",蠟燭芯,Shaman,Restoration,healer,Chillwind Point
391,341.7,303106987,11,Mists of Tirna Scithe,2024-10-27T04:16:23.000Z,1552025,1890999,1,"Xal'atath's Bargain: Ascendant, Fortified, Challenger's Peril, Tyrannical",Babala,Evoker,Augmentation,dps,Chillwind Point
391,341.7,303106987,11,Mists of Tirna Scithe,2024-10-27T04:16:23.000Z,1552025,1890999,1,"Xal'atath's Bargain: Ascendant, Fortified, Challenger's Peril, Tyrannical",泉鏡花,Death Knight,Unholy,dps,Nightsong
391,341.7,303106987,11,Mists of Tirna Scithe,2024-10-27T04:16:23.000Z,1552025,1890999,1,"Xal'atath's Bargain: Ascendant, Fortified, Challenger's Peril, Tyrannical",熊小,Priest,Shadow,dps,Zealot Blade
391,341.7,303106987,11,Mists of Tirna Scithe,2024-10-27T04:16:23.000Z,1552025,1890999,1,"Xal'atath's Bargain: Ascendant, Fortified, Challenger's Peril, Tyrannical",再一次迷失,Warrior,Protection,tank,Silverwing Hold
392,341.7,303228772,11,Mists of Tirna Scithe,2024-10-27T17:16:35.000Z,1552974,1890999,1,"Xal'atath's Bargain: Ascendant, Fortified, Challenger's Peril, Tyrannical",巫喵王阿薩屍,Death Knight,Frost,dps,Shadowmoon
392,341.7,303228772,11,Mists of Tirna Scithe,2024-10-27T17:16:35.000Z,1552974,1890999,1,"Xal'atath's Bargain: Ascendant, Fortified, Challenger's Peril, Tyrannical",樓光,Shaman,Restoration,healer,Icecrown
392,341.7,303228772,11,Mists of Tirna Scithe,2024-10-27T17:16:35.000Z,1552974,1890999,1,"Xal'atath's Bargain: Ascendant, Fortified, Challenger's Peril, Tyrannical",路人,Evoker,Augmentation,dps,Stormscale
392,341.7,303228772,11,Mists of Tirna Scithe,2024-10-27T17:16:35.000Z,1552974,1890999,1,"Xal'atath's Bargain: Ascendant, Fortified, Challenger's Peril, Tyrannical",情殤豆腐,Rogue,Subtlety,dps,Sundown Marsh
392,341.7,303228772,11,Mists of Tirna Scithe,2024-10-27T17:16:35.000Z,1552974,1890999,1,"Xal'atath's Bargain: Ascendant, Fortified, Challenger's Peril, Tyrannical",Euphonium,Druid,Guardian,tank,Demon Fall Canyon
393,341.7,307573522,11,Mists of Tirna Scithe,2024-11-16T20:33:39.000Z,1553243,1890999,1,"Xal'atath's Bargain: Ascendant, Tyrannical, Challenger's Peril, Fortified",風中的鈴聲,Druid,Guardian,tank,Crystalpine Stinger
393,341.7,307573522,11,Mists of Tirna Scithe,2024-11-16T20:33:39.000Z,1553243,1890999,1,"Xal'atath's Bargain: Ascendant, Tyrannical, Challenger's Peril, Fortified",寧采臣,Priest,Shadow,dps,Bleeding Hollow
393,341.7,307573522,11,Mists of Tirna Scithe,2024-11-16T20:33:39.000Z,1553243,1890999,1,"Xal'atath's Bargain: Ascendant, Tyrannical, Challenger's Peril, Fortified",冽光,Paladin,Holy,healer,Light's Hope
393,341.7,307573522,11,Mists of Tirna Scithe,2024-11-16T20:33:39.000Z,1553243,1890999,1,"Xal'atath's Bargain: Ascendant, Tyrannical, Challenger's Peril, Fortified",Retest,Mage,Arcane,dps,Sundown Marsh
393,341.7,307573522,11,Mists of Tirna Scithe,2024-11-16T20:33:39.000Z,1553243,1890999,1,"Xal'atath's Bargain: Ascendant, Tyrannical, Challenger's Peril, Fortified",牛小肉,Paladin,Retribution,dps,Zealot Blade
394,341.7,307930413,11,Mists of Tirna Scithe,2024-11-18T16:43:50.000Z,1553441,1890999,1,"Xal'atath's Bargain: Ascendant, Tyrannical, Challenger's Peril, Fortified",小箏鳥,Druid,Restoration,healer,Shadowmoon
394,341.7,307930413,11,Mists of Tirna Scithe,2024-11-18T16:43:50.000Z,1553441,1890999,1,"Xal'atath's Bargain: Ascendant, Tyrannical, Challenger's Peril, Fortified",妖薩,Shaman,Enhancement,dps,Arthas
394,341.7,307930413,11,Mists of Tirna Scithe,2024-11-18T16:43:50.000Z,1553441,1890999,1,"Xal'atath's Bargain: Ascendant, Tyrannical, Challenger's Peril, Fortified",墨亞,Druid,Balance,dps,Quel'dorei
394,341.7,307930413,11,Mists of Tirna Scithe,2024-11-18T16:43:50.000Z,1553441,1890999,1,"Xal'atath's Bargain: Ascendant, Tyrannical, Challenger's Peril, Fortified",賽格特,Paladin,Protection,tank,Whisperwind
394,341.7,307930413,11,Mists of Tirna Scithe,2024-11-18T16:43:50.000Z,1553441,1890999,1,"Xal'atath's Bargain: Ascendant, Tyrannical, Challenger's Peril, Fortified",Keria,Paladin,Retribution,dps,Stormscale
395,341.7,303415775,11,Mists of Tirna Scithe,2024-10-28T13:58:45.000Z,1554992,1890999,1,"Xal'atath's Bargain: Ascendant, Fortified, Challenger's Peril, Tyrannical",朴敘俊,Rogue,Assassination,dps,Bleeding Hollow
395,341.7,303415775,11,Mists of Tirna Scithe,2024-10-28T13:58:45.000Z,1554992,1890999,1,"Xal'atath's Bargain: Ascendant, Fortified, Challenger's Peril, Tyrannical",沒吃飯欸,Mage,Frost,dps,Shadowmoon
395,341.7,303415775,11,Mists of Tirna Scithe,2024-10-28T13:58:45.000Z,1554992,1890999,1,"Xal'atath's Bargain: Ascendant, Fortified, Challenger's Peril, Tyrannical",放空,Warlock,Destruction,dps,Bleeding Hollow
395,341.7,303415775,11,Mists of Tirna Scithe,2024-10-28T13:58:45.000Z,1554992,1890999,1,"Xal'atath's Bargain: Ascendant, Fortified, Challenger's Peril, Tyrannical",雪婧靈,Death Knight,Blood,tank,World Tree
395,341.7,303415775,11,Mists of Tirna Scithe,2024-10-28T13:58:45.000Z,1554992,1890999,1,"Xal'atath's Bargain: Ascendant, Fortified, Challenger's Peril, Tyrannical",Miuz,Paladin,Holy,healer,Bleeding Hollow
396,341.7,302861263,11,Mists of Tirna Scithe,2024-10-26T05:51:51.000Z,1555053,1890999,1,"Xal'atath's Bargain: Ascendant, Fortified, Challenger's Peril, Tyrannical",妃櫻,Warlock,Demonology,dps,World Tree
396,341.7,302861263,11,Mists of Tirna Scithe,2024-10-26T05:51:51.000Z,1555053,1890999,1,"Xal'atath's Bargain: Ascendant, Fortified, Challenger's Peril, Tyrannical",獵人完結篇,Shaman,Enhancement,dps,Arthas
396,341.7,302861263,11,Mists of Tirna Scithe,2024-10-26T05:51:51.000Z,1555053,1890999,1,"Xal'atath's Bargain: Ascendant, Fortified, Challenger's Peril, Tyrannical",阿瘦還是阿獸,Paladin,Protection,tank,Arygos
396,341.7,302861263,11,Mists of Tirna Scithe,2024-10-26T05:51:51.000Z,1555053,1890999,1,"Xal'atath's Bargain: Ascendant, Fortified, Challenger's Peril, Tyrannical",動態平衡,Shaman,Restoration,healer,Shadowmoon
396,341.7,302861263,11,Mists of Tirna Scithe,2024-10-26T05:51:51.000Z,1555053,1890999,1,"Xal'atath's Bargain: Ascendant, Fortified, Challenger's Peril, Tyrannical",自由風,Death Knight,Frost,dps,Sundown Marsh
397,341.7,303197691,11,Mists of Tirna Scithe,2024-10-27T15:33:26.000Z,1555282,1890999,1,"Xal'atath's Bargain: Ascendant, Fortified, Challenger's Peril, Tyrannical",愛與正義化身,Paladin,Retribution,dps,Frostmane
397,341.7,303197691,11,Mists of Tirna Scithe,2024-10-27T15:33:26.000Z,1555282,1890999,1,"Xal'atath's Bargain: Ascendant, Fortified, Challenger's Peril, Tyrannical",Désir,Shaman,Elemental,dps,Shadowmoon
397,341.7,303197691,11,Mists of Tirna Scithe,2024-10-27T15:33:26.000Z,1555282,1890999,1,"Xal'atath's Bargain: Ascendant, Fortified, Challenger's Peril, Tyrannical",滿月之詠,Death Knight,Unholy,dps,Shadowmoon
397,341.7,303197691,11,Mists of Tirna Scithe,2024-10-27T15:33:26.000Z,1555282,1890999,1,"Xal'atath's Bargain: Ascendant, Fortified, Challenger's Peril, Tyrannical",Cycdragon-115050903,Evoker,Preservation,healer,Sundown Marsh
397,341.7,303197691,11,Mists of Tirna Scithe,2024-10-27T15:33:26.000Z,1555282,1890999,1,"Xal'atath's Bargain: Ascendant, Fortified, Challenger's Peril, Tyrannical",Yyme,Warrior,Protection,tank,Sundown Marsh
398,341.7,302637168,11,Mists of Tirna Scithe,2024-10-25T08:52:06.000Z,1555578,1890999,1,"Xal'atath's Bargain: Ascendant, Fortified, Challenger's Peril, Tyrannical",蘇夏,Evoker,Augmentation,dps,Menethil
398,341.7,302637168,11,Mists of Tirna Scithe,2024-10-25T08:52:06.000Z,1555578,1890999,1,"Xal'atath's Bargain: Ascendant, Fortified, Challenger's Peril, Tyrannical",哩哩,Rogue,Assassination,dps,Crystalpine Stinger
398,341.7,302637168,11,Mists of Tirna Scithe,2024-10-25T08:52:06.000Z,1555578,1890999,1,"Xal'atath's Bargain: Ascendant, Fortified, Challenger's Peril, Tyrannical",薔薇紅茶,Paladin,Retribution,dps,Spirestone
398,341.7,302637168,11,Mists of Tirna Scithe,2024-10-25T08:52:06.000Z,1555578,1890999,1,"Xal'atath's Bargain: Ascendant, Fortified, Challenger's Peril, Tyrannical",豆腐刃,Demon Hunter,Vengeance,tank,Crystalpine Stinger
398,341.7,302637168,11,Mists of Tirna Scithe,2024-10-25T08:52:06.000Z,1555578,1890999,1,"Xal'atath's Bargain: Ascendant, Fortified, Challenger's Peril, Tyrannical",丶林深不见鹿,Shaman,Restoration,healer,Crystalpine Stinger
399,341.6,303429543,11,Mists of Tirna Scithe,2024-10-28T14:35:12.000Z,1557685,1890999,1,"Xal'atath's Bargain: Ascendant, Fortified, Challenger's Peril, Tyrannical",反面教材,Paladin,Retribution,dps,Sundown Marsh
399,341.6,303429543,11,Mists of Tirna Scithe,2024-10-28T14:35:12.000Z,1557685,1890999,1,"Xal'atath's Bargain: Ascendant, Fortified, Challenger's Peril, Tyrannical",阿扁巴巴大俠,Druid,Guardian,tank,Sundown Marsh
399,341.6,303429543,11,Mists of Tirna Scithe,2024-10-28T14:35:12.000Z,1557685,1890999,1,"Xal'atath's Bargain: Ascendant, Fortified, Challenger's Peril, Tyrannical",鄧鴻敢,Shaman,Elemental,dps,Sundown Marsh
399,341.6,303429543,11,Mists of Tirna Scithe,2024-10-28T14:35:12.000Z,1557685,1890999,1,"Xal'atath's Bargain: Ascendant, Fortified, Challenger's Peril, Tyrannical",愛搞怪企鵝,Shaman,Restoration,healer,Sundown Marsh
399,341.6,303429543,11,Mists of Tirna Scithe,2024-10-28T14:35:12.000Z,1557685,1890999,1,"Xal'atath's Bargain: Ascendant, Fortified, Challenger's Peril, Tyrannical",法形砂龍-230113169,Mage,Frost,dps,Crystalpine Stinger
400,341.6,307469592,11,Mists of Tirna Scithe,2024-11-16T08:38:02.000Z,1558629,1890999,1,"Xal'atath's Bargain: Ascendant, Tyrannical, Challenger's Peril, Fortified",陳怡君,Paladin,Protection,tank,Shadowmoon
400,341.6,307469592,11,Mists of Tirna Scithe,2024-11-16T08:38:02.000Z,1558629,1890999,1,"Xal'atath's Bargain: Ascendant, Tyrannical, Challenger's Peril, Fortified",Laysd,Druid,Balance,dps,Frostmane
400,341.6,307469592,11,Mists of Tirna Scithe,2024-11-16T08:38:02.000Z,1558629,1890999,1,"Xal'atath's Bargain: Ascendant, Tyrannical, Challenger's Peril, Fortified",止水秋寒,Shaman,Elemental,dps,Dragonmaw
400,341.6,307469592,11,Mists of Tirna Scithe,2024-11-16T08:38:02.000Z,1558629,1890999,1,"Xal'atath's Bargain: Ascendant, Tyrannical, Challenger's Peril, Fortified",吸毒人生,Warlock,Demonology,dps,Icecrown
400,341.6,307469592,11,Mists of Tirna Scithe,2024-11-16T08:38:02.000Z,1558629,1890999,1,"Xal'atath's Bargain: Ascendant, Tyrannical, Challenger's Peril, Fortified",Ngaoo,Shaman,Restoration,healer,Dragonmaw
401,341.6,307168650,11,Mists of Tirna Scithe,2024-11-14T15:41:40.000Z,1558638,1890999,1,"Xal'atath's Bargain: Ascendant, Tyrannical, Challenger's Peril, Fortified",莉雅德倫,Paladin,Retribution,dps,Arygos
401,341.6,307168650,11,Mists of Tirna Scithe,2024-11-14T15:41:40.000Z,1558638,1890999,1,"Xal'atath's Bargain: Ascendant, Tyrannical, Challenger's Peril, Fortified",格陵藍,Druid,Restoration,healer,Skywall
401,341.6,307168650,11,Mists of Tirna Scithe,2024-11-14T15:41:40.000Z,1558638,1890999,1,"Xal'atath's Bargain: Ascendant, Tyrannical, Challenger's Peril, Fortified",萌柱,Shaman,Enhancement,dps,Menethil
401,341.6,307168650,11,Mists of Tirna Scithe,2024-11-14T15:41:40.000Z,1558638,1890999,1,"Xal'atath's Bargain: Ascendant, Tyrannical, Challenger's Peril, Fortified",烽裂,Warlock,Destruction,dps,Silverwing Hold
401,341.6,307168650,11,Mists of Tirna Scithe,2024-11-14T15:41:40.000Z,1558638,1890999,1,"Xal'atath's Bargain: Ascendant, Tyrannical, Challenger's Peril, Fortified",吠物,Death Knight,Blood,tank,World Tree
402,341.6,303123731,11,Mists of Tirna Scithe,2024-10-27T06:32:48.000Z,1558917,1890999,1,"Xal'atath's Bargain: Ascendant, Fortified, Challenger's Peril, Tyrannical",Nighteif,Druid,Balance,dps,Whisperwind
402,341.6,303123731,11,Mists of Tirna Scithe,2024-10-27T06:32:48.000Z,1558917,1890999,1,"Xal'atath's Bargain: Ascendant, Fortified, Challenger's Peril, Tyrannical",霜傷之憶,Death Knight,Frost,dps,Crystalpine Stinger
402,341.6,303123731,11,Mists of Tirna Scithe,2024-10-27T06:32:48.000Z,1558917,1890999,1,"Xal'atath's Bargain: Ascendant, Fortified, Challenger's Peril, Tyrannical",Siyaa,Paladin,Protection,tank,Shadowmoon
402,341.6,303123731,11,Mists of Tirna Scithe,2024-10-27T06:32:48.000Z,1558917,1890999,1,"Xal'atath's Bargain: Ascendant, Fortified, Challenger's Peril, Tyrannical",Naran,Shaman,Restoration,healer,Nightsong
402,341.6,303123731,11,Mists of Tirna Scithe,2024-10-27T06:32:48.000Z,1558917,1890999,1,"Xal'atath's Bargain: Ascendant, Fortified, Challenger's Peril, Tyrannical",泫雅,Demon Hunter,Havoc,dps,Shadowmoon
403,341.6,307334585,11,Mists of Tirna Scithe,2024-11-15T16:13:28.000Z,1559331,1890999,1,"Xal'atath's Bargain: Ascendant, Tyrannical, Challenger's Peril, Fortified",Elcondorpasa,Shaman,Enhancement,dps,Nightsong
403,341.6,307334585,11,Mists of Tirna Scithe,2024-11-15T16:13:28.000Z,1559331,1890999,1,"Xal'atath's Bargain: Ascendant, Tyrannical, Challenger's Peril, Fortified",會變形的牛,Druid,Guardian,tank,Shadowmoon
403,341.6,307334585,11,Mists of Tirna Scithe,2024-11-15T16:13:28.000Z,1559331,1890999,1,"Xal'atath's Bargain: Ascendant, Tyrannical, Challenger's Peril, Fortified",六道皆幻,Death Knight,Frost,dps,Shadowmoon
403,341.6,307334585,11,Mists of Tirna Scithe,2024-11-15T16:13:28.000Z,1559331,1890999,1,"Xal'atath's Bargain: Ascendant, Tyrannical, Challenger's Peril, Fortified",術石,Warlock,Affliction,dps,Shadowmoon
403,341.6,307334585,11,Mists of Tirna Scithe,2024-11-15T16:13:28.000Z,1559331,1890999,1,"Xal'atath's Bargain: Ascendant, Tyrannical, Challenger's Peril, Fortified",小公主吻空想,Shaman,Restoration,healer,Spirestone
404,341.6,303042763,11,Mists of Tirna Scithe,2024-10-26T20:26:57.000Z,1560329,1890999,1,"Xal'atath's Bargain: Ascendant, Fortified, Challenger's Peril, Tyrannical",苦命啊勞,Warlock,Demonology,dps,Shadowmoon
404,341.6,303042763,11,Mists of Tirna Scithe,2024-10-26T20:26:57.000Z,1560329,1890999,1,"Xal'atath's Bargain: Ascendant, Fortified, Challenger's Peril, Tyrannical",廢天使加百列,Mage,Frost,dps,Shadowmoon
404,341.6,303042763,11,Mists of Tirna Scithe,2024-10-26T20:26:57.000Z,1560329,1890999,1,"Xal'atath's Bargain: Ascendant, Fortified, Challenger's Peril, Tyrannical",盧隊長幫幫我,Paladin,Protection,tank,Chillwind Point
404,341.6,303042763,11,Mists of Tirna Scithe,2024-10-26T20:26:57.000Z,1560329,1890999,1,"Xal'atath's Bargain: Ascendant, Fortified, Challenger's Peril, Tyrannical",阿怡怡,Priest,Discipline,healer,Chillwind Point
404,341.6,303042763,11,Mists of Tirna Scithe,2024-10-26T20:26:57.000Z,1560329,1890999,1,"Xal'atath's Bargain: Ascendant, Fortified, Challenger's Peril, Tyrannical",屁眼,Death Knight,Frost,dps,Icecrown
405,341.6,302709652,11,Mists of Tirna Scithe,2024-10-25T14:01:36.000Z,1560480,1890999,1,"Xal'atath's Bargain: Ascendant, Fortified, Challenger's Peril, Tyrannical",於戲,Shaman,Elemental,dps,Shadowmoon
405,341.6,302709652,11,Mists of Tirna Scithe,2024-10-25T14:01:36.000Z,1560480,1890999,1,"Xal'atath's Bargain: Ascendant, Fortified, Challenger's Peril, Tyrannical",再苟一回合,Warrior,Protection,tank,Shadowmoon
405,341.6,302709652,11,Mists of Tirna Scithe,2024-10-25T14:01:36.000Z,1560480,1890999,1,"Xal'atath's Bargain: Ascendant, Fortified, Challenger's Peril, Tyrannical",中華嬌子,Shaman,Restoration,healer,Crystalpine Stinger
405,341.6,302709652,11,Mists of Tirna Scithe,2024-10-25T14:01:36.000Z,1560480,1890999,1,"Xal'atath's Bargain: Ascendant, Fortified, Challenger's Peril, Tyrannical",天吶你真騷,Paladin,Retribution,dps,Crystalpine Stinger
405,341.6,302709652,11,Mists of Tirna Scithe,2024-10-25T14:01:36.000Z,1560480,1890999,1,"Xal'atath's Bargain: Ascendant, Fortified, Challenger's Peril, Tyrannical",紫雲飛渡,Mage,Fire,dps,Silverwing Hold
406,341.5,303384530,11,Mists of Tirna Scithe,2024-10-27T18:04:08.000Z,1560727,1890999,1,"Xal'atath's Bargain: Ascendant, Fortified, Challenger's Peril, Tyrannical",殤痕羽,Demon Hunter,Havoc,dps,Shadowmoon
406,341.5,303384530,11,Mists of Tirna Scithe,2024-10-27T18:04:08.000Z,1560727,1890999,1,"Xal'atath's Bargain: Ascendant, Fortified, Challenger's Peril, Tyrannical",狸狸原上草,Warlock,Demonology,dps,Bleeding Hollow
406,341.5,303384530,11,Mists of Tirna Scithe,2024-10-27T18:04:08.000Z,1560727,1890999,1,"Xal'atath's Bargain: Ascendant, Fortified, Challenger's Peril, Tyrannical",吱吱蹦,Warrior,Protection,tank,Wrathbringer
406,341.5,303384530,11,Mists of Tirna Scithe,2024-10-27T18:04:08.000Z,1560727,1890999,1,"Xal'atath's Bargain: Ascendant, Fortified, Challenger's Peril, Tyrannical",蒼山愛奈,Paladin,Retribution,dps,World Tree
406,341.5,303384530,11,Mists of Tirna Scithe,2024-10-27T18:04:08.000Z,1560727,1890999,1,"Xal'atath's Bargain: Ascendant, Fortified, Challenger's Peril, Tyrannical",嚕咪公主,Shaman,Restoration,healer,World Tree
407,341.5,307461341,11,Mists of Tirna Scithe,2024-11-16T07:03:53.000Z,1562534,1890999,1,"Xal'atath's Bargain: Ascendant, Tyrannical, Challenger's Peril, Fortified",揪古錐,Druid,Guardian,tank,Light's Hope
407,341.5,307461341,11,Mists of Tirna Scithe,2024-11-16T07:03:53.000Z,1562534,1890999,1,"Xal'atath's Bargain: Ascendant, Tyrannical, Challenger's Peril, Fortified",溫柔一點,Hunter,Survival,dps,Crystalpine Stinger
407,341.5,307461341,11,Mists of Tirna Scithe,2024-11-16T07:03:53.000Z,1562534,1890999,1,"Xal'atath's Bargain: Ascendant, Tyrannical, Challenger's Peril, Fortified",伊塔琳娜,Priest,Discipline,healer,Chillwind Point
407,341.5,307461341,11,Mists of Tirna Scithe,2024-11-16T07:03:53.000Z,1562534,1890999,1,"Xal'atath's Bargain: Ascendant, Tyrannical, Challenger's Peril, Fortified",Illit,Demon Hunter,Havoc,dps,Dragonmaw
407,341.5,307461341,11,Mists of Tirna Scithe,2024-11-16T07:03:53.000Z,1562534,1890999,1,"Xal'atath's Bargain: Ascendant, Tyrannical, Challenger's Peril, Fortified",Kinz,Shaman,Enhancement,dps,Sundown Marsh
408,341.5,307518965,11,Mists of Tirna Scithe,2024-11-16T15:08:51.000Z,1562713,1890999,1,"Xal'atath's Bargain: Ascendant, Tyrannical, Challenger's Peril, Fortified",一香雪海一,Hunter,Beast Mastery,dps,Chillwind Point
408,341.5,307518965,11,Mists of Tirna Scithe,2024-11-16T15:08:51.000Z,1562713,1890999,1,"Xal'atath's Bargain: Ascendant, Tyrannical, Challenger's Peril, Fortified",嬿璃,Evoker,Augmentation,dps,Shadowmoon
408,341.5,307518965,11,Mists of Tirna Scithe,2024-11-16T15:08:51.000Z,1562713,1890999,1,"Xal'atath's Bargain: Ascendant, Tyrannical, Challenger's Peril, Fortified",魯蛇阿祐,Rogue,Assassination,dps,Sundown Marsh
408,341.5,307518965,11,Mists of Tirna Scithe,2024-11-16T15:08:51.000Z,1562713,1890999,1,"Xal'atath's Bargain: Ascendant, Tyrannical, Challenger's Peril, Fortified",Sinajuju,Paladin,Holy,healer,Stormscale
408,341.5,307518965,11,Mists of Tirna Scithe,2024-11-16T15:08:51.000Z,1562713,1890999,1,"Xal'atath's Bargain: Ascendant, Tyrannical, Challenger's Peril, Fortified",雪花牛伯伯,Druid,Guardian,tank,Sundown Marsh
409,341.5,303203634,11,Mists of Tirna Scithe,2024-10-27T15:30:51.000Z,1563184,1890999,1,"Xal'atath's Bargain: Ascendant, Fortified, Challenger's Peril, Tyrannical",Anon25656BF,Druid,Balance,dps,Anonymous
409,341.5,303203634,11,Mists of Tirna Scithe,2024-10-27T15:30:51.000Z,1563184,1890999,1,"Xal'atath's Bargain: Ascendant, Fortified, Challenger's Peril, Tyrannical",不過這樣,Mage,Arcane,dps,Light's Hope
409,341.5,303203634,11,Mists of Tirna Scithe,2024-10-27T15:30:51.000Z,1563184,1890999,1,"Xal'atath's Bargain: Ascendant, Fortified, Challenger's Peril, Tyrannical",格雷特凱撒,Paladin,Protection,tank,Whisperwind
409,341.5,303203634,11,Mists of Tirna Scithe,2024-10-27T15:30:51.000Z,1563184,1890999,1,"Xal'atath's Bargain: Ascendant, Fortified, Challenger's Peril, Tyrannical",泡沫咖啡乂乂,Shaman,Elemental,dps,Arthas
409,341.5,303203634,11,Mists of Tirna Scithe,2024-10-27T15:30:51.000Z,1563184,1890999,1,"Xal'atath's Bargain: Ascendant, Fortified, Challenger's Peril, Tyrannical",青青寶貝,Shaman,Restoration,healer,Chillwind Point
410,341.5,307704808,11,Mists of Tirna Scithe,2024-11-17T09:42:25.000Z,1563283,1890999,1,"Xal'atath's Bargain: Ascendant, Tyrannical, Challenger's Peril, Fortified",Blazeregener,Mage,Frost,dps,Shadowmoon
410,341.5,307704808,11,Mists of Tirna Scithe,2024-11-17T09:42:25.000Z,1563283,1890999,1,"Xal'atath's Bargain: Ascendant, Tyrannical, Challenger's Peril, Fortified",黑白吼吼,Paladin,Retribution,dps,Shadowmoon
410,341.5,307704808,11,Mists of Tirna Scithe,2024-11-17T09:42:25.000Z,1563283,1890999,1,"Xal'atath's Bargain: Ascendant, Tyrannical, Challenger's Peril, Fortified",暴躁小貓,Paladin,Protection,tank,Shadowmoon
410,341.5,307704808,11,Mists of Tirna Scithe,2024-11-17T09:42:25.000Z,1563283,1890999,1,"Xal'atath's Bargain: Ascendant, Tyrannical, Challenger's Peril, Fortified",一溟伢一,Druid,Restoration,healer,Shadowmoon
410,341.5,307704808,11,Mists of Tirna Scithe,2024-11-17T09:42:25.000Z,1563283,1890999,1,"Xal'atath's Bargain: Ascendant, Tyrannical, Challenger's Peril, Fortified",Capricorno,Rogue,Assassination,dps,Shadowmoon
411,341.5,303390550,11,Mists of Tirna Scithe,2024-10-28T09:20:17.000Z,1563467,1890999,1,"Xal'atath's Bargain: Ascendant, Fortified, Challenger's Peril, Tyrannical",Entaroadun,Shaman,Enhancement,dps,World Tree
411,341.5,303390550,11,Mists of Tirna Scithe,2024-10-28T09:20:17.000Z,1563467,1890999,1,"Xal'atath's Bargain: Ascendant, Fortified, Challenger's Peril, Tyrannical",小吃貨,Shaman,Restoration,healer,Arygos
411,341.5,303390550,11,Mists of Tirna Scithe,2024-10-28T09:20:17.000Z,1563467,1890999,1,"Xal'atath's Bargain: Ascendant, Fortified, Challenger's Peril, Tyrannical",Wickdthunder,Shaman,Elemental,dps,Shadowmoon
411,341.5,303390550,11,Mists of Tirna Scithe,2024-10-28T09:20:17.000Z,1563467,1890999,1,"Xal'atath's Bargain: Ascendant, Fortified, Challenger's Peril, Tyrannical",Prideful,Demon Hunter,Vengeance,tank,Shadowmoon
411,341.5,303390550,11,Mists of Tirna Scithe,2024-10-28T09:20:17.000Z,1563467,1890999,1,"Xal'atath's Bargain: Ascendant, Fortified, Challenger's Peril, Tyrannical",零淚水聲落-229004168,Paladin,Retribution,dps,Arthas
412,341.5,307178016,11,Mists of Tirna Scithe,2024-11-14T16:51:54.000Z,1563810,1890999,1,"Xal'atath's Bargain: Ascendant, Tyrannical, Challenger's Peril, Fortified",母羊,Warlock,Demonology,dps,Crystalpine Stinger
412,341.5,307178016,11,Mists of Tirna Scithe,2024-11-14T16:51:54.000Z,1563810,1890999,1,"Xal'atath's Bargain: Ascendant, Tyrannical, Challenger's Peril, Fortified",Känä,Shaman,Restoration,healer,Wrathbringer
412,341.5,307178016,11,Mists of Tirna Scithe,2024-11-14T16:51:54.000Z,1563810,1890999,1,"Xal'atath's Bargain: Ascendant, Tyrannical, Challenger's Peril, Fortified",Kákárót,Evoker,Augmentation,dps,Crystalpine Stinger
412,341.5,307178016,11,Mists of Tirna Scithe,2024-11-14T16:51:54.000Z,1563810,1890999,1,"Xal'atath's Bargain: Ascendant, Tyrannical, Challenger's Peril, Fortified",Pinkflöyd,Druid,Balance,dps,Nightsong
412,341.5,307178016,11,Mists of Tirna Scithe,2024-11-14T16:51:54.000Z,1563810,1890999,1,"Xal'atath's Bargain: Ascendant, Tyrannical, Challenger's Peril, Fortified",風鈴草,Druid,Guardian,tank,Shadowmoon
413,341.5,303854374,11,Mists of Tirna Scithe,2024-10-30T15:35:57.000Z,1563913,1890999,1,"Xal'atath's Bargain: Ascendant, Fortified, Challenger's Peril, Tyrannical",呆小鄭,Priest,Holy,healer,Arygos
413,341.5,303854374,11,Mists of Tirna Scithe,2024-10-30T15:35:57.000Z,1563913,1890999,1,"Xal'atath's Bargain: Ascendant, Fortified, Challenger's Peril, Tyrannical",薩滿迪克,Shaman,Elemental,dps,Bleeding Hollow
413,341.5,303854374,11,Mists of Tirna Scithe,2024-10-30T15:35:57.000Z,1563913,1890999,1,"Xal'atath's Bargain: Ascendant, Fortified, Challenger's Peril, Tyrannical",Cyanocitta,Druid,Guardian,tank,Nightsong
413,341.5,303854374,11,Mists of Tirna Scithe,2024-10-30T15:35:57.000Z,1563913,1890999,1,"Xal'atath's Bargain: Ascendant, Fortified, Challenger's Peril, Tyrannical",Anon671ECE2,Hunter,Marksmanship,dps,Anonymous
413,341.5,303854374,11,Mists of Tirna Scithe,2024-10-30T15:35:57.000Z,1563913,1890999,1,"Xal'atath's Bargain: Ascendant, Fortified, Challenger's Peril, Tyrannical",珂蜜奈缇-226637341,Death Knight,Unholy,dps,Shadowmoon
414,341.5,302492674,11,Mists of Tirna Scithe,2024-10-24T14:53:07.000Z,1564379,1890999,1,"Xal'atath's Bargain: Ascendant, Fortified, Challenger's Peril, Tyrannical",浴兆,Paladin,Retribution,dps,Nightsong
414,341.5,302492674,11,Mists of Tirna Scithe,2024-10-24T14:53:07.000Z,1564379,1890999,1,"Xal'atath's Bargain: Ascendant, Fortified, Challenger's Peril, Tyrannical",大俠屎地腦,Warrior,Protection,tank,Stormscale
414,341.5,302492674,11,Mists of Tirna Scithe,2024-10-24T14:53:07.000Z,1564379,1890999,1,"Xal'atath's Bargain: Ascendant, Fortified, Challenger's Peril, Tyrannical",喵皮星球,Mage,Arcane,dps,Stormscale
414,341.5,302492674,11,Mists of Tirna Scithe,2024-10-24T14:53:07.000Z,1564379,1890999,1,"Xal'atath's Bargain: Ascendant, Fortified, Challenger's Peril, Tyrannical",飛飛愛兔子,Rogue,Outlaw,dps,Light's Hope
414,341.5,302492674,11,Mists of Tirna Scithe,2024-10-24T14:53:07.000Z,1564379,1890999,1,"Xal'atath's Bargain: Ascendant, Fortified, Challenger's Peril, Tyrannical",輕重量寶貝,Shaman,Restoration,healer,Stormscale
415,341.5,302675337,11,Mists of Tirna Scithe,2024-10-25T15:04:32.000Z,1564535,1890999,1,"Xal'atath's Bargain: Ascendant, Fortified, Challenger's Peril, Tyrannical",滅闇,Paladin,Protection,tank,Frostmane
415,341.5,302675337,11,Mists of Tirna Scithe,2024-10-25T15:04:32.000Z,1564535,1890999,1,"Xal'atath's Bargain: Ascendant, Fortified, Challenger's Peril, Tyrannical",好水水煎包,Shaman,Restoration,healer,Wrathbringer
415,341.5,302675337,11,Mists of Tirna Scithe,2024-10-25T15:04:32.000Z,1564535,1890999,1,"Xal'atath's Bargain: Ascendant, Fortified, Challenger's Peril, Tyrannical",嗎啡多多,Paladin,Retribution,dps,Wrathbringer
415,341.5,302675337,11,Mists of Tirna Scithe,2024-10-25T15:04:32.000Z,1564535,1890999,1,"Xal'atath's Bargain: Ascendant, Fortified, Challenger's Peril, Tyrannical",Phiona,Paladin,Retribution,dps,Wrathbringer
415,341.5,302675337,11,Mists of Tirna Scithe,2024-10-25T15:04:32.000Z,1564535,1890999,1,"Xal'atath's Bargain: Ascendant, Fortified, Challenger's Peril, Tyrannical",Shenhe,Paladin,Retribution,dps,Wrathbringer
416,341.5,308291477,11,Mists of Tirna Scithe,2024-11-20T15:07:23.000Z,1564937,1890999,1,"Xal'atath's Bargain: Ascendant, Tyrannical, Challenger's Peril, Fortified",夜纏星,Warlock,Destruction,dps,Shadowmoon
416,341.5,308291477,11,Mists of Tirna Scithe,2024-11-20T15:07:23.000Z,1564937,1890999,1,"Xal'atath's Bargain: Ascendant, Tyrannical, Challenger's Peril, Fortified",晶羽玥影,Druid,Balance,dps,Shadowmoon
416,341.5,308291477,11,Mists of Tirna Scithe,2024-11-20T15:07:23.000Z,1564937,1890999,1,"Xal'atath's Bargain: Ascendant, Tyrannical, Challenger's Peril, Fortified",雷翁夢行者,Warrior,Fury,dps,Shadowmoon
416,341.5,308291477,11,Mists of Tirna Scithe,2024-11-20T15:07:23.000Z,1564937,1890999,1,"Xal'atath's Bargain: Ascendant, Tyrannical, Challenger's Peril, Fortified",啖劍太歲,Death Knight,Blood,tank,Shadowmoon
416,341.5,308291477,11,Mists of Tirna Scithe,2024-11-20T15:07:23.000Z,1564937,1890999,1,"Xal'atath's Bargain: Ascendant, Tyrannical, Challenger's Peril, Fortified",薩爾亞克,Shaman,Restoration,healer,Sundown Marsh
417,341.5,303637659,11,Mists of Tirna Scithe,2024-10-29T14:26:56.000Z,1565046,1890999,1,"Xal'atath's Bargain: Ascendant, Fortified, Challenger's Peril, Tyrannical",糖門誘惑,Warlock,Affliction,dps,Hellscream
417,341.5,303637659,11,Mists of Tirna Scithe,2024-10-29T14:26:56.000Z,1565046,1890999,1,"Xal'atath's Bargain: Ascendant, Fortified, Challenger's Peril, Tyrannical",七月半的荊棘,Hunter,Survival,dps,Shadowmoon
417,341.5,303637659,11,Mists of Tirna Scithe,2024-10-29T14:26:56.000Z,1565046,1890999,1,"Xal'atath's Bargain: Ascendant, Fortified, Challenger's Peril, Tyrannical",Zezima,Mage,Fire,dps,Nightsong
417,341.5,303637659,11,Mists of Tirna Scithe,2024-10-29T14:26:56.000Z,1565046,1890999,1,"Xal'atath's Bargain: Ascendant, Fortified, Challenger's Peril, Tyrannical",Anon726105D,Priest,Holy,healer,Anonymous
417,341.5,303637659,11,Mists of Tirna Scithe,2024-10-29T14:26:56.000Z,1565046,1890999,1,"Xal'atath's Bargain: Ascendant, Fortified, Challenger's Peril, Tyrannical",Nekojira,Paladin,Protection,tank,Wrathbringer
418,341.5,307407256,11,Mists of Tirna Scithe,2024-11-15T23:28:41.000Z,1565650,1890999,1,"Xal'atath's Bargain: Ascendant, Tyrannical, Challenger's Peril, Fortified",砸貨電老闆,Rogue,Outlaw,dps,Nightsong
418,341.5,307407256,11,Mists of Tirna Scithe,2024-11-15T23:28:41.000Z,1565650,1890999,1,"Xal'atath's Bargain: Ascendant, Tyrannical, Challenger's Peril, Fortified",曉美焰,Mage,Frost,dps,Dragonmaw
418,341.5,307407256,11,Mists of Tirna Scithe,2024-11-15T23:28:41.000Z,1565650,1890999,1,"Xal'atath's Bargain: Ascendant, Tyrannical, Challenger's Peril, Fortified",Blackzone,Druid,Guardian,tank,Nightsong
418,341.5,307407256,11,Mists of Tirna Scithe,2024-11-15T23:28:41.000Z,1565650,1890999,1,"Xal'atath's Bargain: Ascendant, Tyrannical, Challenger's Peril, Fortified",上回合超載,Shaman,Elemental,dps,Dragonmaw
418,341.5,307407256,11,Mists of Tirna Scithe,2024-11-15T23:28:41.000Z,1565650,1890999,1,"Xal'atath's Bargain: Ascendant, Tyrannical, Challenger's Peril, Fortified",Raven,Priest,Discipline,healer,Zealot Blade
419,341.4,307894786,11,Mists of Tirna Scithe,2024-11-18T11:25:49.000Z,1566345,1890999,1,"Xal'atath's Bargain: Ascendant, Tyrannical, Challenger's Peril, Fortified",Resxtne,Druid,Guardian,tank,Order of the Cloud Serpent
419,341.4,307894786,11,Mists of Tirna Scithe,2024-11-18T11:25:49.000Z,1566345,1890999,1,"Xal'atath's Bargain: Ascendant, Tyrannical, Challenger's Peril, Fortified",哀綠綺絲,Paladin,Retribution,dps,Shadowmoon
419,341.4,307894786,11,Mists of Tirna Scithe,2024-11-18T11:25:49.000Z,1566345,1890999,1,"Xal'atath's Bargain: Ascendant, Tyrannical, Challenger's Peril, Fortified",Thanatosi,Shaman,Restoration,healer,Crystalpine Stinger
419,341.4,307894786,11,Mists of Tirna Scithe,2024-11-18T11:25:49.000Z,1566345,1890999,1,"Xal'atath's Bargain: Ascendant, Tyrannical, Challenger's Peril, Fortified",多麼濃的迷霧,Monk,Windwalker,dps,Demon Fall Canyon
419,341.4,307894786,11,Mists of Tirna Scithe,2024-11-18T11:25:49.000Z,1566345,1890999,1,"Xal'atath's Bargain: Ascendant, Tyrannical, Challenger's Peril, Fortified",Moonlightzz,Evoker,Augmentation,dps,Light's Hope
420,341.4,303142619,11,Mists of Tirna Scithe,2024-10-27T09:50:20.000Z,1566914,1890999,1,"Xal'atath's Bargain: Ascendant, Fortified, Challenger's Peril, Tyrannical",Ballballi,Priest,Holy,healer,Zealot Blade
420,341.4,303142619,11,Mists of Tirna Scithe,2024-10-27T09:50:20.000Z,1566914,1890999,1,"Xal'atath's Bargain: Ascendant, Fortified, Challenger's Peril, Tyrannical",蔥燒牛,Paladin,Protection,tank,Hellscream
420,341.4,303142619,11,Mists of Tirna Scithe,2024-10-27T09:50:20.000Z,1566914,1890999,1,"Xal'atath's Bargain: Ascendant, Fortified, Challenger's Peril, Tyrannical",石小傑,Druid,Balance,dps,World Tree
420,341.4,303142619,11,Mists of Tirna Scithe,2024-10-27T09:50:20.000Z,1566914,1890999,1,"Xal'atath's Bargain: Ascendant, Fortified, Challenger's Peril, Tyrannical",阿薩扛瓦斯,Death Knight,Frost,dps,Sundown Marsh
420,341.4,303142619,11,Mists of Tirna Scithe,2024-10-27T09:50:20.000Z,1566914,1890999,1,"Xal'atath's Bargain: Ascendant, Fortified, Challenger's Peril, Tyrannical",哭來兮苦,Mage,Frost,dps,Nightsong
421,341.4,303206705,11,Mists of Tirna Scithe,2024-10-27T09:13:12.000Z,1567020,1890999,1,"Xal'atath's Bargain: Ascendant, Fortified, Challenger's Peril, Tyrannical",Sitwo,Druid,Restoration,healer,Shadowmoon
421,341.4,303206705,11,Mists of Tirna Scithe,2024-10-27T09:13:12.000Z,1567020,1890999,1,"Xal'atath's Bargain: Ascendant, Fortified, Challenger's Peril, Tyrannical",羽毛被,Shaman,Enhancement,dps,Shadowmoon
421,341.4,303206705,11,Mists of Tirna Scithe,2024-10-27T09:13:12.000Z,1567020,1890999,1,"Xal'atath's Bargain: Ascendant, Fortified, Challenger's Peril, Tyrannical",戰狼天,Warrior,Protection,tank,Shadowmoon
421,341.4,303206705,11,Mists of Tirna Scithe,2024-10-27T09:13:12.000Z,1567020,1890999,1,"Xal'atath's Bargain: Ascendant, Fortified, Challenger's Peril, Tyrannical",拾九,Death Knight,Frost,dps,Shadowmoon
421,341.4,303206705,11,Mists of Tirna Scithe,2024-10-27T09:13:12.000Z,1567020,1890999,1,"Xal'atath's Bargain: Ascendant, Fortified, Challenger's Peril, Tyrannical",風之聖域,Paladin,Retribution,dps,Whisperwind
422,341.4,307447824,11,Mists of Tirna Scithe,2024-11-16T04:52:55.000Z,1567594,1890999,1,"Xal'atath's Bargain: Ascendant, Tyrannical, Challenger's Peril, Fortified",壹貳參肆舞,Paladin,Protection,tank,Quel'dorei
422,341.4,307447824,11,Mists of Tirna Scithe,2024-11-16T04:52:55.000Z,1567594,1890999,1,"Xal'atath's Bargain: Ascendant, Tyrannical, Challenger's Peril, Fortified",愛蕾諾亞,Shaman,Restoration,healer,Sundown Marsh
422,341.4,307447824,11,Mists of Tirna Scithe,2024-11-16T04:52:55.000Z,1567594,1890999,1,"Xal'atath's Bargain: Ascendant, Tyrannical, Challenger's Peril, Fortified",黑色猛牛法師,Shaman,Elemental,dps,Stormscale
422,341.4,307447824,11,Mists of Tirna Scithe,2024-11-16T04:52:55.000Z,1567594,1890999,1,"Xal'atath's Bargain: Ascendant, Tyrannical, Challenger's Peril, Fortified",多多茄珍珠,Death Knight,Unholy,dps,Nightsong
422,341.4,307447824,11,Mists of Tirna Scithe,2024-11-16T04:52:55.000Z,1567594,1890999,1,"Xal'atath's Bargain: Ascendant, Tyrannical, Challenger's Peril, Fortified",啊晴欸,Rogue,Assassination,dps,Menethil
423,341.4,302708276,11,Mists of Tirna Scithe,2024-10-25T09:39:18.000Z,1567923,1890999,1,"Xal'atath's Bargain: Ascendant, Fortified, Challenger's Peril, Tyrannical",奧克克莎婷,Shaman,Restoration,healer,Sundown Marsh
423,341.4,302708276,11,Mists of Tirna Scithe,2024-10-25T09:39:18.000Z,1567923,1890999,1,"Xal'atath's Bargain: Ascendant, Fortified, Challenger's Peril, Tyrannical",胖嘟嘟顥,Warrior,Protection,tank,Arthas
423,341.4,302708276,11,Mists of Tirna Scithe,2024-10-25T09:39:18.000Z,1567923,1890999,1,"Xal'atath's Bargain: Ascendant, Fortified, Challenger's Peril, Tyrannical",紫色龍龜,Evoker,Augmentation,dps,Arthas
423,341.4,302708276,11,Mists of Tirna Scithe,2024-10-25T09:39:18.000Z,1567923,1890999,1,"Xal'atath's Bargain: Ascendant, Fortified, Challenger's Peril, Tyrannical",要幹嘛,Death Knight,Frost,dps,Arthas
423,341.4,302708276,11,Mists of Tirna Scithe,2024-10-25T09:39:18.000Z,1567923,1890999,1,"Xal'atath's Bargain: Ascendant, Fortified, Challenger's Peril, Tyrannical",藥膏潮了,Shaman,Elemental,dps,Arthas
424,341.4,307922939,11,Mists of Tirna Scithe,2024-11-18T15:46:15.000Z,1567929,1890999,1,"Xal'atath's Bargain: Ascendant, Tyrannical, Challenger's Peril, Fortified",利威爾兵長,Paladin,Protection,tank,Light's Hope
424,341.4,307922939,11,Mists of Tirna Scithe,2024-11-18T15:46:15.000Z,1567929,1890999,1,"Xal'atath's Bargain: Ascendant, Tyrannical, Challenger's Peril, Fortified",Sakisora,Mage,Frost,dps,Light's Hope
424,341.4,307922939,11,Mists of Tirna Scithe,2024-11-18T15:46:15.000Z,1567929,1890999,1,"Xal'atath's Bargain: Ascendant, Tyrannical, Challenger's Peril, Fortified",鈴原泉水子,Paladin,Holy,healer,Light's Hope
424,341.4,307922939,11,Mists of Tirna Scithe,2024-11-18T15:46:15.000Z,1567929,1890999,1,"Xal'atath's Bargain: Ascendant, Tyrannical, Challenger's Peril, Fortified",大薯條,Warlock,Destruction,dps,Light's Hope
424,341.4,307922939,11,Mists of Tirna Scithe,2024-11-18T15:46:15.000Z,1567929,1890999,1,"Xal'atath's Bargain: Ascendant, Tyrannical, Challenger's Peril, Fortified",聖光立花里子,Paladin,Retribution,dps,Wrathbringer
425,341.4,303841813,11,Mists of Tirna Scithe,2024-10-30T14:04:26.000Z,1568004,1890999,1,"Xal'atath's Bargain: Ascendant, Fortified, Challenger's Peril, Tyrannical",黎明使者田鼠,Paladin,Retribution,dps,Chillwind Point
425,341.4,303841813,11,Mists of Tirna Scithe,2024-10-30T14:04:26.000Z,1568004,1890999,1,"Xal'atath's Bargain: Ascendant, Fortified, Challenger's Peril, Tyrannical",Jokerxdh,Demon Hunter,Vengeance,tank,Crystalpine Stinger
425,341.4,303841813,11,Mists of Tirna Scithe,2024-10-30T14:04:26.000Z,1568004,1890999,1,"Xal'atath's Bargain: Ascendant, Fortified, Challenger's Peril, Tyrannical",滿足,Rogue,Assassination,dps,Silverwing Hold
425,341.4,303841813,11,Mists of Tirna Scithe,2024-10-30T14:04:26.000Z,1568004,1890999,1,"Xal'atath's Bargain: Ascendant, Fortified, Challenger's Peril, Tyrannical",Honeymilk,Hunter,Beast Mastery,dps,Sundown Marsh
425,341.4,303841813,11,Mists of Tirna Scithe,2024-10-30T14:04:26.000Z,1568004,1890999,1,"Xal'atath's Bargain: Ascendant, Fortified, Challenger's Peril, Tyrannical",肥妹-230224907,Shaman,Restoration,healer,Spirestone
426,341.4,307318791,11,Mists of Tirna Scithe,2024-11-15T14:12:54.000Z,1569428,1890999,1,"Xal'atath's Bargain: Ascendant, Tyrannical, Challenger's Peril, Fortified",信我者得往生,Shaman,Restoration,healer,Shadowmoon
426,341.4,307318791,11,Mists of Tirna Scithe,2024-11-15T14:12:54.000Z,1569428,1890999,1,"Xal'atath's Bargain: Ascendant, Tyrannical, Challenger's Peril, Fortified",德魯肉,Druid,Balance,dps,Shadowmoon
426,341.4,307318791,11,Mists of Tirna Scithe,2024-11-15T14:12:54.000Z,1569428,1890999,1,"Xal'atath's Bargain: Ascendant, Tyrannical, Challenger's Peril, Fortified",赤霄,Paladin,Protection,tank,Crystalpine Stinger
426,341.4,307318791,11,Mists of Tirna Scithe,2024-11-15T14:12:54.000Z,1569428,1890999,1,"Xal'atath's Bargain: Ascendant, Tyrannical, Challenger's Peril, Fortified",伊蕾爾雅,Paladin,Retribution,dps,Light's Hope
426,341.4,307318791,11,Mists of Tirna Scithe,2024-11-15T14:12:54.000Z,1569428,1890999,1,"Xal'atath's Bargain: Ascendant, Tyrannical, Challenger's Peril, Fortified",Yoshiiw,Shaman,Enhancement,dps,Spirestone
427,341.4,307495003,11,Mists of Tirna Scithe,2024-11-16T12:37:54.000Z,1570255,1890999,1,"Xal'atath's Bargain: Ascendant, Tyrannical, Challenger's Peril, Fortified",牛奶可頌,Shaman,Restoration,healer,Arthas
427,341.4,307495003,11,Mists of Tirna Scithe,2024-11-16T12:37:54.000Z,1570255,1890999,1,"Xal'atath's Bargain: Ascendant, Tyrannical, Challenger's Peril, Fortified",烏禪,Hunter,Survival,dps,Frostmane
427,341.4,307495003,11,Mists of Tirna Scithe,2024-11-16T12:37:54.000Z,1570255,1890999,1,"Xal'atath's Bargain: Ascendant, Tyrannical, Challenger's Peril, Fortified",Hangout,Demon Hunter,Havoc,dps,Arthas
427,341.4,307495003,11,Mists of Tirna Scithe,2024-11-16T12:37:54.000Z,1570255,1890999,1,"Xal'atath's Bargain: Ascendant, Tyrannical, Challenger's Peril, Fortified",銀教僧,Monk,Brewmaster,tank,Arthas
427,341.4,307495003,11,Mists of Tirna Scithe,2024-11-16T12:37:54.000Z,1570255,1890999,1,"Xal'atath's Bargain: Ascendant, Tyrannical, Challenger's Peril, Fortified",土豆阿軟軟,Warlock,Affliction,dps,Stormscale
428,341.3,303162864,11,Mists of Tirna Scithe,2024-10-27T10:03:00.000Z,1571397,1890999,1,"Xal'atath's Bargain: Ascendant, Fortified, Challenger's Peril, Tyrannical",原來是賊,Rogue,Assassination,dps,Skywall
428,341.3,303162864,11,Mists of Tirna Scithe,2024-10-27T10:03:00.000Z,1571397,1890999,1,"Xal'atath's Bargain: Ascendant, Fortified, Challenger's Peril, Tyrannical",紫欣雨,Shaman,Restoration,healer,Skywall
428,341.3,303162864,11,Mists of Tirna Scithe,2024-10-27T10:03:00.000Z,1571397,1890999,1,"Xal'atath's Bargain: Ascendant, Fortified, Challenger's Peril, Tyrannical",波奇醬融化了,Shaman,Elemental,dps,Light's Hope
428,341.3,303162864,11,Mists of Tirna Scithe,2024-10-27T10:03:00.000Z,1571397,1890999,1,"Xal'atath's Bargain: Ascendant, Fortified, Challenger's Peril, Tyrannical",腎麒釋,Paladin,Retribution,dps,Dragonmaw
428,341.3,303162864,11,Mists of Tirna Scithe,2024-10-27T10:03:00.000Z,1571397,1890999,1,"Xal'atath's Bargain: Ascendant, Fortified, Challenger's Peril, Tyrannical",夏日飛雪花-230023259,Paladin,Protection,tank,Skywall
429,341.3,307257350,11,Mists of Tirna Scithe,2024-11-15T02:56:06.000Z,1573246,1890999,1,"Xal'atath's Bargain: Ascendant, Tyrannical, Challenger's Peril, Fortified",蕪心,Warlock,Demonology,dps,Dragonmaw
429,341.3,307257350,11,Mists of Tirna Scithe,2024-11-15T02:56:06.000Z,1573246,1890999,1,"Xal'atath's Bargain: Ascendant, Tyrannical, Challenger's Peril, Fortified",澳洲小留子,Shaman,Restoration,healer,Stormscale
429,341.3,307257350,11,Mists of Tirna Scithe,2024-11-15T02:56:06.000Z,1573246,1890999,1,"Xal'atath's Bargain: Ascendant, Tyrannical, Challenger's Peril, Fortified",小彽,Shaman,Elemental,dps,Wrathbringer
429,341.3,307257350,11,Mists of Tirna Scithe,2024-11-15T02:56:06.000Z,1573246,1890999,1,"Xal'atath's Bargain: Ascendant, Tyrannical, Challenger's Peril, Fortified",Delta,Paladin,Retribution,dps,Menethil
429,341.3,307257350,11,Mists of Tirna Scithe,2024-11-15T02:56:06.000Z,1573246,1890999,1,"Xal'atath's Bargain: Ascendant, Tyrannical, Challenger's Peril, Fortified",巨神莖,Paladin,Protection,tank,Dragonmaw
430,341.3,307531636,11,Mists of Tirna Scithe,2024-11-16T16:36:03.000Z,1573581,1890999,1,"Xal'atath's Bargain: Ascendant, Tyrannical, Challenger's Peril, Fortified",深度冰翎,Priest,Shadow,dps,Quel'dorei
430,341.3,307531636,11,Mists of Tirna Scithe,2024-11-16T16:36:03.000Z,1573581,1890999,1,"Xal'atath's Bargain: Ascendant, Tyrannical, Challenger's Peril, Fortified",火烤就是美味,Warrior,Protection,tank,Frostmane
430,341.3,307531636,11,Mists of Tirna Scithe,2024-11-16T16:36:03.000Z,1573581,1890999,1,"Xal'atath's Bargain: Ascendant, Tyrannical, Challenger's Peril, Fortified",Commedia,Priest,Discipline,healer,Menethil
430,341.3,307531636,11,Mists of Tirna Scithe,2024-11-16T16:36:03.000Z,1573581,1890999,1,"Xal'atath's Bargain: Ascendant, Tyrannical, Challenger's Peril, Fortified",弦壺,Shaman,Elemental,dps,Arthas
430,341.3,307531636,11,Mists of Tirna Scithe,2024-11-16T16:36:03.000Z,1573581,1890999,1,"Xal'atath's Bargain: Ascendant, Tyrannical, Challenger's Peril, Fortified",世惡根源-231171220,Rogue,Assassination,dps,Sundown Marsh
431,341.3,307463390,11,Mists of Tirna Scithe,2024-11-16T07:54:27.000Z,1573773,1890999,1,"Xal'atath's Bargain: Ascendant, Tyrannical, Challenger's Peril, Fortified",小戰,Warrior,Fury,dps,Dragonmaw
431,341.3,307463390,11,Mists of Tirna Scithe,2024-11-16T07:54:27.000Z,1573773,1890999,1,"Xal'atath's Bargain: Ascendant, Tyrannical, Challenger's Peril, Fortified",Boxuan,Hunter,Survival,dps,Sundown Marsh
431,341.3,307463390,11,Mists of Tirna Scithe,2024-11-16T07:54:27.000Z,1573773,1890999,1,"Xal'atath's Bargain: Ascendant, Tyrannical, Challenger's Peril, Fortified",Layse,Mage,Frost,dps,Frostmane
431,341.3,307463390,11,Mists of Tirna Scithe,2024-11-16T07:54:27.000Z,1573773,1890999,1,"Xal'atath's Bargain: Ascendant, Tyrannical, Challenger's Peril, Fortified",路邊有小草,Paladin,Protection,tank,Sundown Marsh
431,341.3,307463390,11,Mists of Tirna Scithe,2024-11-16T07:54:27.000Z,1573773,1890999,1,"Xal'atath's Bargain: Ascendant, Tyrannical, Challenger's Peril, Fortified",外觀一號機,Druid,Restoration,healer,Shadowmoon
432,341.3,302717399,11,Mists of Tirna Scithe,2024-10-25T15:07:33.000Z,1574456,1890999,1,"Xal'atath's Bargain: Ascendant, Fortified, Challenger's Peril, Tyrannical",微笑泡泡-57234578,Shaman,Restoration,healer,Arthas
432,341.3,302717399,11,Mists of Tirna Scithe,2024-10-25T15:07:33.000Z,1574456,1890999,1,"Xal'atath's Bargain: Ascendant, Fortified, Challenger's Peril, Tyrannical",Calvinkleinr,Hunter,Marksmanship,dps,Arthas
432,341.3,302717399,11,Mists of Tirna Scithe,2024-10-25T15:07:33.000Z,1574456,1890999,1,"Xal'atath's Bargain: Ascendant, Fortified, Challenger's Peril, Tyrannical",秋無際,Mage,Arcane,dps,Sundown Marsh
432,341.3,302717399,11,Mists of Tirna Scithe,2024-10-25T15:07:33.000Z,1574456,1890999,1,"Xal'atath's Bargain: Ascendant, Fortified, Challenger's Peril, Tyrannical",紅豆吃掉貓,Warlock,Affliction,dps,Menethil
432,341.3,302717399,11,Mists of Tirna Scithe,2024-10-25T15:07:33.000Z,1574456,1890999,1,"Xal'atath's Bargain: Ascendant, Fortified, Challenger's Peril, Tyrannical",願今生不再見,Demon Hunter,Vengeance,tank,World Tree
433,341.3,302868425,11,Mists of Tirna Scithe,2024-10-26T07:47:30.000Z,1574534,1890999,1,"Xal'atath's Bargain: Ascendant, Fortified, Challenger's Peril, Tyrannical",百變大熊貓,Druid,Restoration,healer,Light's Hope
433,341.3,302868425,11,Mists of Tirna Scithe,2024-10-26T07:47:30.000Z,1574534,1890999,1,"Xal'atath's Bargain: Ascendant, Fortified, Challenger's Peril, Tyrannical",芳兒寶寶,Death Knight,Blood,tank,Quel'dorei
433,341.3,302868425,11,Mists of Tirna Scithe,2024-10-26T07:47:30.000Z,1574534,1890999,1,"Xal'atath's Bargain: Ascendant, Fortified, Challenger's Peril, Tyrannical",Meek,Hunter,Beast Mastery,dps,Shadowmoon
433,341.3,302868425,11,Mists of Tirna Scithe,2024-10-26T07:47:30.000Z,1574534,1890999,1,"Xal'atath's Bargain: Ascendant, Fortified, Challenger's Peril, Tyrannical",御煌,Warrior,Fury,dps,Shadowmoon
433,341.3,302868425,11,Mists of Tirna Scithe,2024-10-26T07:47:30.000Z,1574534,1890999,1,"Xal'atath's Bargain: Ascendant, Fortified, Challenger's Peril, Tyrannical",Skyrim,Mage,Frost,dps,Quel'dorei
434,341.3,307640985,11,Mists of Tirna Scithe,2024-11-17T02:54:57.000Z,1574971,1890999,1,"Xal'atath's Bargain: Ascendant, Tyrannical, Challenger's Peril, Fortified",鷯哥,Druid,Feral,dps,Shadowmoon
434,341.3,307640985,11,Mists of Tirna Scithe,2024-11-17T02:54:57.000Z,1574971,1890999,1,"Xal'atath's Bargain: Ascendant, Tyrannical, Challenger's Peril, Fortified",黯之刃,Death Knight,Blood,tank,Nightsong
434,341.3,307640985,11,Mists of Tirna Scithe,2024-11-17T02:54:57.000Z,1574971,1890999,1,"Xal'atath's Bargain: Ascendant, Tyrannical, Challenger's Peril, Fortified",Greenhat,Hunter,Survival,dps,Sundown Marsh
434,341.3,307640985,11,Mists of Tirna Scithe,2024-11-17T02:54:57.000Z,1574971,1890999,1,"Xal'atath's Bargain: Ascendant, Tyrannical, Challenger's Peril, Fortified",檸檬糖霜餅乾,Shaman,Restoration,healer,Skywall
434,341.3,307640985,11,Mists of Tirna Scithe,2024-11-17T02:54:57.000Z,1574971,1890999,1,"Xal'atath's Bargain: Ascendant, Tyrannical, Challenger's Peril, Fortified",寒冰利刃,Death Knight,Unholy,dps,Wrathbringer
435,341.3,308077097,11,Mists of Tirna Scithe,2024-11-19T13:32:44.000Z,1575644,1890999,1,"Xal'atath's Bargain: Ascendant, Tyrannical, Challenger's Peril, Fortified",這都是幻覺,Warlock,Destruction,dps,Dragonmaw
435,341.3,308077097,11,Mists of Tirna Scithe,2024-11-19T13:32:44.000Z,1575644,1890999,1,"Xal'atath's Bargain: Ascendant, Tyrannical, Challenger's Peril, Fortified",紅月丸,Paladin,Protection,tank,Dragonmaw
435,341.3,308077097,11,Mists of Tirna Scithe,2024-11-19T13:32:44.000Z,1575644,1890999,1,"Xal'atath's Bargain: Ascendant, Tyrannical, Challenger's Peril, Fortified",月華舞,Paladin,Retribution,dps,Icecrown
435,341.3,308077097,11,Mists of Tirna Scithe,2024-11-19T13:32:44.000Z,1575644,1890999,1,"Xal'atath's Bargain: Ascendant, Tyrannical, Challenger's Peril, Fortified",音速飛行,Warrior,Fury,dps,Shadowmoon
435,341.3,308077097,11,Mists of Tirna Scithe,2024-11-19T13:32:44.000Z,1575644,1890999,1,"Xal'atath's Bargain: Ascendant, Tyrannical, Challenger's Peril, Fortified",納蘭神夜,Shaman,Restoration,healer,Wrathbringer
436,341.2,303596132,11,Mists of Tirna Scithe,2024-10-29T08:38:41.000Z,1575969,1890999,1,"Xal'atath's Bargain: Ascendant, Fortified, Challenger's Peril, Tyrannical",我歐品康,Warlock,Affliction,dps,Zealot Blade
436,341.2,303596132,11,Mists of Tirna Scithe,2024-10-29T08:38:41.000Z,1575969,1890999,1,"Xal'atath's Bargain: Ascendant, Fortified, Challenger's Peril, Tyrannical",菲布利佐,Paladin,Retribution,dps,Shadowmoon
436,341.2,303596132,11,Mists of Tirna Scithe,2024-10-29T08:38:41.000Z,1575969,1890999,1,"Xal'atath's Bargain: Ascendant, Fortified, Challenger's Peril, Tyrannical",Thunderbuddy,Shaman,Restoration,healer,Wrathbringer
436,341.2,303596132,11,Mists of Tirna Scithe,2024-10-29T08:38:41.000Z,1575969,1890999,1,"Xal'atath's Bargain: Ascendant, Fortified, Challenger's Peril, Tyrannical",海紗,Warrior,Protection,tank,Silverwing Hold
436,341.2,303596132,11,Mists of Tirna Scithe,2024-10-29T08:38:41.000Z,1575969,1890999,1,"Xal'atath's Bargain: Ascendant, Fortified, Challenger's Peril, Tyrannical",Wickdthunder,Shaman,Elemental,dps,Shadowmoon
437,341.2,307936903,11,Mists of Tirna Scithe,2024-11-18T18:11:17.000Z,1576039,1890999,1,"Xal'atath's Bargain: Ascendant, Tyrannical, Challenger's Peril, Fortified",Eternallight,Paladin,Protection,tank,Arthas
437,341.2,307936903,11,Mists of Tirna Scithe,2024-11-18T18:11:17.000Z,1576039,1890999,1,"Xal'atath's Bargain: Ascendant, Tyrannical, Challenger's Peril, Fortified",呵呵操盤魚,Monk,Mistweaver,healer,Shadowmoon
437,341.2,307936903,11,Mists of Tirna Scithe,2024-11-18T18:11:17.000Z,1576039,1890999,1,"Xal'atath's Bargain: Ascendant, Tyrannical, Challenger's Peril, Fortified",Keria,Paladin,Retribution,dps,Stormscale
437,341.2,307936903,11,Mists of Tirna Scithe,2024-11-18T18:11:17.000Z,1576039,1890999,1,"Xal'atath's Bargain: Ascendant, Tyrannical, Challenger's Peril, Fortified",海綿體寶寶,Mage,Fire,dps,Dragonmaw
437,341.2,307936903,11,Mists of Tirna Scithe,2024-11-18T18:11:17.000Z,1576039,1890999,1,"Xal'atath's Bargain: Ascendant, Tyrannical, Challenger's Peril, Fortified",备战,Druid,Balance,dps,Stormscale
438,341.2,298631366,11,Mists of Tirna Scithe,2024-10-24T17:30:09.000Z,1576699,1890999,1,"Xal'atath's Bargain: Ascendant, Fortified, Challenger's Peril, Tyrannical",Cjyuan,Mage,Frost,dps,Wrathbringer
438,341.2,298631366,11,Mists of Tirna Scithe,2024-10-24T17:30:09.000Z,1576699,1890999,1,"Xal'atath's Bargain: Ascendant, Fortified, Challenger's Peril, Tyrannical",麻弟貓兒,Death Knight,Frost,dps,Bleeding Hollow
438,341.2,298631366,11,Mists of Tirna Scithe,2024-10-24T17:30:09.000Z,1576699,1890999,1,"Xal'atath's Bargain: Ascendant, Fortified, Challenger's Peril, Tyrannical",歐北阮變,Druid,Guardian,tank,Sundown Marsh
438,341.2,298631366,11,Mists of Tirna Scithe,2024-10-24T17:30:09.000Z,1576699,1890999,1,"Xal'atath's Bargain: Ascendant, Fortified, Challenger's Peril, Tyrannical",煉小希,Priest,Discipline,healer,Demon Fall Canyon
438,341.2,298631366,11,Mists of Tirna Scithe,2024-10-24T17:30:09.000Z,1576699,1890999,1,"Xal'atath's Bargain: Ascendant, Fortified, Challenger's Peril, Tyrannical",Timchen,Rogue,Assassination,dps,Sundown Marsh
439,341.2,303637737,11,Mists of Tirna Scithe,2024-10-29T14:56:20.000Z,1577356,1890999,1,"Xal'atath's Bargain: Ascendant, Fortified, Challenger's Peril, Tyrannical",諸葛風,Shaman,Restoration,healer,Wrathbringer
439,341.2,303637737,11,Mists of Tirna Scithe,2024-10-29T14:56:20.000Z,1577356,1890999,1,"Xal'atath's Bargain: Ascendant, Fortified, Challenger's Peril, Tyrannical",Liudavid,Rogue,Outlaw,dps,Shadowmoon
439,341.2,303637737,11,Mists of Tirna Scithe,2024-10-29T14:56:20.000Z,1577356,1890999,1,"Xal'atath's Bargain: Ascendant, Fortified, Challenger's Peril, Tyrannical",我的兔子聯盟,Shaman,Enhancement,dps,Shadowmoon
439,341.2,303637737,11,Mists of Tirna Scithe,2024-10-29T14:56:20.000Z,1577356,1890999,1,"Xal'atath's Bargain: Ascendant, Fortified, Challenger's Peril, Tyrannical",麻枝來打棒球,Druid,Guardian,tank,Shadowmoon
439,341.2,303637737,11,Mists of Tirna Scithe,2024-10-29T14:56:20.000Z,1577356,1890999,1,"Xal'atath's Bargain: Ascendant, Fortified, Challenger's Peril, Tyrannical",撲街熊,Shaman,Elemental,dps,Shadowmoon
440,341.2,302874892,11,Mists of Tirna Scithe,2024-10-26T05:50:59.000Z,1578222,1890999,1,"Xal'atath's Bargain: Ascendant, Fortified, Challenger's Peril, Tyrannical",冷雪貓咪,Hunter,Survival,dps,World Tree
440,341.2,302874892,11,Mists of Tirna Scithe,2024-10-26T05:50:59.000Z,1578222,1890999,1,"Xal'atath's Bargain: Ascendant, Fortified, Challenger's Peril, Tyrannical",以渦可,Evoker,Devastation,dps,Shadowmoon
440,341.2,302874892,11,Mists of Tirna Scithe,2024-10-26T05:50:59.000Z,1578222,1890999,1,"Xal'atath's Bargain: Ascendant, Fortified, Challenger's Peril, Tyrannical",咕奶奶,Druid,Guardian,tank,Shadowmoon
440,341.2,302874892,11,Mists of Tirna Scithe,2024-10-26T05:50:59.000Z,1578222,1890999,1,"Xal'atath's Bargain: Ascendant, Fortified, Challenger's Peril, Tyrannical",Chatterley,Druid,Restoration,healer,Shadowmoon
440,341.2,302874892,11,Mists of Tirna Scithe,2024-10-26T05:50:59.000Z,1578222,1890999,1,"Xal'atath's Bargain: Ascendant, Fortified, Challenger's Peril, Tyrannical",醒來,Shaman,Elemental,dps,Shadowmoon
441,341.2,308059036,11,Mists of Tirna Scithe,2024-11-19T10:18:32.000Z,1580059,1890999,1,"Xal'atath's Bargain: Ascendant, Tyrannical, Challenger's Peril, Fortified",一凋零之焰一,Paladin,Protection,tank,Chillwind Point
441,341.2,308059036,11,Mists of Tirna Scithe,2024-11-19T10:18:32.000Z,1580059,1890999,1,"Xal'atath's Bargain: Ascendant, Tyrannical, Challenger's Peril, Fortified",沒力奧達斯,Rogue,Assassination,dps,Demon Fall Canyon
441,341.2,308059036,11,Mists of Tirna Scithe,2024-11-19T10:18:32.000Z,1580059,1890999,1,"Xal'atath's Bargain: Ascendant, Tyrannical, Challenger's Peril, Fortified",多甘,Druid,Balance,dps,Nightsong
441,341.2,308059036,11,Mists of Tirna Scithe,2024-11-19T10:18:32.000Z,1580059,1890999,1,"Xal'atath's Bargain: Ascendant, Tyrannical, Challenger's Peril, Fortified",空腹熊貓,Shaman,Restoration,healer,Shadowmoon
441,341.2,308059036,11,Mists of Tirna Scithe,2024-11-19T10:18:32.000Z,1580059,1890999,1,"Xal'atath's Bargain: Ascendant, Tyrannical, Challenger's Peril, Fortified",惡魔蛋糕,Demon Hunter,Havoc,dps,Shadowmoon
442,341.2,303641351,11,Mists of Tirna Scithe,2024-10-29T13:43:40.000Z,1580623,1890999,1,"Xal'atath's Bargain: Ascendant, Fortified, Challenger's Peril, Tyrannical",虛灵空幻,Death Knight,Unholy,dps,Spirestone
442,341.2,303641351,11,Mists of Tirna Scithe,2024-10-29T13:43:40.000Z,1580623,1890999,1,"Xal'atath's Bargain: Ascendant, Fortified, Challenger's Peril, Tyrannical",再濺就再見,Paladin,Protection,tank,Spirestone
442,341.2,303641351,11,Mists of Tirna Scithe,2024-10-29T13:43:40.000Z,1580623,1890999,1,"Xal'atath's Bargain: Ascendant, Fortified, Challenger's Peril, Tyrannical",光年之外,Paladin,Retribution,dps,Silverwing Hold
442,341.2,303641351,11,Mists of Tirna Scithe,2024-10-29T13:43:40.000Z,1580623,1890999,1,"Xal'atath's Bargain: Ascendant, Fortified, Challenger's Peril, Tyrannical",眼底丶,Priest,Shadow,dps,Icecrown
442,341.2,303641351,11,Mists of Tirna Scithe,2024-10-29T13:43:40.000Z,1580623,1890999,1,"Xal'atath's Bargain: Ascendant, Fortified, Challenger's Peril, Tyrannical",天才少女甜野,Shaman,Restoration,healer,Quel'dorei
443,341.1,307167747,11,Mists of Tirna Scithe,2024-11-14T14:39:00.000Z,1581352,1890999,1,"Xal'atath's Bargain: Ascendant, Tyrannical, Challenger's Peril, Fortified",野兔猴子,Hunter,Survival,dps,Arygos
443,341.1,307167747,11,Mists of Tirna Scithe,2024-11-14T14:39:00.000Z,1581352,1890999,1,"Xal'atath's Bargain: Ascendant, Tyrannical, Challenger's Peril, Fortified",孤凜,Rogue,Assassination,dps,Shadowmoon
443,341.1,307167747,11,Mists of Tirna Scithe,2024-11-14T14:39:00.000Z,1581352,1890999,1,"Xal'atath's Bargain: Ascendant, Tyrannical, Challenger's Peril, Fortified",Morphy,Priest,Discipline,healer,Frostmane
443,341.1,307167747,11,Mists of Tirna Scithe,2024-11-14T14:39:00.000Z,1581352,1890999,1,"Xal'atath's Bargain: Ascendant, Tyrannical, Challenger's Peril, Fortified",宮美春車,Demon Hunter,Vengeance,tank,Frostmane
443,341.1,307167747,11,Mists of Tirna Scithe,2024-11-14T14:39:00.000Z,1581352,1890999,1,"Xal'atath's Bargain: Ascendant, Tyrannical, Challenger's Peril, Fortified",薰衣草色的海,Warlock,Destruction,dps,Arygos
444,341.1,307724643,11,Mists of Tirna Scithe,2024-11-17T13:30:21.000Z,1581699,1890999,1,"Xal'atath's Bargain: Ascendant, Tyrannical, Challenger's Peril, Fortified",百合仙子,Priest,Holy,healer,Skywall
444,341.1,307724643,11,Mists of Tirna Scithe,2024-11-17T13:30:21.000Z,1581699,1890999,1,"Xal'atath's Bargain: Ascendant, Tyrannical, Challenger's Peril, Fortified",夜影之靜,Druid,Feral,dps,Light's Hope
444,341.1,307724643,11,Mists of Tirna Scithe,2024-11-17T13:30:21.000Z,1581699,1890999,1,"Xal'atath's Bargain: Ascendant, Tyrannical, Challenger's Peril, Fortified",兔子男孩,Paladin,Retribution,dps,Wrathbringer
444,341.1,307724643,11,Mists of Tirna Scithe,2024-11-17T13:30:21.000Z,1581699,1890999,1,"Xal'atath's Bargain: Ascendant, Tyrannical, Challenger's Peril, Fortified",焚巢蕩穴,Monk,Brewmaster,tank,Skywall
444,341.1,307724643,11,Mists of Tirna Scithe,2024-11-17T13:30:21.000Z,1581699,1890999,1,"Xal'atath's Bargain: Ascendant, Tyrannical, Challenger's Peril, Fortified",阿翔我來了,Evoker,Augmentation,dps,Zealot Blade
445,341.1,307897306,11,Mists of Tirna Scithe,2024-11-18T12:04:47.000Z,1581759,1890999,1,"Xal'atath's Bargain: Ascendant, Tyrannical, Challenger's Peril, Fortified",黒毛和牛,Paladin,Retribution,dps,Shadowmoon
445,341.1,307897306,11,Mists of Tirna Scithe,2024-11-18T12:04:47.000Z,1581759,1890999,1,"Xal'atath's Bargain: Ascendant, Tyrannical, Challenger's Peril, Fortified",银娃,Hunter,Beast Mastery,dps,Menethil
445,341.1,307897306,11,Mists of Tirna Scithe,2024-11-18T12:04:47.000Z,1581759,1890999,1,"Xal'atath's Bargain: Ascendant, Tyrannical, Challenger's Peril, Fortified",移動岑寶,Paladin,Protection,tank,Shadowmoon
445,341.1,307897306,11,Mists of Tirna Scithe,2024-11-18T12:04:47.000Z,1581759,1890999,1,"Xal'atath's Bargain: Ascendant, Tyrannical, Challenger's Peril, Fortified",劇毒生蠔,Rogue,Assassination,dps,Zealot Blade
445,341.1,307897306,11,Mists of Tirna Scithe,2024-11-18T12:04:47.000Z,1581759,1890999,1,"Xal'atath's Bargain: Ascendant, Tyrannical, Challenger's Peril, Fortified",只只,Priest,Discipline,healer,Quel'dorei
446,341.1,303811824,11,Mists of Tirna Scithe,2024-10-30T08:18:33.000Z,1582495,1890999,1,"Xal'atath's Bargain: Ascendant, Fortified, Challenger's Peril, Tyrannical",璃小燁,Death Knight,Blood,tank,Sundown Marsh
446,341.1,303811824,11,Mists of Tirna Scithe,2024-10-30T08:18:33.000Z,1582495,1890999,1,"Xal'atath's Bargain: Ascendant, Fortified, Challenger's Peril, Tyrannical",鐵牛爸,Death Knight,Frost,dps,Shadowmoon
446,341.1,303811824,11,Mists of Tirna Scithe,2024-10-30T08:18:33.000Z,1582495,1890999,1,"Xal'atath's Bargain: Ascendant, Fortified, Challenger's Peril, Tyrannical",原來是賊,Rogue,Assassination,dps,Skywall
446,341.1,303811824,11,Mists of Tirna Scithe,2024-10-30T08:18:33.000Z,1582495,1890999,1,"Xal'atath's Bargain: Ascendant, Fortified, Challenger's Peril, Tyrannical",紫欣雨,Shaman,Restoration,healer,Skywall
446,341.1,303811824,11,Mists of Tirna Scithe,2024-10-30T08:18:33.000Z,1582495,1890999,1,"Xal'atath's Bargain: Ascendant, Fortified, Challenger's Peril, Tyrannical",夏日飛雪花-230214269,Paladin,Retribution,dps,Skywall
447,341.1,302953834,11,Mists of Tirna Scithe,2024-10-26T16:01:39.000Z,1582936,1890999,1,"Xal'atath's Bargain: Ascendant, Fortified, Challenger's Peril, Tyrannical",疾祈快怪,Monk,Brewmaster,tank,Frostmane
447,341.1,302953834,11,Mists of Tirna Scithe,2024-10-26T16:01:39.000Z,1582936,1890999,1,"Xal'atath's Bargain: Ascendant, Fortified, Challenger's Peril, Tyrannical",七彩的魚,Mage,Frost,dps,Bleeding Hollow
447,341.1,302953834,11,Mists of Tirna Scithe,2024-10-26T16:01:39.000Z,1582936,1890999,1,"Xal'atath's Bargain: Ascendant, Fortified, Challenger's Peril, Tyrannical",紅手的茉莉,Death Knight,Unholy,dps,Crystalpine Stinger
447,341.1,302953834,11,Mists of Tirna Scithe,2024-10-26T16:01:39.000Z,1582936,1890999,1,"Xal'atath's Bargain: Ascendant, Fortified, Challenger's Peril, Tyrannical",Locsent,Warrior,Fury,dps,Crystalpine Stinger
447,341.1,302953834,11,Mists of Tirna Scithe,2024-10-26T16:01:39.000Z,1582936,1890999,1,"Xal'atath's Bargain: Ascendant, Fortified, Challenger's Peril, Tyrannical",祖爾紹,Shaman,Restoration,healer,Bleeding Hollow
448,341.1,303679808,11,Mists of Tirna Scithe,2024-10-29T18:52:02.000Z,1583868,1890999,1,"Xal'atath's Bargain: Ascendant, Fortified, Challenger's Peril, Tyrannical",海蛇,Shaman,Restoration,healer,Sundown Marsh
448,341.1,303679808,11,Mists of Tirna Scithe,2024-10-29T18:52:02.000Z,1583868,1890999,1,"Xal'atath's Bargain: Ascendant, Fortified, Challenger's Peril, Tyrannical",嫵丑丑,Death Knight,Blood,tank,Shadowmoon
448,341.1,303679808,11,Mists of Tirna Scithe,2024-10-29T18:52:02.000Z,1583868,1890999,1,"Xal'atath's Bargain: Ascendant, Fortified, Challenger's Peril, Tyrannical",Angelia,Druid,Balance,dps,World Tree
448,341.1,303679808,11,Mists of Tirna Scithe,2024-10-29T18:52:02.000Z,1583868,1890999,1,"Xal'atath's Bargain: Ascendant, Fortified, Challenger's Peril, Tyrannical",夏日蜜蘋果酒,Paladin,Retribution,dps,Icecrown
448,341.1,303679808,11,Mists of Tirna Scithe,2024-10-29T18:52:02.000Z,1583868,1890999,1,"Xal'atath's Bargain: Ascendant, Fortified, Challenger's Peril, Tyrannical",Homelanderhs,Death Knight,Frost,dps,Wrathbringer
449,341.1,307518969,11,Mists of Tirna Scithe,2024-11-16T15:52:23.000Z,1584177,1890999,1,"Xal'atath's Bargain: Ascendant, Tyrannical, Challenger's Peril, Fortified",長孫無垢,Death Knight,Unholy,dps,Zealot Blade
449,341.1,307518969,11,Mists of Tirna Scithe,2024-11-16T15:52:23.000Z,1584177,1890999,1,"Xal'atath's Bargain: Ascendant, Tyrannical, Challenger's Peril, Fortified",Sunjuicx,Paladin,Protection,tank,Nightsong
449,341.1,307518969,11,Mists of Tirna Scithe,2024-11-16T15:52:23.000Z,1584177,1890999,1,"Xal'atath's Bargain: Ascendant, Tyrannical, Challenger's Peril, Fortified",木秀愉林,Rogue,Assassination,dps,Arthas
449,341.1,307518969,11,Mists of Tirna Scithe,2024-11-16T15:52:23.000Z,1584177,1890999,1,"Xal'atath's Bargain: Ascendant, Tyrannical, Challenger's Peril, Fortified",貓茶,Shaman,Restoration,healer,Whisperwind
449,341.1,307518969,11,Mists of Tirna Scithe,2024-11-16T15:52:23.000Z,1584177,1890999,1,"Xal'atath's Bargain: Ascendant, Tyrannical, Challenger's Peril, Fortified",我愛甜蝦麵,Evoker,Augmentation,dps,Sundown Marsh
450,341.1,303439762,11,Mists of Tirna Scithe,2024-10-28T16:25:19.000Z,1584433,1890999,1,"Xal'atath's Bargain: Ascendant, Fortified, Challenger's Peril, Tyrannical",無效的審判,Paladin,Protection,tank,Sundown Marsh
450,341.1,303439762,11,Mists of Tirna Scithe,2024-10-28T16:25:19.000Z,1584433,1890999,1,"Xal'atath's Bargain: Ascendant, Fortified, Challenger's Peril, Tyrannical",紫芯,Paladin,Retribution,dps,Nightsong
450,341.1,303439762,11,Mists of Tirna Scithe,2024-10-28T16:25:19.000Z,1584433,1890999,1,"Xal'atath's Bargain: Ascendant, Fortified, Challenger's Peril, Tyrannical",鬥鬥機,Monk,Windwalker,dps,Sundown Marsh
450,341.1,303439762,11,Mists of Tirna Scithe,2024-10-28T16:25:19.000Z,1584433,1890999,1,"Xal'atath's Bargain: Ascendant, Fortified, Challenger's Peril, Tyrannical",魚花花,Shaman,Restoration,healer,Sundown Marsh
450,341.1,303439762,11,Mists of Tirna Scithe,2024-10-28T16:25:19.000Z,1584433,1890999,1,"Xal'atath's Bargain: Ascendant, Fortified, Challenger's Peril, Tyrannical",玻璃心,Mage,Frost,dps,Crystalpine Stinger
451,341.1,307277229,11,Mists of Tirna Scithe,2024-11-15T05:59:03.000Z,1585436,1890999,1,"Xal'atath's Bargain: Ascendant, Tyrannical, Challenger's Peril, Fortified",尼古拉斯睡魔,Hunter,Beast Mastery,dps,Chillwind Point
451,341.1,307277229,11,Mists of Tirna Scithe,2024-11-15T05:59:03.000Z,1585436,1890999,1,"Xal'atath's Bargain: Ascendant, Tyrannical, Challenger's Peril, Fortified",黑心包子,Warlock,Demonology,dps,Demon Fall Canyon
451,341.1,307277229,11,Mists of Tirna Scithe,2024-11-15T05:59:03.000Z,1585436,1890999,1,"Xal'atath's Bargain: Ascendant, Tyrannical, Challenger's Peril, Fortified",復生的大王,Death Knight,Blood,tank,Crystalpine Stinger
451,341.1,307277229,11,Mists of Tirna Scithe,2024-11-15T05:59:03.000Z,1585436,1890999,1,"Xal'atath's Bargain: Ascendant, Tyrannical, Challenger's Peril, Fortified",Opopopya,Priest,Discipline,healer,Sundown Marsh
451,341.1,307277229,11,Mists of Tirna Scithe,2024-11-15T05:59:03.000Z,1585436,1890999,1,"Xal'atath's Bargain: Ascendant, Tyrannical, Challenger's Peril, Fortified",Vicmage,Mage,Frost,dps,Shadowmoon
452,341.1,303802986,11,Mists of Tirna Scithe,2024-10-30T06:57:46.000Z,1585527,1890999,1,"Xal'atath's Bargain: Ascendant, Fortified, Challenger's Peril, Tyrannical",堂本暖暖包,Paladin,Retribution,dps,Shadowmoon
452,341.1,303802986,11,Mists of Tirna Scithe,2024-10-30T06:57:46.000Z,1585527,1890999,1,"Xal'atath's Bargain: Ascendant, Fortified, Challenger's Peril, Tyrannical",黑獅牛肉麵,Death Knight,Unholy,dps,Crystalpine Stinger
452,341.1,303802986,11,Mists of Tirna Scithe,2024-10-30T06:57:46.000Z,1585527,1890999,1,"Xal'atath's Bargain: Ascendant, Fortified, Challenger's Peril, Tyrannical",毀滅噴射白光,Evoker,Augmentation,dps,Light's Hope
452,341.1,303802986,11,Mists of Tirna Scithe,2024-10-30T06:57:46.000Z,1585527,1890999,1,"Xal'atath's Bargain: Ascendant, Fortified, Challenger's Peril, Tyrannical",小星,Shaman,Restoration,healer,Quel'dorei
452,341.1,303802986,11,Mists of Tirna Scithe,2024-10-30T06:57:46.000Z,1585527,1890999,1,"Xal'atath's Bargain: Ascendant, Fortified, Challenger's Peril, Tyrannical",小龍,Paladin,Protection,tank,Quel'dorei
453,341.1,307118815,11,Mists of Tirna Scithe,2024-11-14T05:30:21.000Z,1585605,1890999,1,"Xal'atath's Bargain: Ascendant, Tyrannical, Challenger's Peril, Fortified",Julyr,Warrior,Protection,tank,Demon Fall Canyon
453,341.1,307118815,11,Mists of Tirna Scithe,2024-11-14T05:30:21.000Z,1585605,1890999,1,"Xal'atath's Bargain: Ascendant, Tyrannical, Challenger's Peril, Fortified",歲月留憾,Evoker,Devastation,dps,Demon Fall Canyon
453,341.1,307118815,11,Mists of Tirna Scithe,2024-11-14T05:30:21.000Z,1585605,1890999,1,"Xal'atath's Bargain: Ascendant, Tyrannical, Challenger's Peril, Fortified",Opopopya,Priest,Discipline,healer,Sundown Marsh
453,341.1,307118815,11,Mists of Tirna Scithe,2024-11-14T05:30:21.000Z,1585605,1890999,1,"Xal'atath's Bargain: Ascendant, Tyrannical, Challenger's Peril, Fortified",雪花焉落時,Druid,Balance,dps,Nightsong
453,341.1,307118815,11,Mists of Tirna Scithe,2024-11-14T05:30:21.000Z,1585605,1890999,1,"Xal'atath's Bargain: Ascendant, Tyrannical, Challenger's Peril, Fortified",Jijihaoyang,Paladin,Retribution,dps,Chillwind Point
454,341.1,303192479,11,Mists of Tirna Scithe,2024-10-27T15:26:14.000Z,1585729,1890999,1,"Xal'atath's Bargain: Ascendant, Fortified, Challenger's Peril, Tyrannical",小牛眸哞叫,Evoker,Preservation,healer,Wrathbringer
454,341.1,303192479,11,Mists of Tirna Scithe,2024-10-27T15:26:14.000Z,1585729,1890999,1,"Xal'atath's Bargain: Ascendant, Fortified, Challenger's Peril, Tyrannical",威爾海扁,Warrior,Fury,dps,Frostmane
454,341.1,303192479,11,Mists of Tirna Scithe,2024-10-27T15:26:14.000Z,1585729,1890999,1,"Xal'atath's Bargain: Ascendant, Fortified, Challenger's Peril, Tyrannical",千早愛音,Paladin,Protection,tank,Dragonmaw
454,341.1,303192479,11,Mists of Tirna Scithe,2024-10-27T15:26:14.000Z,1585729,1890999,1,"Xal'atath's Bargain: Ascendant, Fortified, Challenger's Peril, Tyrannical",溫柔豆干,Priest,Shadow,dps,Arygos
454,341.1,303192479,11,Mists of Tirna Scithe,2024-10-27T15:26:14.000Z,1585729,1890999,1,"Xal'atath's Bargain: Ascendant, Fortified, Challenger's Peril, Tyrannical",Sunnydk,Death Knight,Frost,dps,Frostmane
455,341,307309446,11,Mists of Tirna Scithe,2024-11-15T12:45:10.000Z,1586011,1890999,1,"Xal'atath's Bargain: Ascendant, Tyrannical, Challenger's Peril, Fortified",爛泥,Shaman,Elemental,dps,Demon Fall Canyon
455,341,307309446,11,Mists of Tirna Scithe,2024-11-15T12:45:10.000Z,1586011,1890999,1,"Xal'atath's Bargain: Ascendant, Tyrannical, Challenger's Peril, Fortified",米達,Paladin,Protection,tank,Sundown Marsh
455,341,307309446,11,Mists of Tirna Scithe,2024-11-15T12:45:10.000Z,1586011,1890999,1,"Xal'atath's Bargain: Ascendant, Tyrannical, Challenger's Peril, Fortified",獨殤,Priest,Discipline,healer,Light's Hope
455,341,307309446,11,Mists of Tirna Scithe,2024-11-15T12:45:10.000Z,1586011,1890999,1,"Xal'atath's Bargain: Ascendant, Tyrannical, Challenger's Peril, Fortified",Talrasha,Mage,Arcane,dps,Demon Fall Canyon
455,341,307309446,11,Mists of Tirna Scithe,2024-11-15T12:45:10.000Z,1586011,1890999,1,"Xal'atath's Bargain: Ascendant, Tyrannical, Challenger's Peril, Fortified",Edwardcullen,Death Knight,Unholy,dps,Demon Fall Canyon
456,341,307545749,11,Mists of Tirna Scithe,2024-11-16T18:17:19.000Z,1586316,1890999,1,"Xal'atath's Bargain: Ascendant, Tyrannical, Challenger's Peril, Fortified",Saobao,Hunter,Survival,dps,Whisperwind
456,341,307545749,11,Mists of Tirna Scithe,2024-11-16T18:17:19.000Z,1586316,1890999,1,"Xal'atath's Bargain: Ascendant, Tyrannical, Challenger's Peril, Fortified",三色豆,Shaman,Restoration,healer,Demon Fall Canyon
456,341,307545749,11,Mists of Tirna Scithe,2024-11-16T18:17:19.000Z,1586316,1890999,1,"Xal'atath's Bargain: Ascendant, Tyrannical, Challenger's Peril, Fortified",雨女,Paladin,Protection,tank,Shadowmoon
456,341,307545749,11,Mists of Tirna Scithe,2024-11-16T18:17:19.000Z,1586316,1890999,1,"Xal'atath's Bargain: Ascendant, Tyrannical, Challenger's Peril, Fortified",熙婆婆,Shaman,Elemental,dps,World Tree
456,341,307545749,11,Mists of Tirna Scithe,2024-11-16T18:17:19.000Z,1586316,1890999,1,"Xal'atath's Bargain: Ascendant, Tyrannical, Challenger's Peril, Fortified",Ytsy,Paladin,Retribution,dps,Silverwing Hold
457,341,302919721,11,Mists of Tirna Scithe,2024-10-26T13:00:46.000Z,1586861,1890999,1,"Xal'atath's Bargain: Ascendant, Fortified, Challenger's Peril, Tyrannical",凍飲布朗妮,Mage,Frost,dps,Shadowmoon
457,341,302919721,11,Mists of Tirna Scithe,2024-10-26T13:00:46.000Z,1586861,1890999,1,"Xal'atath's Bargain: Ascendant, Fortified, Challenger's Peril, Tyrannical",Gniiek,Paladin,Protection,tank,Quel'dorei
457,341,302919721,11,Mists of Tirna Scithe,2024-10-26T13:00:46.000Z,1586861,1890999,1,"Xal'atath's Bargain: Ascendant, Fortified, Challenger's Peril, Tyrannical",綠鳶,Shaman,Restoration,healer,Shadowmoon
457,341,302919721,11,Mists of Tirna Scithe,2024-10-26T13:00:46.000Z,1586861,1890999,1,"Xal'atath's Bargain: Ascendant, Fortified, Challenger's Peril, Tyrannical",佳絲祈婷,Warrior,Fury,dps,Quel'dorei
457,341,302919721,11,Mists of Tirna Scithe,2024-10-26T13:00:46.000Z,1586861,1890999,1,"Xal'atath's Bargain: Ascendant, Fortified, Challenger's Peril, Tyrannical",史帝芬周星星,Death Knight,Frost,dps,Whisperwind
458,341,308042229,11,Mists of Tirna Scithe,2024-11-19T06:58:38.000Z,1587574,1890999,1,"Xal'atath's Bargain: Ascendant, Tyrannical, Challenger's Peril, Fortified",燕子飛時,Paladin,Protection,tank,Shadowmoon
458,341,308042229,11,Mists of Tirna Scithe,2024-11-19T06:58:38.000Z,1587574,1890999,1,"Xal'atath's Bargain: Ascendant, Tyrannical, Challenger's Peril, Fortified",陌生吹雪,Hunter,Marksmanship,dps,Frostmane
458,341,308042229,11,Mists of Tirna Scithe,2024-11-19T06:58:38.000Z,1587574,1890999,1,"Xal'atath's Bargain: Ascendant, Tyrannical, Challenger's Peril, Fortified",紫欣雨,Shaman,Restoration,healer,Skywall
458,341,308042229,11,Mists of Tirna Scithe,2024-11-19T06:58:38.000Z,1587574,1890999,1,"Xal'atath's Bargain: Ascendant, Tyrannical, Challenger's Peril, Fortified",猛虎掉下山,Paladin,Retribution,dps,Sundown Marsh
458,341,308042229,11,Mists of Tirna Scithe,2024-11-19T06:58:38.000Z,1587574,1890999,1,"Xal'atath's Bargain: Ascendant, Tyrannical, Challenger's Peril, Fortified",天空的深藍-231303363,Shaman,Enhancement,dps,Skywall
459,341,303141866,11,Mists of Tirna Scithe,2024-10-27T09:12:20.000Z,1587626,1890999,1,"Xal'atath's Bargain: Ascendant, Fortified, Challenger's Peril, Tyrannical",曉星辰,Rogue,Outlaw,dps,Arygos
459,341,303141866,11,Mists of Tirna Scithe,2024-10-27T09:12:20.000Z,1587626,1890999,1,"Xal'atath's Bargain: Ascendant, Fortified, Challenger's Peril, Tyrannical",靈水晶,Shaman,Restoration,healer,Sundown Marsh
459,341,303141866,11,Mists of Tirna Scithe,2024-10-27T09:12:20.000Z,1587626,1890999,1,"Xal'atath's Bargain: Ascendant, Fortified, Challenger's Peril, Tyrannical",Corrosion,Mage,Frost,dps,Sundown Marsh
459,341,303141866,11,Mists of Tirna Scithe,2024-10-27T09:12:20.000Z,1587626,1890999,1,"Xal'atath's Bargain: Ascendant, Fortified, Challenger's Peril, Tyrannical",路易絲破甲,Warrior,Fury,dps,Chillwind Point
459,341,303141866,11,Mists of Tirna Scithe,2024-10-27T09:12:20.000Z,1587626,1890999,1,"Xal'atath's Bargain: Ascendant, Fortified, Challenger's Peril, Tyrannical",咕咕啵啵,Druid,Guardian,tank,Sundown Marsh
460,341,307275107,11,Mists of Tirna Scithe,2024-11-15T05:17:41.000Z,1588744,1890999,1,"Xal'atath's Bargain: Ascendant, Tyrannical, Challenger's Peril, Fortified",蒜蒜魔,Druid,Guardian,tank,Whisperwind
460,341,307275107,11,Mists of Tirna Scithe,2024-11-15T05:17:41.000Z,1588744,1890999,1,"Xal'atath's Bargain: Ascendant, Tyrannical, Challenger's Peril, Fortified",暴殄天物,Shaman,Restoration,healer,World Tree
460,341,307275107,11,Mists of Tirna Scithe,2024-11-15T05:17:41.000Z,1588744,1890999,1,"Xal'atath's Bargain: Ascendant, Tyrannical, Challenger's Peril, Fortified",狐草,Monk,Windwalker,dps,Shadowmoon
460,341,307275107,11,Mists of Tirna Scithe,2024-11-15T05:17:41.000Z,1588744,1890999,1,"Xal'atath's Bargain: Ascendant, Tyrannical, Challenger's Peril, Fortified",銀背爪爪,Hunter,Beast Mastery,dps,Frostmane
460,341,307275107,11,Mists of Tirna Scithe,2024-11-15T05:17:41.000Z,1588744,1890999,1,"Xal'atath's Bargain: Ascendant, Tyrannical, Challenger's Peril, Fortified",紅幹,Paladin,Retribution,dps,Wrathbringer
461,341,293770668,11,Mists of Tirna Scithe,2024-10-24T15:27:20.000Z,1588788,1890999,1,"Xal'atath's Bargain: Ascendant, Fortified, Challenger's Peril, Tyrannical",泡沫奶綠,Shaman,Enhancement,dps,Shadowmoon
461,341,293770668,11,Mists of Tirna Scithe,2024-10-24T15:27:20.000Z,1588788,1890999,1,"Xal'atath's Bargain: Ascendant, Fortified, Challenger's Peril, Tyrannical",小澄澄,Druid,Feral,dps,Shadowmoon
461,341,293770668,11,Mists of Tirna Scithe,2024-10-24T15:27:20.000Z,1588788,1890999,1,"Xal'atath's Bargain: Ascendant, Fortified, Challenger's Peril, Tyrannical",港女不兇,Shaman,Restoration,healer,Shadowmoon
461,341,293770668,11,Mists of Tirna Scithe,2024-10-24T15:27:20.000Z,1588788,1890999,1,"Xal'atath's Bargain: Ascendant, Fortified, Challenger's Peril, Tyrannical",噗嚨拱,Evoker,Augmentation,dps,Shadowmoon
461,341,293770668,11,Mists of Tirna Scithe,2024-10-24T15:27:20.000Z,1588788,1890999,1,"Xal'atath's Bargain: Ascendant, Fortified, Challenger's Peril, Tyrannical",Akay,Monk,Brewmaster,tank,Frostmane
462,341,302948129,11,Mists of Tirna Scithe,2024-10-26T13:33:38.000Z,1589524,1890999,1,"Xal'atath's Bargain: Ascendant, Fortified, Challenger's Peril, Tyrannical",花訣,Demon Hunter,Vengeance,tank,Whisperwind
462,341,302948129,11,Mists of Tirna Scithe,2024-10-26T13:33:38.000Z,1589524,1890999,1,"Xal'atath's Bargain: Ascendant, Fortified, Challenger's Peril, Tyrannical",小小凌月靈,Hunter,Marksmanship,dps,Light's Hope
462,341,302948129,11,Mists of Tirna Scithe,2024-10-26T13:33:38.000Z,1589524,1890999,1,"Xal'atath's Bargain: Ascendant, Fortified, Challenger's Peril, Tyrannical",不要盧我,Warlock,Destruction,dps,Shadowmoon
462,341,302948129,11,Mists of Tirna Scithe,2024-10-26T13:33:38.000Z,1589524,1890999,1,"Xal'atath's Bargain: Ascendant, Fortified, Challenger's Peril, Tyrannical",月渚,Mage,Frost,dps,Shadowmoon
462,341,302948129,11,Mists of Tirna Scithe,2024-10-26T13:33:38.000Z,1589524,1890999,1,"Xal'atath's Bargain: Ascendant, Fortified, Challenger's Peril, Tyrannical",瞎忙狗狗-229978874,Shaman,Restoration,healer,Demon Fall Canyon
463,341,302447265,11,Mists of Tirna Scithe,2024-10-24T07:43:44.000Z,1590710,1890999,1,"Xal'atath's Bargain: Ascendant, Fortified, Challenger's Peril, Tyrannical",貓娘,Warrior,Fury,dps,Skywall
463,341,302447265,11,Mists of Tirna Scithe,2024-10-24T07:43:44.000Z,1590710,1890999,1,"Xal'atath's Bargain: Ascendant, Fortified, Challenger's Peril, Tyrannical",咕姑固,Druid,Balance,dps,Shadowmoon
463,341,302447265,11,Mists of Tirna Scithe,2024-10-24T07:43:44.000Z,1590710,1890999,1,"Xal'atath's Bargain: Ascendant, Fortified, Challenger's Peril, Tyrannical",Katyuki,Shaman,Restoration,healer,Skywall
463,341,302447265,11,Mists of Tirna Scithe,2024-10-24T07:43:44.000Z,1590710,1890999,1,"Xal'atath's Bargain: Ascendant, Fortified, Challenger's Peril, Tyrannical",禿頭拳,Monk,Brewmaster,tank,Skywall
463,341,302447265,11,Mists of Tirna Scithe,2024-10-24T07:43:44.000Z,1590710,1890999,1,"Xal'atath's Bargain: Ascendant, Fortified, Challenger's Peril, Tyrannical",Lelouchs,Paladin,Retribution,dps,Skywall
464,340.9,307469126,11,Mists of Tirna Scithe,2024-11-16T08:58:52.000Z,1591172,1890999,1,"Xal'atath's Bargain: Ascendant, Tyrannical, Challenger's Peril, Fortified",鈴風,Druid,Restoration,healer,World Tree
464,340.9,307469126,11,Mists of Tirna Scithe,2024-11-16T08:58:52.000Z,1591172,1890999,1,"Xal'atath's Bargain: Ascendant, Tyrannical, Challenger's Peril, Fortified",沫薇,Druid,Guardian,tank,World Tree
464,340.9,307469126,11,Mists of Tirna Scithe,2024-11-16T08:58:52.000Z,1591172,1890999,1,"Xal'atath's Bargain: Ascendant, Tyrannical, Challenger's Peril, Fortified",尖頭菈芮,Mage,Fire,dps,World Tree
464,340.9,307469126,11,Mists of Tirna Scithe,2024-11-16T08:58:52.000Z,1591172,1890999,1,"Xal'atath's Bargain: Ascendant, Tyrannical, Challenger's Peril, Fortified",夕媃,Warlock,Destruction,dps,Shadowmoon
464,340.9,307469126,11,Mists of Tirna Scithe,2024-11-16T08:58:52.000Z,1591172,1890999,1,"Xal'atath's Bargain: Ascendant, Tyrannical, Challenger's Peril, Fortified",Zardy,Paladin,Retribution,dps,World Tree
465,340.9,308038288,11,Mists of Tirna Scithe,2024-11-19T05:37:43.000Z,1592169,1890999,1,"Xal'atath's Bargain: Ascendant, Tyrannical, Challenger's Peril, Fortified",熱太妃糖紅茶-56921698,Priest,Discipline,healer,Arthas
465,340.9,308038288,11,Mists of Tirna Scithe,2024-11-19T05:37:43.000Z,1592169,1890999,1,"Xal'atath's Bargain: Ascendant, Tyrannical, Challenger's Peril, Fortified",Pikasiou,Shaman,Enhancement,dps,Icecrown
465,340.9,308038288,11,Mists of Tirna Scithe,2024-11-19T05:37:43.000Z,1592169,1890999,1,"Xal'atath's Bargain: Ascendant, Tyrannical, Challenger's Peril, Fortified",Preheat,Evoker,Augmentation,dps,Light's Hope
465,340.9,308038288,11,Mists of Tirna Scithe,2024-11-19T05:37:43.000Z,1592169,1890999,1,"Xal'atath's Bargain: Ascendant, Tyrannical, Challenger's Peril, Fortified",阿姨洗爹路,Mage,Frost,dps,Demon Fall Canyon
465,340.9,308038288,11,Mists of Tirna Scithe,2024-11-19T05:37:43.000Z,1592169,1890999,1,"Xal'atath's Bargain: Ascendant, Tyrannical, Challenger's Peril, Fortified",信不信我扁你,Druid,Guardian,tank,Arthas
466,340.9,303205736,11,Mists of Tirna Scithe,2024-10-27T15:53:41.000Z,1592381,1890999,1,"Xal'atath's Bargain: Ascendant, Fortified, Challenger's Peril, Tyrannical",逆特,Warrior,Protection,tank,Sundown Marsh
466,340.9,303205736,11,Mists of Tirna Scithe,2024-10-27T15:53:41.000Z,1592381,1890999,1,"Xal'atath's Bargain: Ascendant, Fortified, Challenger's Peril, Tyrannical",一輪輪胖嘟嘟,Monk,Mistweaver,healer,Demon Fall Canyon
466,340.9,303205736,11,Mists of Tirna Scithe,2024-10-27T15:53:41.000Z,1592381,1890999,1,"Xal'atath's Bargain: Ascendant, Fortified, Challenger's Peril, Tyrannical",Farfalle,Hunter,Beast Mastery,dps,Spirestone
466,340.9,303205736,11,Mists of Tirna Scithe,2024-10-27T15:53:41.000Z,1592381,1890999,1,"Xal'atath's Bargain: Ascendant, Fortified, Challenger's Peril, Tyrannical",飄飄冥燈龍,Druid,Balance,dps,Spirestone
466,340.9,303205736,11,Mists of Tirna Scithe,2024-10-27T15:53:41.000Z,1592381,1890999,1,"Xal'atath's Bargain: Ascendant, Fortified, Challenger's Peril, Tyrannical",巨龍波音波音,Evoker,Devastation,dps,Sundown Marsh
467,340.9,302631502,11,Mists of Tirna Scithe,2024-10-25T07:22:25.000Z,1592769,1890999,1,"Xal'atath's Bargain: Ascendant, Fortified, Challenger's Peril, Tyrannical",劉羽嬋,Warrior,Arms,dps,Bleeding Hollow
467,340.9,302631502,11,Mists of Tirna Scithe,2024-10-25T07:22:25.000Z,1592769,1890999,1,"Xal'atath's Bargain: Ascendant, Fortified, Challenger's Peril, Tyrannical",Azur,Paladin,Protection,tank,Bleeding Hollow
467,340.9,302631502,11,Mists of Tirna Scithe,2024-10-25T07:22:25.000Z,1592769,1890999,1,"Xal'atath's Bargain: Ascendant, Fortified, Challenger's Peril, Tyrannical",泰瑞爾光誓,Paladin,Retribution,dps,Nightsong
467,340.9,302631502,11,Mists of Tirna Scithe,2024-10-25T07:22:25.000Z,1592769,1890999,1,"Xal'atath's Bargain: Ascendant, Fortified, Challenger's Peril, Tyrannical",哈墨,Shaman,Elemental,dps,Nightsong
467,340.9,302631502,11,Mists of Tirna Scithe,2024-10-25T07:22:25.000Z,1592769,1890999,1,"Xal'atath's Bargain: Ascendant, Fortified, Challenger's Peril, Tyrannical",Mickcy,Priest,Discipline,healer,Light's Hope
468,340.9,303422986,11,Mists of Tirna Scithe,2024-10-28T14:46:15.000Z,1592876,1890999,1,"Xal'atath's Bargain: Ascendant, Fortified, Challenger's Peril, Tyrannical",地震才是王道,Shaman,Restoration,healer,Shadowmoon
468,340.9,303422986,11,Mists of Tirna Scithe,2024-10-28T14:46:15.000Z,1592876,1890999,1,"Xal'atath's Bargain: Ascendant, Fortified, Challenger's Peril, Tyrannical",Locsent,Warrior,Fury,dps,Crystalpine Stinger
468,340.9,303422986,11,Mists of Tirna Scithe,2024-10-28T14:46:15.000Z,1592876,1890999,1,"Xal'atath's Bargain: Ascendant, Fortified, Challenger's Peril, Tyrannical",貓界哲學家,Druid,Feral,dps,Crystalpine Stinger
468,340.9,303422986,11,Mists of Tirna Scithe,2024-10-28T14:46:15.000Z,1592876,1890999,1,"Xal'atath's Bargain: Ascendant, Fortified, Challenger's Peril, Tyrannical",那個內褲,Shaman,Elemental,dps,Wrathbringer
468,340.9,303422986,11,Mists of Tirna Scithe,2024-10-28T14:46:15.000Z,1592876,1890999,1,"Xal'atath's Bargain: Ascendant, Fortified, Challenger's Peril, Tyrannical",萬神論劍,Warrior,Protection,tank,Arygos
469,340.9,307181607,11,Mists of Tirna Scithe,2024-11-14T17:35:40.000Z,1593416,1890999,1,"Xal'atath's Bargain: Ascendant, Tyrannical, Challenger's Peril, Fortified",小牛喜歡圖騰,Shaman,Enhancement,dps,Bleeding Hollow
469,340.9,307181607,11,Mists of Tirna Scithe,2024-11-14T17:35:40.000Z,1593416,1890999,1,"Xal'atath's Bargain: Ascendant, Tyrannical, Challenger's Peril, Fortified",自由度,Priest,Discipline,healer,Bleeding Hollow
469,340.9,307181607,11,Mists of Tirna Scithe,2024-11-14T17:35:40.000Z,1593416,1890999,1,"Xal'atath's Bargain: Ascendant, Tyrannical, Challenger's Peril, Fortified",Aileinuo,Warrior,Protection,tank,Bleeding Hollow
469,340.9,307181607,11,Mists of Tirna Scithe,2024-11-14T17:35:40.000Z,1593416,1890999,1,"Xal'atath's Bargain: Ascendant, Tyrannical, Challenger's Peril, Fortified",蕾夢,Rogue,Assassination,dps,Bleeding Hollow
469,340.9,307181607,11,Mists of Tirna Scithe,2024-11-14T17:35:40.000Z,1593416,1890999,1,"Xal'atath's Bargain: Ascendant, Tyrannical, Challenger's Peril, Fortified",Stranded,Druid,Balance,dps,Bleeding Hollow
470,340.9,307169778,11,Mists of Tirna Scithe,2024-11-14T15:55:28.000Z,1593632,1890999,1,"Xal'atath's Bargain: Ascendant, Tyrannical, Challenger's Peril, Fortified",霜若塵櫻,Mage,Frost,dps,World Tree
470,340.9,307169778,11,Mists of Tirna Scithe,2024-11-14T15:55:28.000Z,1593632,1890999,1,"Xal'atath's Bargain: Ascendant, Tyrannical, Challenger's Peril, Fortified",忐忑,Paladin,Retribution,dps,World Tree
470,340.9,307169778,11,Mists of Tirna Scithe,2024-11-14T15:55:28.000Z,1593632,1890999,1,"Xal'atath's Bargain: Ascendant, Tyrannical, Challenger's Peril, Fortified",一滾木頭,Death Knight,Blood,tank,Arygos
470,340.9,307169778,11,Mists of Tirna Scithe,2024-11-14T15:55:28.000Z,1593632,1890999,1,"Xal'atath's Bargain: Ascendant, Tyrannical, Challenger's Peril, Fortified",黑皮貓貓,Shaman,Restoration,healer,World Tree
470,340.9,307169778,11,Mists of Tirna Scithe,2024-11-14T15:55:28.000Z,1593632,1890999,1,"Xal'atath's Bargain: Ascendant, Tyrannical, Challenger's Peril, Fortified",寶寶不會坦,Paladin,Retribution,dps,Shadowmoon
471,340.9,303632551,11,Mists of Tirna Scithe,2024-10-29T13:42:33.000Z,1594474,1890999,1,"Xal'atath's Bargain: Ascendant, Fortified, Challenger's Peril, Tyrannical",歲天殛,Shaman,Restoration,healer,Skywall
471,340.9,303632551,11,Mists of Tirna Scithe,2024-10-29T13:42:33.000Z,1594474,1890999,1,"Xal'atath's Bargain: Ascendant, Fortified, Challenger's Peril, Tyrannical",霸龍仔,Death Knight,Frost,dps,Chillwind Point
471,340.9,303632551,11,Mists of Tirna Scithe,2024-10-29T13:42:33.000Z,1594474,1890999,1,"Xal'atath's Bargain: Ascendant, Fortified, Challenger's Peril, Tyrannical",波旬,Paladin,Protection,tank,Wrathbringer
471,340.9,303632551,11,Mists of Tirna Scithe,2024-10-29T13:42:33.000Z,1594474,1890999,1,"Xal'atath's Bargain: Ascendant, Fortified, Challenger's Peril, Tyrannical",武武,Evoker,Augmentation,dps,Sundown Marsh
471,340.9,303632551,11,Mists of Tirna Scithe,2024-10-29T13:42:33.000Z,1594474,1890999,1,"Xal'atath's Bargain: Ascendant, Fortified, Challenger's Peril, Tyrannical",喪盡天良-156380233,Rogue,Assassination,dps,Arthas
472,340.8,308082832,11,Mists of Tirna Scithe,2024-11-19T14:46:00.000Z,1596111,1890999,1,"Xal'atath's Bargain: Ascendant, Tyrannical, Challenger's Peril, Fortified",小哲的半龍人,Evoker,Augmentation,dps,Sundown Marsh
472,340.8,308082832,11,Mists of Tirna Scithe,2024-11-19T14:46:00.000Z,1596111,1890999,1,"Xal'atath's Bargain: Ascendant, Tyrannical, Challenger's Peril, Fortified",貓瓜喵喵,Paladin,Protection,tank,Sundown Marsh
472,340.8,308082832,11,Mists of Tirna Scithe,2024-11-19T14:46:00.000Z,1596111,1890999,1,"Xal'atath's Bargain: Ascendant, Tyrannical, Challenger's Peril, Fortified",Mugenmage,Mage,Fire,dps,Silverwing Hold
472,340.8,308082832,11,Mists of Tirna Scithe,2024-11-19T14:46:00.000Z,1596111,1890999,1,"Xal'atath's Bargain: Ascendant, Tyrannical, Challenger's Peril, Fortified",娜菩媞菈,Priest,Holy,healer,Wrathbringer
472,340.8,308082832,11,Mists of Tirna Scithe,2024-11-19T14:46:00.000Z,1596111,1890999,1,"Xal'atath's Bargain: Ascendant, Tyrannical, Challenger's Peril, Fortified",Minjii,Death Knight,Frost,dps,Sundown Marsh
473,340.8,302712290,11,Mists of Tirna Scithe,2024-10-24T17:27:11.000Z,1597233,1890999,1,"Xal'atath's Bargain: Ascendant, Fortified, Challenger's Peril, Tyrannical",我會奶死人,Shaman,Elemental,dps,Shadowmoon
473,340.8,302712290,11,Mists of Tirna Scithe,2024-10-24T17:27:11.000Z,1597233,1890999,1,"Xal'atath's Bargain: Ascendant, Fortified, Challenger's Peril, Tyrannical",愛與正義化身,Paladin,Retribution,dps,Frostmane
473,340.8,302712290,11,Mists of Tirna Scithe,2024-10-24T17:27:11.000Z,1597233,1890999,1,"Xal'atath's Bargain: Ascendant, Fortified, Challenger's Peril, Tyrannical",靈風,Priest,Discipline,healer,World Tree
473,340.8,302712290,11,Mists of Tirna Scithe,2024-10-24T17:27:11.000Z,1597233,1890999,1,"Xal'atath's Bargain: Ascendant, Fortified, Challenger's Peril, Tyrannical",摩摩咪,Paladin,Retribution,dps,Frostmane
473,340.8,302712290,11,Mists of Tirna Scithe,2024-10-24T17:27:11.000Z,1597233,1890999,1,"Xal'atath's Bargain: Ascendant, Fortified, Challenger's Peril, Tyrannical",圖恩卡,Paladin,Protection,tank,World Tree
474,340.8,302935098,11,Mists of Tirna Scithe,2024-10-26T14:27:07.000Z,1597629,1890999,1,"Xal'atath's Bargain: Ascendant, Fortified, Challenger's Peril, Tyrannical",Jolielover,Paladin,Retribution,dps,Skywall
474,340.8,302935098,11,Mists of Tirna Scithe,2024-10-26T14:27:07.000Z,1597629,1890999,1,"Xal'atath's Bargain: Ascendant, Fortified, Challenger's Peril, Tyrannical",火龍人,Evoker,Augmentation,dps,Skywall
474,340.8,302935098,11,Mists of Tirna Scithe,2024-10-26T14:27:07.000Z,1597629,1890999,1,"Xal'atath's Bargain: Ascendant, Fortified, Challenger's Peril, Tyrannical",月光下的嘆息,Priest,Discipline,healer,Skywall
474,340.8,302935098,11,Mists of Tirna Scithe,2024-10-26T14:27:07.000Z,1597629,1890999,1,"Xal'atath's Bargain: Ascendant, Fortified, Challenger's Peril, Tyrannical",泰瑞爾小球,Warlock,Destruction,dps,Hellscream
474,340.8,302935098,11,Mists of Tirna Scithe,2024-10-26T14:27:07.000Z,1597629,1890999,1,"Xal'atath's Bargain: Ascendant, Fortified, Challenger's Peril, Tyrannical",Jokerxdh,Demon Hunter,Vengeance,tank,Crystalpine Stinger
475,340.8,303144787,11,Mists of Tirna Scithe,2024-10-27T08:58:41.000Z,1598329,1890999,1,"Xal'atath's Bargain: Ascendant, Fortified, Challenger's Peril, Tyrannical",塵小法,Mage,Frost,dps,Arthas
475,340.8,303144787,11,Mists of Tirna Scithe,2024-10-27T08:58:41.000Z,1598329,1890999,1,"Xal'atath's Bargain: Ascendant, Fortified, Challenger's Peril, Tyrannical",呂夢生,Warlock,Demonology,dps,Crystalpine Stinger
475,340.8,303144787,11,Mists of Tirna Scithe,2024-10-27T08:58:41.000Z,1598329,1890999,1,"Xal'atath's Bargain: Ascendant, Fortified, Challenger's Peril, Tyrannical",岩瀨千夏,Priest,Discipline,healer,Arthas
475,340.8,303144787,11,Mists of Tirna Scithe,2024-10-27T08:58:41.000Z,1598329,1890999,1,"Xal'atath's Bargain: Ascendant, Fortified, Challenger's Peril, Tyrannical",長崎爽世,Paladin,Retribution,dps,Wrathbringer
475,340.8,303144787,11,Mists of Tirna Scithe,2024-10-27T08:58:41.000Z,1598329,1890999,1,"Xal'atath's Bargain: Ascendant, Fortified, Challenger's Peril, Tyrannical",Yabushige,Paladin,Protection,tank,Hellscream
476,340.8,307184812,11,Mists of Tirna Scithe,2024-11-14T17:42:49.000Z,1598446,1890999,1,"Xal'atath's Bargain: Ascendant, Tyrannical, Challenger's Peril, Fortified",紫蘭靈,Shaman,Elemental,dps,Spirestone
476,340.8,307184812,11,Mists of Tirna Scithe,2024-11-14T17:42:49.000Z,1598446,1890999,1,"Xal'atath's Bargain: Ascendant, Tyrannical, Challenger's Peril, Fortified",Supremee,Hunter,Beast Mastery,dps,Crystalpine Stinger
476,340.8,307184812,11,Mists of Tirna Scithe,2024-11-14T17:42:49.000Z,1598446,1890999,1,"Xal'atath's Bargain: Ascendant, Tyrannical, Challenger's Peril, Fortified",哈囉吉蒂,Demon Hunter,Vengeance,tank,Frostmane
476,340.8,307184812,11,Mists of Tirna Scithe,2024-11-14T17:42:49.000Z,1598446,1890999,1,"Xal'atath's Bargain: Ascendant, Tyrannical, Challenger's Peril, Fortified",Dxgeneration,Shaman,Restoration,healer,Crystalpine Stinger
476,340.8,307184812,11,Mists of Tirna Scithe,2024-11-14T17:42:49.000Z,1598446,1890999,1,"Xal'atath's Bargain: Ascendant, Tyrannical, Challenger's Peril, Fortified",不能說的聖光,Paladin,Retribution,dps,Arthas
477,340.8,303449899,11,Mists of Tirna Scithe,2024-10-28T15:53:11.000Z,1598741,1890999,1,"Xal'atath's Bargain: Ascendant, Fortified, Challenger's Peril, Tyrannical",Tcmlol,Hunter,Beast Mastery,dps,Sundown Marsh
477,340.8,303449899,11,Mists of Tirna Scithe,2024-10-28T15:53:11.000Z,1598741,1890999,1,"Xal'atath's Bargain: Ascendant, Fortified, Challenger's Peril, Tyrannical",Dunkel,Druid,Restoration,healer,Sundown Marsh
477,340.8,303449899,11,Mists of Tirna Scithe,2024-10-28T15:53:11.000Z,1598741,1890999,1,"Xal'atath's Bargain: Ascendant, Fortified, Challenger's Peril, Tyrannical",Ykdawn,Warrior,Protection,tank,Sundown Marsh
477,340.8,303449899,11,Mists of Tirna Scithe,2024-10-28T15:53:11.000Z,1598741,1890999,1,"Xal'atath's Bargain: Ascendant, Fortified, Challenger's Peril, Tyrannical",Cruelwhisper,Death Knight,Frost,dps,Sundown Marsh
477,340.8,303449899,11,Mists of Tirna Scithe,2024-10-28T15:53:11.000Z,1598741,1890999,1,"Xal'atath's Bargain: Ascendant, Fortified, Challenger's Peril, Tyrannical",你說的天空藍,Mage,Fire,dps,Sundown Marsh
478,340.8,307728280,11,Mists of Tirna Scithe,2024-11-17T14:42:36.000Z,1599856,1890999,1,"Xal'atath's Bargain: Ascendant, Tyrannical, Challenger's Peril, Fortified",Holyfree,Paladin,Retribution,dps,Whisperwind
478,340.8,307728280,11,Mists of Tirna Scithe,2024-11-17T14:42:36.000Z,1599856,1890999,1,"Xal'atath's Bargain: Ascendant, Tyrannical, Challenger's Peril, Fortified",Linga,Shaman,Enhancement,dps,Quel'dorei
478,340.8,307728280,11,Mists of Tirna Scithe,2024-11-17T14:42:36.000Z,1599856,1890999,1,"Xal'atath's Bargain: Ascendant, Tyrannical, Challenger's Peril, Fortified",Babecue,Shaman,Enhancement,dps,Quel'dorei
478,340.8,307728280,11,Mists of Tirna Scithe,2024-11-17T14:42:36.000Z,1599856,1890999,1,"Xal'atath's Bargain: Ascendant, Tyrannical, Challenger's Peril, Fortified",潔歐拉,Priest,Discipline,healer,Whisperwind
478,340.8,307728280,11,Mists of Tirna Scithe,2024-11-17T14:42:36.000Z,1599856,1890999,1,"Xal'atath's Bargain: Ascendant, Tyrannical, Challenger's Peril, Fortified",衝鋒圖騰,Warrior,Protection,tank,Shadowmoon
479,340.8,303002973,11,Mists of Tirna Scithe,2024-10-26T17:48:14.000Z,1599902,1890999,1,"Xal'atath's Bargain: Ascendant, Fortified, Challenger's Peril, Tyrannical",史努比比,Priest,Discipline,healer,Menethil
479,340.8,303002973,11,Mists of Tirna Scithe,2024-10-26T17:48:14.000Z,1599902,1890999,1,"Xal'atath's Bargain: Ascendant, Fortified, Challenger's Peril, Tyrannical",波多野結巴,Hunter,Marksmanship,dps,Whisperwind
479,340.8,303002973,11,Mists of Tirna Scithe,2024-10-26T17:48:14.000Z,1599902,1890999,1,"Xal'atath's Bargain: Ascendant, Fortified, Challenger's Peril, Tyrannical",魚販小晴,Mage,Frost,dps,Crystalpine Stinger
479,340.8,303002973,11,Mists of Tirna Scithe,2024-10-26T17:48:14.000Z,1599902,1890999,1,"Xal'atath's Bargain: Ascendant, Fortified, Challenger's Peril, Tyrannical",止水天星,Death Knight,Frost,dps,Frostmane
479,340.8,303002973,11,Mists of Tirna Scithe,2024-10-26T17:48:14.000Z,1599902,1890999,1,"Xal'atath's Bargain: Ascendant, Fortified, Challenger's Peril, Tyrannical",神速的奶茶,Druid,Guardian,tank,Menethil
480,340.7,302491614,11,Mists of Tirna Scithe,2024-10-24T16:15:33.000Z,1601311,1890999,1,"Xal'atath's Bargain: Ascendant, Fortified, Challenger's Peril, Tyrannical",伽布瑞爾,Shaman,Restoration,healer,Shadowmoon
480,340.7,302491614,11,Mists of Tirna Scithe,2024-10-24T16:15:33.000Z,1601311,1890999,1,"Xal'atath's Bargain: Ascendant, Fortified, Challenger's Peril, Tyrannical",焦糖味的吻,Druid,Balance,dps,Shadowmoon
480,340.7,302491614,11,Mists of Tirna Scithe,2024-10-24T16:15:33.000Z,1601311,1890999,1,"Xal'atath's Bargain: Ascendant, Fortified, Challenger's Peril, Tyrannical",上班打游戲,Monk,Windwalker,dps,Shadowmoon
480,340.7,302491614,11,Mists of Tirna Scithe,2024-10-24T16:15:33.000Z,1601311,1890999,1,"Xal'atath's Bargain: Ascendant, Fortified, Challenger's Peril, Tyrannical",Freia,Paladin,Protection,tank,Shadowmoon
480,340.7,302491614,11,Mists of Tirna Scithe,2024-10-24T16:15:33.000Z,1601311,1890999,1,"Xal'atath's Bargain: Ascendant, Fortified, Challenger's Peril, Tyrannical",Seldomadd,Death Knight,Frost,dps,Shadowmoon
481,340.7,302759454,11,Mists of Tirna Scithe,2024-10-25T20:06:08.000Z,1602067,1890999,1,"Xal'atath's Bargain: Ascendant, Fortified, Challenger's Peril, Tyrannical",血辰,Mage,Frost,dps,World Tree
481,340.7,302759454,11,Mists of Tirna Scithe,2024-10-25T20:06:08.000Z,1602067,1890999,1,"Xal'atath's Bargain: Ascendant, Fortified, Challenger's Peril, Tyrannical",小牛蹄子,Shaman,Elemental,dps,Sundown Marsh
481,340.7,302759454,11,Mists of Tirna Scithe,2024-10-25T20:06:08.000Z,1602067,1890999,1,"Xal'atath's Bargain: Ascendant, Fortified, Challenger's Peril, Tyrannical",克軌,Shaman,Restoration,healer,Bleeding Hollow
481,340.7,302759454,11,Mists of Tirna Scithe,2024-10-25T20:06:08.000Z,1602067,1890999,1,"Xal'atath's Bargain: Ascendant, Fortified, Challenger's Peril, Tyrannical",阿薩扛瓦斯,Death Knight,Frost,dps,Sundown Marsh
481,340.7,302759454,11,Mists of Tirna Scithe,2024-10-25T20:06:08.000Z,1602067,1890999,1,"Xal'atath's Bargain: Ascendant, Fortified, Challenger's Peril, Tyrannical",黑嬤嬤,Warrior,Protection,tank,Sundown Marsh
482,340.7,307173942,11,Mists of Tirna Scithe,2024-11-14T16:25:49.000Z,1602091,1890999,1,"Xal'atath's Bargain: Ascendant, Tyrannical, Challenger's Peril, Fortified",熊熊也忘記,Priest,Discipline,healer,Sundown Marsh
482,340.7,307173942,11,Mists of Tirna Scithe,2024-11-14T16:25:49.000Z,1602091,1890999,1,"Xal'atath's Bargain: Ascendant, Tyrannical, Challenger's Peril, Fortified",一殺魄狼一,Hunter,Survival,dps,Shadowmoon
482,340.7,307173942,11,Mists of Tirna Scithe,2024-11-14T16:25:49.000Z,1602091,1890999,1,"Xal'atath's Bargain: Ascendant, Tyrannical, Challenger's Peril, Fortified",沉澱回憶,Death Knight,Frost,dps,Sundown Marsh
482,340.7,307173942,11,Mists of Tirna Scithe,2024-11-14T16:25:49.000Z,1602091,1890999,1,"Xal'atath's Bargain: Ascendant, Tyrannical, Challenger's Peril, Fortified",Nichirin,Warrior,Protection,tank,Shadowmoon
482,340.7,307173942,11,Mists of Tirna Scithe,2024-11-14T16:25:49.000Z,1602091,1890999,1,"Xal'atath's Bargain: Ascendant, Tyrannical, Challenger's Peril, Fortified",不停發呆,Warlock,Destruction,dps,Shadowmoon
483,340.7,307165562,11,Mists of Tirna Scithe,2024-11-14T15:13:04.000Z,1602362,1890999,1,"Xal'atath's Bargain: Ascendant, Tyrannical, Challenger's Peril, Fortified",琉璃詩音,Death Knight,Blood,tank,Nightsong
483,340.7,307165562,11,Mists of Tirna Scithe,2024-11-14T15:13:04.000Z,1602362,1890999,1,"Xal'atath's Bargain: Ascendant, Tyrannical, Challenger's Peril, Fortified",沙欣格,Warlock,Destruction,dps,Skywall
483,340.7,307165562,11,Mists of Tirna Scithe,2024-11-14T15:13:04.000Z,1602362,1890999,1,"Xal'atath's Bargain: Ascendant, Tyrannical, Challenger's Peril, Fortified",Papamatcha,Hunter,Survival,dps,Crystalpine Stinger
483,340.7,307165562,11,Mists of Tirna Scithe,2024-11-14T15:13:04.000Z,1602362,1890999,1,"Xal'atath's Bargain: Ascendant, Tyrannical, Challenger's Peril, Fortified",薩塔莉亞,Shaman,Restoration,healer,Skywall
483,340.7,307165562,11,Mists of Tirna Scithe,2024-11-14T15:13:04.000Z,1602362,1890999,1,"Xal'atath's Bargain: Ascendant, Tyrannical, Challenger's Peril, Fortified",悶我,Rogue,Assassination,dps,Wrathbringer
484,340.7,307927741,11,Mists of Tirna Scithe,2024-11-18T16:30:37.000Z,1603188,1890999,1,"Xal'atath's Bargain: Ascendant, Tyrannical, Challenger's Peril, Fortified",希爾騛,Paladin,Retribution,dps,Frostmane
484,340.7,307927741,11,Mists of Tirna Scithe,2024-11-18T16:30:37.000Z,1603188,1890999,1,"Xal'atath's Bargain: Ascendant, Tyrannical, Challenger's Peril, Fortified",塔魯黑角,Shaman,Restoration,healer,Frostmane
484,340.7,307927741,11,Mists of Tirna Scithe,2024-11-18T16:30:37.000Z,1603188,1890999,1,"Xal'atath's Bargain: Ascendant, Tyrannical, Challenger's Peril, Fortified",就是愛補刀,Priest,Shadow,dps,Frostmane
484,340.7,307927741,11,Mists of Tirna Scithe,2024-11-18T16:30:37.000Z,1603188,1890999,1,"Xal'atath's Bargain: Ascendant, Tyrannical, Challenger's Peril, Fortified",Woosawoosa,Druid,Guardian,tank,Frostmane
484,340.7,307927741,11,Mists of Tirna Scithe,2024-11-18T16:30:37.000Z,1603188,1890999,1,"Xal'atath's Bargain: Ascendant, Tyrannical, Challenger's Peril, Fortified",永生之後,Hunter,Beast Mastery,dps,Frostmane
485,340.7,307344725,11,Mists of Tirna Scithe,2024-11-15T17:29:49.000Z,1603393,1890999,1,"Xal'atath's Bargain: Ascendant, Tyrannical, Challenger's Peril, Fortified",化蛇,Shaman,Restoration,healer,Silverwing Hold
485,340.7,307344725,11,Mists of Tirna Scithe,2024-11-15T17:29:49.000Z,1603393,1890999,1,"Xal'atath's Bargain: Ascendant, Tyrannical, Challenger's Peril, Fortified",歡喜就好,Warrior,Protection,tank,Silverwing Hold
485,340.7,307344725,11,Mists of Tirna Scithe,2024-11-15T17:29:49.000Z,1603393,1890999,1,"Xal'atath's Bargain: Ascendant, Tyrannical, Challenger's Peril, Fortified",打球要靠腰,Warlock,Demonology,dps,Demon Fall Canyon
485,340.7,307344725,11,Mists of Tirna Scithe,2024-11-15T17:29:49.000Z,1603393,1890999,1,"Xal'atath's Bargain: Ascendant, Tyrannical, Challenger's Peril, Fortified",Alexs,Death Knight,Frost,dps,Arthas
485,340.7,307344725,11,Mists of Tirna Scithe,2024-11-15T17:29:49.000Z,1603393,1890999,1,"Xal'atath's Bargain: Ascendant, Tyrannical, Challenger's Peril, Fortified",龍骨科比比,Druid,Balance,dps,Shadowmoon
486,340.7,307905608,11,Mists of Tirna Scithe,2024-11-18T13:06:15.000Z,1603535,1890999,1,"Xal'atath's Bargain: Ascendant, Tyrannical, Challenger's Peril, Fortified",演員,Paladin,Retribution,dps,Skywall
486,340.7,307905608,11,Mists of Tirna Scithe,2024-11-18T13:06:15.000Z,1603535,1890999,1,"Xal'atath's Bargain: Ascendant, Tyrannical, Challenger's Peril, Fortified",騎士他爸,Paladin,Protection,tank,Shadowmoon
486,340.7,307905608,11,Mists of Tirna Scithe,2024-11-18T13:06:15.000Z,1603535,1890999,1,"Xal'atath's Bargain: Ascendant, Tyrannical, Challenger's Peril, Fortified",Xypher,Paladin,Retribution,dps,Shadowmoon
486,340.7,307905608,11,Mists of Tirna Scithe,2024-11-18T13:06:15.000Z,1603535,1890999,1,"Xal'atath's Bargain: Ascendant, Tyrannical, Challenger's Peril, Fortified",听風引玉,Shaman,Enhancement,dps,Quel'dorei
486,340.7,307905608,11,Mists of Tirna Scithe,2024-11-18T13:06:15.000Z,1603535,1890999,1,"Xal'atath's Bargain: Ascendant, Tyrannical, Challenger's Peril, Fortified",一葉寶寶,Priest,Discipline,healer,Shadowmoon
487,340.7,307935321,11,Mists of Tirna Scithe,2024-11-18T17:18:59.000Z,1604157,1890999,1,"Xal'atath's Bargain: Ascendant, Tyrannical, Challenger's Peril, Fortified",麗蘭特,Priest,Discipline,healer,World Tree
487,340.7,307935321,11,Mists of Tirna Scithe,2024-11-18T17:18:59.000Z,1604157,1890999,1,"Xal'atath's Bargain: Ascendant, Tyrannical, Challenger's Peril, Fortified",血翼皇,Warlock,Destruction,dps,Spirestone
487,340.7,307935321,11,Mists of Tirna Scithe,2024-11-18T17:18:59.000Z,1604157,1890999,1,"Xal'atath's Bargain: Ascendant, Tyrannical, Challenger's Peril, Fortified",樂悠情,Paladin,Protection,tank,Arygos
487,340.7,307935321,11,Mists of Tirna Scithe,2024-11-18T17:18:59.000Z,1604157,1890999,1,"Xal'atath's Bargain: Ascendant, Tyrannical, Challenger's Peril, Fortified",小小哆啦,Rogue,Assassination,dps,Spirestone
487,340.7,307935321,11,Mists of Tirna Scithe,2024-11-18T17:18:59.000Z,1604157,1890999,1,"Xal'atath's Bargain: Ascendant, Tyrannical, Challenger's Peril, Fortified",賽凡,Shaman,Enhancement,dps,Stormscale
488,340.7,303246087,11,Mists of Tirna Scithe,2024-10-27T17:00:25.000Z,1604204,1890999,1,"Xal'atath's Bargain: Ascendant, Fortified, Challenger's Peril, Tyrannical",Alglol,Paladin,Protection,tank,Shadowmoon
488,340.7,303246087,11,Mists of Tirna Scithe,2024-10-27T17:00:25.000Z,1604204,1890999,1,"Xal'atath's Bargain: Ascendant, Fortified, Challenger's Peril, Tyrannical",Kralgin,Shaman,Restoration,healer,Whisperwind
488,340.7,303246087,11,Mists of Tirna Scithe,2024-10-27T17:00:25.000Z,1604204,1890999,1,"Xal'atath's Bargain: Ascendant, Fortified, Challenger's Peril, Tyrannical",Kimkimsm,Shaman,Elemental,dps,Shadowmoon
488,340.7,303246087,11,Mists of Tirna Scithe,2024-10-27T17:00:25.000Z,1604204,1890999,1,"Xal'atath's Bargain: Ascendant, Fortified, Challenger's Peril, Tyrannical",發霉的鯛魚燒,Death Knight,Frost,dps,Shadowmoon
488,340.7,303246087,11,Mists of Tirna Scithe,2024-10-27T17:00:25.000Z,1604204,1890999,1,"Xal'atath's Bargain: Ascendant, Fortified, Challenger's Peril, Tyrannical",暗殺牛仔,Shaman,Elemental,dps,Shadowmoon
489,340.7,307469724,11,Mists of Tirna Scithe,2024-11-16T08:41:35.000Z,1604269,1890999,1,"Xal'atath's Bargain: Ascendant, Tyrannical, Challenger's Peril, Fortified",橘水軒,Shaman,Elemental,dps,Shadowmoon
489,340.7,307469724,11,Mists of Tirna Scithe,2024-11-16T08:41:35.000Z,1604269,1890999,1,"Xal'atath's Bargain: Ascendant, Tyrannical, Challenger's Peril, Fortified",蝦威仙,Shaman,Elemental,dps,Whisperwind
489,340.7,307469724,11,Mists of Tirna Scithe,2024-11-16T08:41:35.000Z,1604269,1890999,1,"Xal'atath's Bargain: Ascendant, Tyrannical, Challenger's Peril, Fortified",Angrynoob,Demon Hunter,Havoc,dps,Zealot Blade
489,340.7,307469724,11,Mists of Tirna Scithe,2024-11-16T08:41:35.000Z,1604269,1890999,1,"Xal'atath's Bargain: Ascendant, Tyrannical, Challenger's Peril, Fortified",塔波萬歲,Paladin,Protection,tank,Light's Hope
489,340.7,307469724,11,Mists of Tirna Scithe,2024-11-16T08:41:35.000Z,1604269,1890999,1,"Xal'atath's Bargain: Ascendant, Tyrannical, Challenger's Peril, Fortified",川普,Priest,Discipline,healer,Shadowmoon
490,340.7,307504940,11,Mists of Tirna Scithe,2024-11-16T14:07:50.000Z,1604288,1890999,1,"Xal'atath's Bargain: Ascendant, Tyrannical, Challenger's Peril, Fortified",梅砒拉,Warlock,Destruction,dps,Shadowmoon
490,340.7,307504940,11,Mists of Tirna Scithe,2024-11-16T14:07:50.000Z,1604288,1890999,1,"Xal'atath's Bargain: Ascendant, Tyrannical, Challenger's Peril, Fortified",慕容菲爾,Paladin,Protection,tank,Whisperwind
490,340.7,307504940,11,Mists of Tirna Scithe,2024-11-16T14:07:50.000Z,1604288,1890999,1,"Xal'atath's Bargain: Ascendant, Tyrannical, Challenger's Peril, Fortified",崇法,Paladin,Retribution,dps,Zealot Blade
490,340.7,307504940,11,Mists of Tirna Scithe,2024-11-16T14:07:50.000Z,1604288,1890999,1,"Xal'atath's Bargain: Ascendant, Tyrannical, Challenger's Peril, Fortified",亲爱的米米,Shaman,Restoration,healer,Whisperwind
490,340.7,307504940,11,Mists of Tirna Scithe,2024-11-16T14:07:50.000Z,1604288,1890999,1,"Xal'atath's Bargain: Ascendant, Tyrannical, Challenger's Peril, Fortified",維也納咖啡,Paladin,Retribution,dps,Arthas
491,340.7,302853133,11,Mists of Tirna Scithe,2024-10-26T05:30:38.000Z,1604537,1890999,1,"Xal'atath's Bargain: Ascendant, Fortified, Challenger's Peril, Tyrannical",Cyrilla,Shaman,Elemental,dps,Arthas
491,340.7,302853133,11,Mists of Tirna Scithe,2024-10-26T05:30:38.000Z,1604537,1890999,1,"Xal'atath's Bargain: Ascendant, Fortified, Challenger's Peril, Tyrannical",薔薇紅茶,Paladin,Retribution,dps,Spirestone
491,340.7,302853133,11,Mists of Tirna Scithe,2024-10-26T05:30:38.000Z,1604537,1890999,1,"Xal'atath's Bargain: Ascendant, Fortified, Challenger's Peril, Tyrannical",Hiimdennis,Mage,Arcane,dps,Shadowmoon
491,340.7,302853133,11,Mists of Tirna Scithe,2024-10-26T05:30:38.000Z,1604537,1890999,1,"Xal'atath's Bargain: Ascendant, Fortified, Challenger's Peril, Tyrannical",哩哩扣扣,Paladin,Protection,tank,Crystalpine Stinger
491,340.7,302853133,11,Mists of Tirna Scithe,2024-10-26T05:30:38.000Z,1604537,1890999,1,"Xal'atath's Bargain: Ascendant, Fortified, Challenger's Peril, Tyrannical",Kurumii,Shaman,Restoration,healer,Light's Hope
492,340.7,307889169,11,Mists of Tirna Scithe,2024-11-18T10:01:06.000Z,1605243,1890999,1,"Xal'atath's Bargain: Ascendant, Tyrannical, Challenger's Peril, Fortified",Helios,Druid,Balance,dps,Silverwing Hold
492,340.7,307889169,11,Mists of Tirna Scithe,2024-11-18T10:01:06.000Z,1605243,1890999,1,"Xal'atath's Bargain: Ascendant, Tyrannical, Challenger's Peril, Fortified",芬里爾狼,Demon Hunter,Vengeance,tank,Shadowmoon
492,340.7,307889169,11,Mists of Tirna Scithe,2024-11-18T10:01:06.000Z,1605243,1890999,1,"Xal'atath's Bargain: Ascendant, Tyrannical, Challenger's Peril, Fortified",幽冥泰蘭德,Hunter,Survival,dps,Arygos
492,340.7,307889169,11,Mists of Tirna Scithe,2024-11-18T10:01:06.000Z,1605243,1890999,1,"Xal'atath's Bargain: Ascendant, Tyrannical, Challenger's Peril, Fortified",白毛小薩,Shaman,Restoration,healer,Arygos
492,340.7,307889169,11,Mists of Tirna Scithe,2024-11-18T10:01:06.000Z,1605243,1890999,1,"Xal'atath's Bargain: Ascendant, Tyrannical, Challenger's Peril, Fortified",沐嵐澄朵,Paladin,Retribution,dps,Sundown Marsh
493,340.6,307157622,11,Mists of Tirna Scithe,2024-11-14T13:48:50.000Z,1606233,1890999,1,"Xal'atath's Bargain: Ascendant, Tyrannical, Challenger's Peril, Fortified",一瓶伏特加,Death Knight,Unholy,dps,Skywall
493,340.6,307157622,11,Mists of Tirna Scithe,2024-11-14T13:48:50.000Z,1606233,1890999,1,"Xal'atath's Bargain: Ascendant, Tyrannical, Challenger's Peril, Fortified",Fausd,Paladin,Retribution,dps,Bleeding Hollow
493,340.6,307157622,11,Mists of Tirna Scithe,2024-11-14T13:48:50.000Z,1606233,1890999,1,"Xal'atath's Bargain: Ascendant, Tyrannical, Challenger's Peril, Fortified",思無邪,Priest,Holy,healer,Zealot Blade
493,340.6,307157622,11,Mists of Tirna Scithe,2024-11-14T13:48:50.000Z,1606233,1890999,1,"Xal'atath's Bargain: Ascendant, Tyrannical, Challenger's Peril, Fortified",狐狸不夠騷,Paladin,Protection,tank,Whisperwind
493,340.6,307157622,11,Mists of Tirna Scithe,2024-11-14T13:48:50.000Z,1606233,1890999,1,"Xal'atath's Bargain: Ascendant, Tyrannical, Challenger's Peril, Fortified",Softie,Mage,Arcane,dps,Light's Hope
494,340.6,307909216,11,Mists of Tirna Scithe,2024-11-18T13:53:01.000Z,1606257,1890999,1,"Xal'atath's Bargain: Ascendant, Tyrannical, Challenger's Peril, Fortified",Amazora,Hunter,Beast Mastery,dps,Light's Hope
494,340.6,307909216,11,Mists of Tirna Scithe,2024-11-18T13:53:01.000Z,1606257,1890999,1,"Xal'atath's Bargain: Ascendant, Tyrannical, Challenger's Peril, Fortified",雷太,Rogue,Assassination,dps,Shadowmoon
494,340.6,307909216,11,Mists of Tirna Scithe,2024-11-18T13:53:01.000Z,1606257,1890999,1,"Xal'atath's Bargain: Ascendant, Tyrannical, Challenger's Peril, Fortified",星空之影,Warrior,Fury,dps,Light's Hope
494,340.6,307909216,11,Mists of Tirna Scithe,2024-11-18T13:53:01.000Z,1606257,1890999,1,"Xal'atath's Bargain: Ascendant, Tyrannical, Challenger's Peril, Fortified",星星微笑,Priest,Holy,healer,Zealot Blade
494,340.6,307909216,11,Mists of Tirna Scithe,2024-11-18T13:53:01.000Z,1606257,1890999,1,"Xal'atath's Bargain: Ascendant, Tyrannical, Challenger's Peril, Fortified",亞努修特,Paladin,Protection,tank,Zealot Blade
495,340.6,248424021,11,Mists of Tirna Scithe,2024-10-30T14:54:35.000Z,1606476,1890999,1,"Xal'atath's Bargain: Ascendant, Fortified, Challenger's Peril, Tyrannical",薄綠,Monk,Brewmaster,tank,Shadowmoon
495,340.6,248424021,11,Mists of Tirna Scithe,2024-10-30T14:54:35.000Z,1606476,1890999,1,"Xal'atath's Bargain: Ascendant, Fortified, Challenger's Peril, Tyrannical",Tvv,Hunter,Marksmanship,dps,Whisperwind
495,340.6,248424021,11,Mists of Tirna Scithe,2024-10-30T14:54:35.000Z,1606476,1890999,1,"Xal'atath's Bargain: Ascendant, Fortified, Challenger's Peril, Tyrannical",神啟雲御,Paladin,Retribution,dps,Shadowmoon
495,340.6,248424021,11,Mists of Tirna Scithe,2024-10-30T14:54:35.000Z,1606476,1890999,1,"Xal'atath's Bargain: Ascendant, Fortified, Challenger's Peril, Tyrannical",靜御前,Priest,Holy,healer,Whisperwind
495,340.6,248424021,11,Mists of Tirna Scithe,2024-10-30T14:54:35.000Z,1606476,1890999,1,"Xal'atath's Bargain: Ascendant, Fortified, Challenger's Peril, Tyrannical",Toimoko,Warrior,Fury,dps,Arthas
496,340.6,307521929,11,Mists of Tirna Scithe,2024-11-16T16:21:03.000Z,1606614,1890999,1,"Xal'atath's Bargain: Ascendant, Tyrannical, Challenger's Peril, Fortified",芙妮恩,Shaman,Restoration,healer,Shadowmoon
496,340.6,307521929,11,Mists of Tirna Scithe,2024-11-16T16:21:03.000Z,1606614,1890999,1,"Xal'atath's Bargain: Ascendant, Tyrannical, Challenger's Peril, Fortified",Meek,Hunter,Beast Mastery,dps,Shadowmoon
496,340.6,307521929,11,Mists of Tirna Scithe,2024-11-16T16:21:03.000Z,1606614,1890999,1,"Xal'atath's Bargain: Ascendant, Tyrannical, Challenger's Peril, Fortified",小奶皇,Shaman,Elemental,dps,Whisperwind
496,340.6,307521929,11,Mists of Tirna Scithe,2024-11-16T16:21:03.000Z,1606614,1890999,1,"Xal'atath's Bargain: Ascendant, Tyrannical, Challenger's Peril, Fortified",光浩,Paladin,Retribution,dps,Whisperwind
496,340.6,307521929,11,Mists of Tirna Scithe,2024-11-16T16:21:03.000Z,1606614,1890999,1,"Xal'atath's Bargain: Ascendant, Tyrannical, Challenger's Peril, Fortified",Aestivate,Druid,Guardian,tank,Quel'dorei
497,340.6,303413059,11,Mists of Tirna Scithe,2024-10-28T13:39:10.000Z,1606839,1890999,1,"Xal'atath's Bargain: Ascendant, Fortified, Challenger's Peril, Tyrannical",緋焰,Mage,Frost,dps,Whisperwind
497,340.6,303413059,11,Mists of Tirna Scithe,2024-10-28T13:39:10.000Z,1606839,1890999,1,"Xal'atath's Bargain: Ascendant, Fortified, Challenger's Peril, Tyrannical",大地炎黃,Paladin,Retribution,dps,Shadowmoon
497,340.6,303413059,11,Mists of Tirna Scithe,2024-10-28T13:39:10.000Z,1606839,1890999,1,"Xal'atath's Bargain: Ascendant, Fortified, Challenger's Peril, Tyrannical",Holyblast,Shaman,Enhancement,dps,Shadowmoon
497,340.6,303413059,11,Mists of Tirna Scithe,2024-10-28T13:39:10.000Z,1606839,1890999,1,"Xal'atath's Bargain: Ascendant, Fortified, Challenger's Peril, Tyrannical",Magma,Shaman,Restoration,healer,Sundown Marsh
497,340.6,303413059,11,Mists of Tirna Scithe,2024-10-28T13:39:10.000Z,1606839,1890999,1,"Xal'atath's Bargain: Ascendant, Fortified, Challenger's Peril, Tyrannical",豪妞妞,Druid,Guardian,tank,Crystalpine Stinger
498,340.6,307463461,11,Mists of Tirna Scithe,2024-11-16T07:23:14.000Z,1607556,1890999,1,"Xal'atath's Bargain: Ascendant, Tyrannical, Challenger's Peril, Fortified",麥薩德爾,Mage,Frost,dps,Crystalpine Stinger
498,340.6,307463461,11,Mists of Tirna Scithe,2024-11-16T07:23:14.000Z,1607556,1890999,1,"Xal'atath's Bargain: Ascendant, Tyrannical, Challenger's Peril, Fortified",曼哲諾斯戰軀,Paladin,Retribution,dps,Zealot Blade
498,340.6,307463461,11,Mists of Tirna Scithe,2024-11-16T07:23:14.000Z,1607556,1890999,1,"Xal'atath's Bargain: Ascendant, Tyrannical, Challenger's Peril, Fortified",Boxuan,Hunter,Survival,dps,Sundown Marsh
498,340.6,307463461,11,Mists of Tirna Scithe,2024-11-16T07:23:14.000Z,1607556,1890999,1,"Xal'atath's Bargain: Ascendant, Tyrannical, Challenger's Peril, Fortified",渣女貞德,Paladin,Protection,tank,Nightsong
498,340.6,307463461,11,Mists of Tirna Scithe,2024-11-16T07:23:14.000Z,1607556,1890999,1,"Xal'atath's Bargain: Ascendant, Tyrannical, Challenger's Peril, Fortified",胖打小菟,Monk,Mistweaver,healer,Crystalpine Stinger
499,340.6,307169345,11,Mists of Tirna Scithe,2024-11-14T15:50:41.000Z,1608121,1890999,1,"Xal'atath's Bargain: Ascendant, Tyrannical, Challenger's Peril, Fortified",彌豆子卡哇伊,Warrior,Fury,dps,Quel'dorei
499,340.6,307169345,11,Mists of Tirna Scithe,2024-11-14T15:50:41.000Z,1608121,1890999,1,"Xal'atath's Bargain: Ascendant, Tyrannical, Challenger's Peril, Fortified",划水型小牧師,Priest,Discipline,healer,World Tree
499,340.6,307169345,11,Mists of Tirna Scithe,2024-11-14T15:50:41.000Z,1608121,1890999,1,"Xal'atath's Bargain: Ascendant, Tyrannical, Challenger's Peril, Fortified",咕咕鴿,Druid,Guardian,tank,Frostmane
499,340.6,307169345,11,Mists of Tirna Scithe,2024-11-14T15:50:41.000Z,1608121,1890999,1,"Xal'atath's Bargain: Ascendant, Tyrannical, Challenger's Peril, Fortified",諾心,Monk,Windwalker,dps,Sundown Marsh
499,340.6,307169345,11,Mists of Tirna Scithe,2024-11-14T15:50:41.000Z,1608121,1890999,1,"Xal'atath's Bargain: Ascendant, Tyrannical, Challenger's Peril, Fortified",恁伯,Shaman,Elemental,dps,Frostmane
500,340.6,308118352,11,Mists of Tirna Scithe,2024-11-19T17:17:31.000Z,1608370,1890999,1,"Xal'atath's Bargain: Ascendant, Tyrannical, Challenger's Peril, Fortified",齊德隆咚嗆,Shaman,Restoration,healer,Light's Hope
500,340.6,308118352,11,Mists of Tirna Scithe,2024-11-19T17:17:31.000Z,1608370,1890999,1,"Xal'atath's Bargain: Ascendant, Tyrannical, Challenger's Peril, Fortified",阿慶,Hunter,Survival,dps,Bleeding Hollow
500,340.6,308118352,11,Mists of Tirna Scithe,2024-11-19T17:17:31.000Z,1608370,1890999,1,"Xal'atath's Bargain: Ascendant, Tyrannical, Challenger's Peril, Fortified",被水嗆到的魚,Demon Hunter,Havoc,dps,Stormscale
500,340.6,308118352,11,Mists of Tirna Scithe,2024-11-19T17:17:31.000Z,1608370,1890999,1,"Xal'atath's Bargain: Ascendant, Tyrannical, Challenger's Peril, Fortified",伊細旦,Paladin,Protection,tank,Arygos
500,340.6,308118352,11,Mists of Tirna Scithe,2024-11-19T17:17:31.000Z,1608370,1890999,1,"Xal'atath's Bargain: Ascendant, Tyrannical, Challenger's Peril, Fortified",Ayallotas,Paladin,Retribution,dps,Sundown Marsh
501,340.6,307503269,11,Mists of Tirna Scithe,2024-11-16T14:02:12.000Z,1609959,1890999,1,"Xal'atath's Bargain: Ascendant, Tyrannical, Challenger's Peril, Fortified",Ciaociao,Paladin,Retribution,dps,Stormscale
501,340.6,307503269,11,Mists of Tirna Scithe,2024-11-16T14:02:12.000Z,1609959,1890999,1,"Xal'atath's Bargain: Ascendant, Tyrannical, Challenger's Peril, Fortified",呆呆狸,Shaman,Restoration,healer,Arthas
501,340.6,307503269,11,Mists of Tirna Scithe,2024-11-16T14:02:12.000Z,1609959,1890999,1,"Xal'atath's Bargain: Ascendant, Tyrannical, Challenger's Peril, Fortified",Cecily,Warlock,Demonology,dps,Shadowmoon
501,340.6,307503269,11,Mists of Tirna Scithe,2024-11-16T14:02:12.000Z,1609959,1890999,1,"Xal'atath's Bargain: Ascendant, Tyrannical, Challenger's Peril, Fortified",Shamana,Shaman,Enhancement,dps,Shadowmoon
501,340.6,307503269,11,Mists of Tirna Scithe,2024-11-16T14:02:12.000Z,1609959,1890999,1,"Xal'atath's Bargain: Ascendant, Tyrannical, Challenger's Peril, Fortified",Lastdance,Warrior,Protection,tank,Stormscale
502,340.6,303131017,11,Mists of Tirna Scithe,2024-10-27T07:28:57.000Z,1609982,1890999,1,"Xal'atath's Bargain: Ascendant, Fortified, Challenger's Peril, Tyrannical",雨霖飛凌,Shaman,Restoration,healer,World Tree
502,340.6,303131017,11,Mists of Tirna Scithe,2024-10-27T07:28:57.000Z,1609982,1890999,1,"Xal'atath's Bargain: Ascendant, Fortified, Challenger's Peril, Tyrannical",Cerberus,Mage,Arcane,dps,Whisperwind
502,340.6,303131017,11,Mists of Tirna Scithe,2024-10-27T07:28:57.000Z,1609982,1890999,1,"Xal'atath's Bargain: Ascendant, Fortified, Challenger's Peril, Tyrannical",肉肉文宏,Druid,Balance,dps,Wrathbringer
502,340.6,303131017,11,Mists of Tirna Scithe,2024-10-27T07:28:57.000Z,1609982,1890999,1,"Xal'atath's Bargain: Ascendant, Fortified, Challenger's Peril, Tyrannical",Minjeong,Warrior,Protection,tank,Wrathbringer
502,340.6,303131017,11,Mists of Tirna Scithe,2024-10-27T07:28:57.000Z,1609982,1890999,1,"Xal'atath's Bargain: Ascendant, Fortified, Challenger's Peril, Tyrannical",希奧弗斯,Shaman,Enhancement,dps,Crystalpine Stinger
503,340.6,296142865,11,Mists of Tirna Scithe,2024-11-17T06:37:42.000Z,1610256,1890999,1,"Xal'atath's Bargain: Ascendant, Tyrannical, Challenger's Peril, Fortified",呆毛魚,Druid,Restoration,healer,Arygos
503,340.6,296142865,11,Mists of Tirna Scithe,2024-11-17T06:37:42.000Z,1610256,1890999,1,"Xal'atath's Bargain: Ascendant, Tyrannical, Challenger's Peril, Fortified",赤鐵,Warrior,Protection,tank,Arygos
503,340.6,296142865,11,Mists of Tirna Scithe,2024-11-17T06:37:42.000Z,1610256,1890999,1,"Xal'atath's Bargain: Ascendant, Tyrannical, Challenger's Peril, Fortified",濤湘,Shaman,Elemental,dps,Arygos
503,340.6,296142865,11,Mists of Tirna Scithe,2024-11-17T06:37:42.000Z,1610256,1890999,1,"Xal'atath's Bargain: Ascendant, Tyrannical, Challenger's Peril, Fortified",貓奴症候群,Rogue,Assassination,dps,Sundown Marsh
503,340.6,296142865,11,Mists of Tirna Scithe,2024-11-17T06:37:42.000Z,1610256,1890999,1,"Xal'atath's Bargain: Ascendant, Tyrannical, Challenger's Peril, Fortified",鯊鯊魚,Shaman,Enhancement,dps,Arthas
504,340.6,303426512,11,Mists of Tirna Scithe,2024-10-28T15:11:42.000Z,1610922,1890999,1,"Xal'atath's Bargain: Ascendant, Fortified, Challenger's Peril, Tyrannical",柳垂溪畔,Death Knight,Frost,dps,Shadowmoon
504,340.6,303426512,11,Mists of Tirna Scithe,2024-10-28T15:11:42.000Z,1610922,1890999,1,"Xal'atath's Bargain: Ascendant, Fortified, Challenger's Peril, Tyrannical",抒情滷肉飯,Shaman,Elemental,dps,Hellscream
504,340.6,303426512,11,Mists of Tirna Scithe,2024-10-28T15:11:42.000Z,1610922,1890999,1,"Xal'atath's Bargain: Ascendant, Fortified, Challenger's Peril, Tyrannical",Chinm,Shaman,Elemental,dps,Shadowmoon
504,340.6,303426512,11,Mists of Tirna Scithe,2024-10-28T15:11:42.000Z,1610922,1890999,1,"Xal'atath's Bargain: Ascendant, Fortified, Challenger's Peril, Tyrannical",夏眠隅光,Shaman,Restoration,healer,Shadowmoon
504,340.6,303426512,11,Mists of Tirna Scithe,2024-10-28T15:11:42.000Z,1610922,1890999,1,"Xal'atath's Bargain: Ascendant, Fortified, Challenger's Peril, Tyrannical",Qii,Demon Hunter,Vengeance,tank,Shadowmoon
505,340.5,303449192,11,Mists of Tirna Scithe,2024-10-28T17:50:25.000Z,1611569,1890999,1,"Xal'atath's Bargain: Ascendant, Fortified, Challenger's Peril, Tyrannical",里夫,Warrior,Protection,tank,Whisperwind
505,340.5,303449192,11,Mists of Tirna Scithe,2024-10-28T17:50:25.000Z,1611569,1890999,1,"Xal'atath's Bargain: Ascendant, Fortified, Challenger's Peril, Tyrannical",三千雷動,Shaman,Restoration,healer,Whisperwind
505,340.5,303449192,11,Mists of Tirna Scithe,2024-10-28T17:50:25.000Z,1611569,1890999,1,"Xal'atath's Bargain: Ascendant, Fortified, Challenger's Peril, Tyrannical",細蚊子,Monk,Windwalker,dps,Shadowmoon
505,340.5,303449192,11,Mists of Tirna Scithe,2024-10-28T17:50:25.000Z,1611569,1890999,1,"Xal'atath's Bargain: Ascendant, Fortified, Challenger's Peril, Tyrannical",皓玥無痕,Mage,Frost,dps,Sundown Marsh
505,340.5,303449192,11,Mists of Tirna Scithe,2024-10-28T17:50:25.000Z,1611569,1890999,1,"Xal'atath's Bargain: Ascendant, Fortified, Challenger's Peril, Tyrannical",鬼見愁,Death Knight,Frost,dps,Wrathbringer
506,340.5,302439546,11,Mists of Tirna Scithe,2024-10-24T06:15:49.000Z,1611570,1890999,1,"Xal'atath's Bargain: Ascendant, Fortified, Challenger's Peril, Tyrannical",Missnalice,Monk,Mistweaver,healer,Shadowmoon
506,340.5,302439546,11,Mists of Tirna Scithe,2024-10-24T06:15:49.000Z,1611570,1890999,1,"Xal'atath's Bargain: Ascendant, Fortified, Challenger's Peril, Tyrannical",莎雪,Mage,Frost,dps,Nightsong
506,340.5,302439546,11,Mists of Tirna Scithe,2024-10-24T06:15:49.000Z,1611570,1890999,1,"Xal'atath's Bargain: Ascendant, Fortified, Challenger's Peril, Tyrannical",酷拉皮卡,Druid,Guardian,tank,Stormscale
506,340.5,302439546,11,Mists of Tirna Scithe,2024-10-24T06:15:49.000Z,1611570,1890999,1,"Xal'atath's Bargain: Ascendant, Fortified, Challenger's Peril, Tyrannical",Baku,Shaman,Enhancement,dps,Nightsong
506,340.5,302439546,11,Mists of Tirna Scithe,2024-10-24T06:15:49.000Z,1611570,1890999,1,"Xal'atath's Bargain: Ascendant, Fortified, Challenger's Peril, Tyrannical",人夫老外,Death Knight,Unholy,dps,Sundown Marsh
507,340.5,303185432,11,Mists of Tirna Scithe,2024-10-27T13:33:47.000Z,1611914,1890999,1,"Xal'atath's Bargain: Ascendant, Fortified, Challenger's Peril, Tyrannical",郭峻佑,Druid,Guardian,tank,Sundown Marsh
507,340.5,303185432,11,Mists of Tirna Scithe,2024-10-27T13:33:47.000Z,1611914,1890999,1,"Xal'atath's Bargain: Ascendant, Fortified, Challenger's Peril, Tyrannical",怎麼那麼矮,Shaman,Elemental,dps,Frostmane
507,340.5,303185432,11,Mists of Tirna Scithe,2024-10-27T13:33:47.000Z,1611914,1890999,1,"Xal'atath's Bargain: Ascendant, Fortified, Challenger's Peril, Tyrannical",崩巴薩薩,Shaman,Enhancement,dps,Hellscream
507,340.5,303185432,11,Mists of Tirna Scithe,2024-10-27T13:33:47.000Z,1611914,1890999,1,"Xal'atath's Bargain: Ascendant, Fortified, Challenger's Peril, Tyrannical",小寶,Death Knight,Frost,dps,Zealot Blade
507,340.5,303185432,11,Mists of Tirna Scithe,2024-10-27T13:33:47.000Z,1611914,1890999,1,"Xal'atath's Bargain: Ascendant, Fortified, Challenger's Peril, Tyrannical",Bao,Monk,Mistweaver,healer,Sundown Marsh
508,340.5,303535524,11,Mists of Tirna Scithe,2024-10-28T17:47:13.000Z,1612837,1890999,1,"Xal'atath's Bargain: Ascendant, Fortified, Challenger's Peril, Tyrannical",輪到你了,Shaman,Elemental,dps,Shadowmoon
508,340.5,303535524,11,Mists of Tirna Scithe,2024-10-28T17:47:13.000Z,1612837,1890999,1,"Xal'atath's Bargain: Ascendant, Fortified, Challenger's Peril, Tyrannical",鳳龍饕餮,Shaman,Restoration,healer,Skywall
508,340.5,303535524,11,Mists of Tirna Scithe,2024-10-28T17:47:13.000Z,1612837,1890999,1,"Xal'atath's Bargain: Ascendant, Fortified, Challenger's Peril, Tyrannical",Evcc,Paladin,Protection,tank,Shadowmoon
508,340.5,303535524,11,Mists of Tirna Scithe,2024-10-28T17:47:13.000Z,1612837,1890999,1,"Xal'atath's Bargain: Ascendant, Fortified, Challenger's Peril, Tyrannical",歐巴乄,Paladin,Retribution,dps,Menethil
508,340.5,303535524,11,Mists of Tirna Scithe,2024-10-28T17:47:13.000Z,1612837,1890999,1,"Xal'atath's Bargain: Ascendant, Fortified, Challenger's Peril, Tyrannical",哪李友廷車位,Priest,Shadow,dps,Shadowmoon
509,340.5,307541683,11,Mists of Tirna Scithe,2024-11-16T17:56:19.000Z,1612921,1890999,1,"Xal'atath's Bargain: Ascendant, Tyrannical, Challenger's Peril, Fortified",娃的傳說,Paladin,Protection,tank,Sundown Marsh
509,340.5,307541683,11,Mists of Tirna Scithe,2024-11-16T17:56:19.000Z,1612921,1890999,1,"Xal'atath's Bargain: Ascendant, Tyrannical, Challenger's Peril, Fortified",魏吉爾,Rogue,Assassination,dps,Whisperwind
509,340.5,307541683,11,Mists of Tirna Scithe,2024-11-16T17:56:19.000Z,1612921,1890999,1,"Xal'atath's Bargain: Ascendant, Tyrannical, Challenger's Peril, Fortified",Garprave,Warrior,Fury,dps,Spirestone
509,340.5,307541683,11,Mists of Tirna Scithe,2024-11-16T17:56:19.000Z,1612921,1890999,1,"Xal'atath's Bargain: Ascendant, Tyrannical, Challenger's Peril, Fortified",Tacit,Evoker,Augmentation,dps,Arthas
509,340.5,307541683,11,Mists of Tirna Scithe,2024-11-16T17:56:19.000Z,1612921,1890999,1,"Xal'atath's Bargain: Ascendant, Tyrannical, Challenger's Peril, Fortified",Kabie,Priest,Discipline,healer,Arthas
510,340.5,302939824,11,Mists of Tirna Scithe,2024-10-26T14:51:33.000Z,1613099,1890999,1,"Xal'atath's Bargain: Ascendant, Fortified, Challenger's Peril, Tyrannical",修理電飯煲,Druid,Guardian,tank,Zealot Blade
510,340.5,302939824,11,Mists of Tirna Scithe,2024-10-26T14:51:33.000Z,1613099,1890999,1,"Xal'atath's Bargain: Ascendant, Fortified, Challenger's Peril, Tyrannical",高雄最帥男神-139790223,Paladin,Retribution,dps,Hellscream
510,340.5,302939824,11,Mists of Tirna Scithe,2024-10-26T14:51:33.000Z,1613099,1890999,1,"Xal'atath's Bargain: Ascendant, Fortified, Challenger's Peril, Tyrannical",飄撇的先祖,Shaman,Elemental,dps,Crystalpine Stinger
510,340.5,302939824,11,Mists of Tirna Scithe,2024-10-26T14:51:33.000Z,1613099,1890999,1,"Xal'atath's Bargain: Ascendant, Fortified, Challenger's Peril, Tyrannical",活躍老屎忽,Rogue,Assassination,dps,Dragonmaw
510,340.5,302939824,11,Mists of Tirna Scithe,2024-10-26T14:51:33.000Z,1613099,1890999,1,"Xal'atath's Bargain: Ascendant, Fortified, Challenger's Peril, Tyrannical",是盛放的戀愛,Paladin,Holy,healer,Spirestone
511,340.5,308320009,11,Mists of Tirna Scithe,2024-11-20T14:13:12.000Z,1615232,1890999,1,"Xal'atath's Bargain: Ascendant, Tyrannical, Challenger's Peril, Fortified",基本電學,Shaman,Enhancement,dps,Shadowmoon
511,340.5,308320009,11,Mists of Tirna Scithe,2024-11-20T14:13:12.000Z,1615232,1890999,1,"Xal'atath's Bargain: Ascendant, Tyrannical, Challenger's Peril, Fortified",琉璃緋雪,Paladin,Retribution,dps,Light's Hope
511,340.5,308320009,11,Mists of Tirna Scithe,2024-11-20T14:13:12.000Z,1615232,1890999,1,"Xal'atath's Bargain: Ascendant, Tyrannical, Challenger's Peril, Fortified",讓我先點根菸,Druid,Restoration,healer,Shadowmoon
511,340.5,308320009,11,Mists of Tirna Scithe,2024-11-20T14:13:12.000Z,1615232,1890999,1,"Xal'atath's Bargain: Ascendant, Tyrannical, Challenger's Peril, Fortified",會變形的牛,Druid,Guardian,tank,Shadowmoon
511,340.5,308320009,11,Mists of Tirna Scithe,2024-11-20T14:13:12.000Z,1615232,1890999,1,"Xal'atath's Bargain: Ascendant, Tyrannical, Challenger's Peril, Fortified",術石,Warlock,Affliction,dps,Shadowmoon
512,340.5,301691016,11,Mists of Tirna Scithe,2024-10-27T15:30:47.000Z,1615548,1890999,1,"Xal'atath's Bargain: Ascendant, Fortified, Challenger's Peril, Tyrannical",洗碗大師,Druid,Balance,dps,Icecrown
512,340.5,301691016,11,Mists of Tirna Scithe,2024-10-27T15:30:47.000Z,1615548,1890999,1,"Xal'atath's Bargain: Ascendant, Fortified, Challenger's Peril, Tyrannical",Trueno,Warrior,Protection,tank,Icecrown
512,340.5,301691016,11,Mists of Tirna Scithe,2024-10-27T15:30:47.000Z,1615548,1890999,1,"Xal'atath's Bargain: Ascendant, Fortified, Challenger's Peril, Tyrannical",乂上杉謙信乂,Death Knight,Frost,dps,Hellscream
512,340.5,301691016,11,Mists of Tirna Scithe,2024-10-27T15:30:47.000Z,1615548,1890999,1,"Xal'atath's Bargain: Ascendant, Fortified, Challenger's Peril, Tyrannical",疾豹-57027558,Rogue,Assassination,dps,Hellscream
512,340.5,301691016,11,Mists of Tirna Scithe,2024-10-27T15:30:47.000Z,1615548,1890999,1,"Xal'atath's Bargain: Ascendant, Fortified, Challenger's Peril, Tyrannical",玉乃光,Shaman,Restoration,healer,Wrathbringer
513,340.4,303354038,11,Mists of Tirna Scithe,2024-10-28T01:48:23.000Z,1617045,1890999,1,"Xal'atath's Bargain: Ascendant, Fortified, Challenger's Peril, Tyrannical",芬達廣告明星,Paladin,Retribution,dps,Light's Hope
513,340.4,303354038,11,Mists of Tirna Scithe,2024-10-28T01:48:23.000Z,1617045,1890999,1,"Xal'atath's Bargain: Ascendant, Fortified, Challenger's Peril, Tyrannical",紫欣雨,Shaman,Restoration,healer,Skywall
513,340.4,303354038,11,Mists of Tirna Scithe,2024-10-28T01:48:23.000Z,1617045,1890999,1,"Xal'atath's Bargain: Ascendant, Fortified, Challenger's Peril, Tyrannical",Talrasha,Mage,Arcane,dps,Demon Fall Canyon
513,340.4,303354038,11,Mists of Tirna Scithe,2024-10-28T01:48:23.000Z,1617045,1890999,1,"Xal'atath's Bargain: Ascendant, Fortified, Challenger's Peril, Tyrannical",Edwardcullen,Death Knight,Unholy,dps,Demon Fall Canyon
513,340.4,303354038,11,Mists of Tirna Scithe,2024-10-28T01:48:23.000Z,1617045,1890999,1,"Xal'atath's Bargain: Ascendant, Fortified, Challenger's Peril, Tyrannical",躺平余生-230024740,Druid,Guardian,tank,Skywall
514,340.4,307912901,11,Mists of Tirna Scithe,2024-11-18T14:27:23.000Z,1617480,1890999,1,"Xal'atath's Bargain: Ascendant, Tyrannical, Challenger's Peril, Fortified",三千雷動,Shaman,Restoration,healer,Whisperwind
514,340.4,307912901,11,Mists of Tirna Scithe,2024-11-18T14:27:23.000Z,1617480,1890999,1,"Xal'atath's Bargain: Ascendant, Tyrannical, Challenger's Peril, Fortified",傲劍寒心,Hunter,Survival,dps,Shadowmoon
514,340.4,307912901,11,Mists of Tirna Scithe,2024-11-18T14:27:23.000Z,1617480,1890999,1,"Xal'atath's Bargain: Ascendant, Tyrannical, Challenger's Peril, Fortified",細蚊子,Monk,Windwalker,dps,Shadowmoon
514,340.4,307912901,11,Mists of Tirna Scithe,2024-11-18T14:27:23.000Z,1617480,1890999,1,"Xal'atath's Bargain: Ascendant, Tyrannical, Challenger's Peril, Fortified",德易忘型,Druid,Guardian,tank,Whisperwind
514,340.4,307912901,11,Mists of Tirna Scithe,2024-11-18T14:27:23.000Z,1617480,1890999,1,"Xal'atath's Bargain: Ascendant, Tyrannical, Challenger's Peril, Fortified",朱伯伯,Druid,Balance,dps,Silverwing Hold
515,340.4,307330425,11,Mists of Tirna Scithe,2024-11-15T16:00:00.000Z,1618497,1890999,1,"Xal'atath's Bargain: Ascendant, Tyrannical, Challenger's Peril, Fortified",麥薩德爾,Mage,Frost,dps,Crystalpine Stinger
515,340.4,307330425,11,Mists of Tirna Scithe,2024-11-15T16:00:00.000Z,1618497,1890999,1,"Xal'atath's Bargain: Ascendant, Tyrannical, Challenger's Peril, Fortified",清時墨,Paladin,Retribution,dps,Crystalpine Stinger
515,340.4,307330425,11,Mists of Tirna Scithe,2024-11-15T16:00:00.000Z,1618497,1890999,1,"Xal'atath's Bargain: Ascendant, Tyrannical, Challenger's Peril, Fortified",錢包的路,Paladin,Protection,tank,Crystalpine Stinger
515,340.4,307330425,11,Mists of Tirna Scithe,2024-11-15T16:00:00.000Z,1618497,1890999,1,"Xal'atath's Bargain: Ascendant, Tyrannical, Challenger's Peril, Fortified",小菟,Shaman,Restoration,healer,Crystalpine Stinger
515,340.4,307330425,11,Mists of Tirna Scithe,2024-11-15T16:00:00.000Z,1618497,1890999,1,"Xal'atath's Bargain: Ascendant, Tyrannical, Challenger's Peril, Fortified",卡兵,Paladin,Retribution,dps,Shadowmoon
516,340.4,302516538,11,Mists of Tirna Scithe,2024-10-24T17:20:35.000Z,1618895,1890999,1,"Xal'atath's Bargain: Ascendant, Fortified, Challenger's Peril, Tyrannical",甲魚王,Hunter,Beast Mastery,dps,Stormscale
516,340.4,302516538,11,Mists of Tirna Scithe,2024-10-24T17:20:35.000Z,1618895,1890999,1,"Xal'atath's Bargain: Ascendant, Fortified, Challenger's Peril, Tyrannical",阿薩姆紅茶,Shaman,Elemental,dps,Spirestone
516,340.4,302516538,11,Mists of Tirna Scithe,2024-10-24T17:20:35.000Z,1618895,1890999,1,"Xal'atath's Bargain: Ascendant, Fortified, Challenger's Peril, Tyrannical",騎士小岫,Paladin,Protection,tank,Icecrown
516,340.4,302516538,11,Mists of Tirna Scithe,2024-10-24T17:20:35.000Z,1618895,1890999,1,"Xal'atath's Bargain: Ascendant, Fortified, Challenger's Peril, Tyrannical",予馨,Shaman,Restoration,healer,Spirestone
516,340.4,302516538,11,Mists of Tirna Scithe,2024-10-24T17:20:35.000Z,1618895,1890999,1,"Xal'atath's Bargain: Ascendant, Fortified, Challenger's Peril, Tyrannical",Preheat,Evoker,Augmentation,dps,Light's Hope
517,340.4,302917503,11,Mists of Tirna Scithe,2024-10-26T07:30:33.000Z,1619884,1890999,1,"Xal'atath's Bargain: Ascendant, Fortified, Challenger's Peril, Tyrannical",爺爺來了,Warrior,Protection,tank,Light's Hope
517,340.4,302917503,11,Mists of Tirna Scithe,2024-10-26T07:30:33.000Z,1619884,1890999,1,"Xal'atath's Bargain: Ascendant, Fortified, Challenger's Peril, Tyrannical",植物奶,Druid,Balance,dps,Light's Hope
517,340.4,302917503,11,Mists of Tirna Scithe,2024-10-26T07:30:33.000Z,1619884,1890999,1,"Xal'atath's Bargain: Ascendant, Fortified, Challenger's Peril, Tyrannical",愛爾洛特,Paladin,Retribution,dps,Skywall
517,340.4,302917503,11,Mists of Tirna Scithe,2024-10-26T07:30:33.000Z,1619884,1890999,1,"Xal'atath's Bargain: Ascendant, Fortified, Challenger's Peril, Tyrannical",Dector,Shaman,Restoration,healer,Light's Hope
517,340.4,302917503,11,Mists of Tirna Scithe,2024-10-26T07:30:33.000Z,1619884,1890999,1,"Xal'atath's Bargain: Ascendant, Fortified, Challenger's Peril, Tyrannical",Shadowrider,Druid,Balance,dps,Light's Hope
518,340.4,307525625,11,Mists of Tirna Scithe,2024-11-16T16:15:43.000Z,1620049,1890999,1,"Xal'atath's Bargain: Ascendant, Tyrannical, Challenger's Peril, Fortified",Oofasi,Mage,Arcane,dps,Sundown Marsh
518,340.4,307525625,11,Mists of Tirna Scithe,2024-11-16T16:15:43.000Z,1620049,1890999,1,"Xal'atath's Bargain: Ascendant, Tyrannical, Challenger's Peril, Fortified",泰薾貝薾,Evoker,Preservation,healer,Wrathbringer
518,340.4,307525625,11,Mists of Tirna Scithe,2024-11-16T16:15:43.000Z,1620049,1890999,1,"Xal'atath's Bargain: Ascendant, Tyrannical, Challenger's Peril, Fortified",Yenwarrior,Warrior,Protection,tank,Arthas
518,340.4,307525625,11,Mists of Tirna Scithe,2024-11-16T16:15:43.000Z,1620049,1890999,1,"Xal'atath's Bargain: Ascendant, Tyrannical, Challenger's Peril, Fortified",Keyhongan,Warrior,Fury,dps,Demon Fall Canyon
518,340.4,307525625,11,Mists of Tirna Scithe,2024-11-16T16:15:43.000Z,1620049,1890999,1,"Xal'atath's Bargain: Ascendant, Tyrannical, Challenger's Peril, Fortified",兄弟有急事,Warlock,Destruction,dps,Sundown Marsh
519,340.4,302905774,11,Mists of Tirna Scithe,2024-10-26T09:50:05.000Z,1620141,1890999,1,"Xal'atath's Bargain: Ascendant, Fortified, Challenger's Peril, Tyrannical",Ki,Priest,Discipline,healer,Shadowmoon
519,340.4,302905774,11,Mists of Tirna Scithe,2024-10-26T09:50:05.000Z,1620141,1890999,1,"Xal'atath's Bargain: Ascendant, Fortified, Challenger's Peril, Tyrannical",Gililh,Hunter,Survival,dps,World Tree
519,340.4,302905774,11,Mists of Tirna Scithe,2024-10-26T09:50:05.000Z,1620141,1890999,1,"Xal'atath's Bargain: Ascendant, Fortified, Challenger's Peril, Tyrannical",冷蕨,Rogue,Outlaw,dps,Shadowmoon
519,340.4,302905774,11,Mists of Tirna Scithe,2024-10-26T09:50:05.000Z,1620141,1890999,1,"Xal'atath's Bargain: Ascendant, Fortified, Challenger's Peril, Tyrannical",姐姐网恋不丶,Death Knight,Frost,dps,Arygos
519,340.4,302905774,11,Mists of Tirna Scithe,2024-10-26T09:50:05.000Z,1620141,1890999,1,"Xal'atath's Bargain: Ascendant, Fortified, Challenger's Peril, Tyrannical",Tjs,Warrior,Protection,tank,Whisperwind
520,340.4,303629372,11,Mists of Tirna Scithe,2024-10-29T13:14:21.000Z,1620153,1890999,1,"Xal'atath's Bargain: Ascendant, Fortified, Challenger's Peril, Tyrannical",梅砒拉,Warlock,Destruction,dps,Shadowmoon
520,340.4,303629372,11,Mists of Tirna Scithe,2024-10-29T13:14:21.000Z,1620153,1890999,1,"Xal'atath's Bargain: Ascendant, Fortified, Challenger's Peril, Tyrannical",慕容菲爾,Paladin,Retribution,dps,Whisperwind
520,340.4,303629372,11,Mists of Tirna Scithe,2024-10-29T13:14:21.000Z,1620153,1890999,1,"Xal'atath's Bargain: Ascendant, Fortified, Challenger's Peril, Tyrannical",羅伯特基里曼,Shaman,Enhancement,dps,Zealot Blade
520,340.4,303629372,11,Mists of Tirna Scithe,2024-10-29T13:14:21.000Z,1620153,1890999,1,"Xal'atath's Bargain: Ascendant, Fortified, Challenger's Peril, Tyrannical",滷熊爪加點辣,Monk,Mistweaver,healer,Arthas
520,340.4,303629372,11,Mists of Tirna Scithe,2024-10-29T13:14:21.000Z,1620153,1890999,1,"Xal'atath's Bargain: Ascendant, Fortified, Challenger's Peril, Tyrannical",千早愛音,Paladin,Protection,tank,Dragonmaw
521,340.4,307921784,11,Mists of Tirna Scithe,2024-11-18T15:25:14.000Z,1620810,1890999,1,"Xal'atath's Bargain: Ascendant, Tyrannical, Challenger's Peril, Fortified",Rare,Shaman,Restoration,healer,Hellscream
521,340.4,307921784,11,Mists of Tirna Scithe,2024-11-18T15:25:14.000Z,1620810,1890999,1,"Xal'atath's Bargain: Ascendant, Tyrannical, Challenger's Peril, Fortified",羅西尼熊貓,Shaman,Elemental,dps,Sundown Marsh
521,340.4,307921784,11,Mists of Tirna Scithe,2024-11-18T15:25:14.000Z,1620810,1890999,1,"Xal'atath's Bargain: Ascendant, Tyrannical, Challenger's Peril, Fortified",Malaperusapo,Rogue,Assassination,dps,Frostmane
521,340.4,307921784,11,Mists of Tirna Scithe,2024-11-18T15:25:14.000Z,1620810,1890999,1,"Xal'atath's Bargain: Ascendant, Tyrannical, Challenger's Peril, Fortified",Poping,Warrior,Protection,tank,Icecrown
521,340.4,307921784,11,Mists of Tirna Scithe,2024-11-18T15:25:14.000Z,1620810,1890999,1,"Xal'atath's Bargain: Ascendant, Tyrannical, Challenger's Peril, Fortified",Voxe,Shaman,Enhancement,dps,Light's Hope
522,340.4,295301334,11,Mists of Tirna Scithe,2024-09-25T18:34:42.000Z,1621144,1890999,1,"Xal'atath's Bargain: Ascendant, Tyrannical, Challenger's Peril, Fortified",Holyfish,Druid,Balance,dps,Arygos
522,340.4,295301334,11,Mists of Tirna Scithe,2024-09-25T18:34:42.000Z,1621144,1890999,1,"Xal'atath's Bargain: Ascendant, Tyrannical, Challenger's Peril, Fortified",Vorlizia,Evoker,Augmentation,dps,Sundown Marsh
522,340.4,295301334,11,Mists of Tirna Scithe,2024-09-25T18:34:42.000Z,1621144,1890999,1,"Xal'atath's Bargain: Ascendant, Tyrannical, Challenger's Peril, Fortified",Larladk,Death Knight,Frost,dps,Shadowmoon
522,340.4,295301334,11,Mists of Tirna Scithe,2024-09-25T18:34:42.000Z,1621144,1890999,1,"Xal'atath's Bargain: Ascendant, Tyrannical, Challenger's Peril, Fortified",常樂噠豬,Shaman,Restoration,healer,Shadowmoon
522,340.4,295301334,11,Mists of Tirna Scithe,2024-09-25T18:34:42.000Z,1621144,1890999,1,"Xal'atath's Bargain: Ascendant, Tyrannical, Challenger's Peril, Fortified",Siyanaa,Druid,Guardian,tank,Shadowmoon
523,340.3,307454184,11,Mists of Tirna Scithe,2024-11-16T05:57:08.000Z,1621466,1890999,1,"Xal'atath's Bargain: Ascendant, Tyrannical, Challenger's Peril, Fortified",Machi,Priest,Discipline,healer,Dragonmaw
523,340.3,307454184,11,Mists of Tirna Scithe,2024-11-16T05:57:08.000Z,1621466,1890999,1,"Xal'atath's Bargain: Ascendant, Tyrannical, Challenger's Peril, Fortified",墨子魚,Rogue,Assassination,dps,Shadowmoon
523,340.3,307454184,11,Mists of Tirna Scithe,2024-11-16T05:57:08.000Z,1621466,1890999,1,"Xal'atath's Bargain: Ascendant, Tyrannical, Challenger's Peril, Fortified",嘵諾,Warrior,Fury,dps,Sundown Marsh
523,340.3,307454184,11,Mists of Tirna Scithe,2024-11-16T05:57:08.000Z,1621466,1890999,1,"Xal'atath's Bargain: Ascendant, Tyrannical, Challenger's Peril, Fortified",尾巴翘翘,Monk,Brewmaster,tank,Shadowmoon
523,340.3,307454184,11,Mists of Tirna Scithe,2024-11-16T05:57:08.000Z,1621466,1890999,1,"Xal'atath's Bargain: Ascendant, Tyrannical, Challenger's Peril, Fortified",玉桂卷,Mage,Frost,dps,Shadowmoon
524,340.3,302875956,11,Mists of Tirna Scithe,2024-10-26T08:59:49.000Z,1621589,1890999,1,"Xal'atath's Bargain: Ascendant, Fortified, Challenger's Peril, Tyrannical",夜光晨,Shaman,Elemental,dps,Menethil
524,340.3,302875956,11,Mists of Tirna Scithe,2024-10-26T08:59:49.000Z,1621589,1890999,1,"Xal'atath's Bargain: Ascendant, Fortified, Challenger's Peril, Tyrannical",嵐尼,Warlock,Affliction,dps,Chillwind Point
524,340.3,302875956,11,Mists of Tirna Scithe,2024-10-26T08:59:49.000Z,1621589,1890999,1,"Xal'atath's Bargain: Ascendant, Fortified, Challenger's Peril, Tyrannical",光紗小舞,Priest,Discipline,healer,Chillwind Point
524,340.3,302875956,11,Mists of Tirna Scithe,2024-10-26T08:59:49.000Z,1621589,1890999,1,"Xal'atath's Bargain: Ascendant, Fortified, Challenger's Peril, Tyrannical",Hetard,Paladin,Protection,tank,Chillwind Point
524,340.3,302875956,11,Mists of Tirna Scithe,2024-10-26T08:59:49.000Z,1621589,1890999,1,"Xal'atath's Bargain: Ascendant, Fortified, Challenger's Peril, Tyrannical",殤魄,Death Knight,Frost,dps,Chillwind Point
525,340.3,308073632,11,Mists of Tirna Scithe,2024-11-19T13:00:35.000Z,1621622,1890999,1,"Xal'atath's Bargain: Ascendant, Tyrannical, Challenger's Peril, Fortified",艾利歐斯,Death Knight,Frost,dps,Hellscream
525,340.3,308073632,11,Mists of Tirna Scithe,2024-11-19T13:00:35.000Z,1621622,1890999,1,"Xal'atath's Bargain: Ascendant, Tyrannical, Challenger's Peril, Fortified",不會恐懼,Warlock,Destruction,dps,Hellscream
525,340.3,308073632,11,Mists of Tirna Scithe,2024-11-19T13:00:35.000Z,1621622,1890999,1,"Xal'atath's Bargain: Ascendant, Tyrannical, Challenger's Peril, Fortified",霍尼摩爾,Paladin,Retribution,dps,Hellscream
525,340.3,308073632,11,Mists of Tirna Scithe,2024-11-19T13:00:35.000Z,1621622,1890999,1,"Xal'atath's Bargain: Ascendant, Tyrannical, Challenger's Peril, Fortified",小影夢,Shaman,Restoration,healer,Shadowmoon
525,340.3,308073632,11,Mists of Tirna Scithe,2024-11-19T13:00:35.000Z,1621622,1890999,1,"Xal'atath's Bargain: Ascendant, Tyrannical, Challenger's Peril, Fortified",布露妮亞,Paladin,Protection,tank,Zealot Blade
526,340.3,303625570,11,Mists of Tirna Scithe,2024-10-29T12:41:44.000Z,1623495,1890999,1,"Xal'atath's Bargain: Ascendant, Fortified, Challenger's Peril, Tyrannical",梅砒拉,Warlock,Demonology,dps,Shadowmoon
526,340.3,303625570,11,Mists of Tirna Scithe,2024-10-29T12:41:44.000Z,1623495,1890999,1,"Xal'atath's Bargain: Ascendant, Fortified, Challenger's Peril, Tyrannical",慕容菲爾,Paladin,Retribution,dps,Whisperwind
526,340.3,303625570,11,Mists of Tirna Scithe,2024-10-29T12:41:44.000Z,1623495,1890999,1,"Xal'atath's Bargain: Ascendant, Fortified, Challenger's Peril, Tyrannical",滷熊爪加點辣,Monk,Mistweaver,healer,Arthas
526,340.3,303625570,11,Mists of Tirna Scithe,2024-10-29T12:41:44.000Z,1623495,1890999,1,"Xal'atath's Bargain: Ascendant, Fortified, Challenger's Peril, Tyrannical",櫻華月響,Death Knight,Blood,tank,Sundown Marsh
526,340.3,303625570,11,Mists of Tirna Scithe,2024-10-29T12:41:44.000Z,1623495,1890999,1,"Xal'atath's Bargain: Ascendant, Fortified, Challenger's Peril, Tyrannical",魔法小狐狸,Mage,Frost,dps,Sundown Marsh
527,340.3,307454203,11,Mists of Tirna Scithe,2024-11-16T06:25:10.000Z,1623992,1890999,1,"Xal'atath's Bargain: Ascendant, Tyrannical, Challenger's Peril, Fortified",Namie,Warlock,Affliction,dps,Skywall
527,340.3,307454203,11,Mists of Tirna Scithe,2024-11-16T06:25:10.000Z,1623992,1890999,1,"Xal'atath's Bargain: Ascendant, Tyrannical, Challenger's Peril, Fortified",德安佳汎,Warlock,Demonology,dps,Skywall
527,340.3,307454203,11,Mists of Tirna Scithe,2024-11-16T06:25:10.000Z,1623992,1890999,1,"Xal'atath's Bargain: Ascendant, Tyrannical, Challenger's Peril, Fortified",Katyuki,Shaman,Restoration,healer,Skywall
527,340.3,307454203,11,Mists of Tirna Scithe,2024-11-16T06:25:10.000Z,1623992,1890999,1,"Xal'atath's Bargain: Ascendant, Tyrannical, Challenger's Peril, Fortified",禿美人,Demon Hunter,Vengeance,tank,Skywall
527,340.3,307454203,11,Mists of Tirna Scithe,2024-11-16T06:25:10.000Z,1623992,1890999,1,"Xal'atath's Bargain: Ascendant, Tyrannical, Challenger's Peril, Fortified",Lelouchs,Paladin,Retribution,dps,Skywall
528,340.3,303415854,11,Mists of Tirna Scithe,2024-10-28T14:02:00.000Z,1624138,1890999,1,"Xal'atath's Bargain: Ascendant, Fortified, Challenger's Peril, Tyrannical",原聆聽,Paladin,Protection,tank,Silverwing Hold
528,340.3,303415854,11,Mists of Tirna Scithe,2024-10-28T14:02:00.000Z,1624138,1890999,1,"Xal'atath's Bargain: Ascendant, Fortified, Challenger's Peril, Tyrannical",Chuchuchu,Priest,Holy,healer,Quel'dorei
528,340.3,303415854,11,Mists of Tirna Scithe,2024-10-28T14:02:00.000Z,1624138,1890999,1,"Xal'atath's Bargain: Ascendant, Fortified, Challenger's Peril, Tyrannical",Raichu,Paladin,Retribution,dps,Spirestone
528,340.3,303415854,11,Mists of Tirna Scithe,2024-10-28T14:02:00.000Z,1624138,1890999,1,"Xal'atath's Bargain: Ascendant, Fortified, Challenger's Peril, Tyrannical",Blackscreen,Death Knight,Frost,dps,Spirestone
528,340.3,303415854,11,Mists of Tirna Scithe,2024-10-28T14:02:00.000Z,1624138,1890999,1,"Xal'atath's Bargain: Ascendant, Fortified, Challenger's Peril, Tyrannical",熊喵小小,Shaman,Elemental,dps,Sundown Marsh
529,340.2,307687741,11,Mists of Tirna Scithe,2024-11-17T09:59:12.000Z,1627234,1890999,1,"Xal'atath's Bargain: Ascendant, Tyrannical, Challenger's Peril, Fortified",戀咩,Priest,Holy,healer,Nightsong
529,340.2,307687741,11,Mists of Tirna Scithe,2024-11-17T09:59:12.000Z,1627234,1890999,1,"Xal'atath's Bargain: Ascendant, Tyrannical, Challenger's Peril, Fortified",黯之刃,Death Knight,Blood,tank,Nightsong
529,340.2,307687741,11,Mists of Tirna Scithe,2024-11-17T09:59:12.000Z,1627234,1890999,1,"Xal'atath's Bargain: Ascendant, Tyrannical, Challenger's Peril, Fortified",比蘿絲,Paladin,Retribution,dps,Sundown Marsh
529,340.2,307687741,11,Mists of Tirna Scithe,2024-11-17T09:59:12.000Z,1627234,1890999,1,"Xal'atath's Bargain: Ascendant, Tyrannical, Challenger's Peril, Fortified",Theundead,Mage,Frost,dps,Nightsong
529,340.2,307687741,11,Mists of Tirna Scithe,2024-11-17T09:59:12.000Z,1627234,1890999,1,"Xal'atath's Bargain: Ascendant, Tyrannical, Challenger's Peril, Fortified",預言家,Death Knight,Frost,dps,Crystalpine Stinger
530,340.2,303872465,11,Mists of Tirna Scithe,2024-10-30T17:41:59.000Z,1627508,1890999,1,"Xal'atath's Bargain: Ascendant, Fortified, Challenger's Peril, Tyrannical",夜祤楓,Paladin,Protection,tank,Sundown Marsh
530,340.2,303872465,11,Mists of Tirna Scithe,2024-10-30T17:41:59.000Z,1627508,1890999,1,"Xal'atath's Bargain: Ascendant, Fortified, Challenger's Peril, Tyrannical",呂法蘭絲忒荿,Mage,Frost,dps,Arygos
530,340.2,303872465,11,Mists of Tirna Scithe,2024-10-30T17:41:59.000Z,1627508,1890999,1,"Xal'atath's Bargain: Ascendant, Fortified, Challenger's Peril, Tyrannical",薩閣主,Shaman,Restoration,healer,Shadowmoon
530,340.2,303872465,11,Mists of Tirna Scithe,2024-10-30T17:41:59.000Z,1627508,1890999,1,"Xal'atath's Bargain: Ascendant, Fortified, Challenger's Peril, Tyrannical",貝果干,Rogue,Assassination,dps,Sundown Marsh
530,340.2,303872465,11,Mists of Tirna Scithe,2024-10-30T17:41:59.000Z,1627508,1890999,1,"Xal'atath's Bargain: Ascendant, Fortified, Challenger's Peril, Tyrannical",握住我的戟把,Paladin,Retribution,dps,Wrathbringer
531,340.2,303414092,11,Mists of Tirna Scithe,2024-10-28T08:47:41.000Z,1627908,1890999,1,"Xal'atath's Bargain: Ascendant, Fortified, Challenger's Peril, Tyrannical",Nicokami,Warlock,Destruction,dps,Arthas
531,340.2,303414092,11,Mists of Tirna Scithe,2024-10-28T08:47:41.000Z,1627908,1890999,1,"Xal'atath's Bargain: Ascendant, Fortified, Challenger's Peril, Tyrannical",辣霸哥,Death Knight,Blood,tank,Hellscream
531,340.2,303414092,11,Mists of Tirna Scithe,2024-10-28T08:47:41.000Z,1627908,1890999,1,"Xal'atath's Bargain: Ascendant, Fortified, Challenger's Peril, Tyrannical",九嫂,Shaman,Restoration,healer,Silverwing Hold
531,340.2,303414092,11,Mists of Tirna Scithe,2024-10-28T08:47:41.000Z,1627908,1890999,1,"Xal'atath's Bargain: Ascendant, Fortified, Challenger's Peril, Tyrannical",加列牛,Paladin,Retribution,dps,Arthas
531,340.2,303414092,11,Mists of Tirna Scithe,2024-10-28T08:47:41.000Z,1627908,1890999,1,"Xal'atath's Bargain: Ascendant, Fortified, Challenger's Peril, Tyrannical",Hanziao,Evoker,Augmentation,dps,Spirestone
532,340.2,307500683,11,Mists of Tirna Scithe,2024-11-16T13:52:39.000Z,1628352,1890999,1,"Xal'atath's Bargain: Ascendant, Tyrannical, Challenger's Peril, Fortified",斯帕瓦姆,Death Knight,Frost,dps,Arthas
532,340.2,307500683,11,Mists of Tirna Scithe,2024-11-16T13:52:39.000Z,1628352,1890999,1,"Xal'atath's Bargain: Ascendant, Tyrannical, Challenger's Peril, Fortified",橘子班長,Demon Hunter,Vengeance,tank,Frostmane
532,340.2,307500683,11,Mists of Tirna Scithe,2024-11-16T13:52:39.000Z,1628352,1890999,1,"Xal'atath's Bargain: Ascendant, Tyrannical, Challenger's Peril, Fortified",邪能微粒,Warlock,Affliction,dps,Nightsong
532,340.2,307500683,11,Mists of Tirna Scithe,2024-11-16T13:52:39.000Z,1628352,1890999,1,"Xal'atath's Bargain: Ascendant, Tyrannical, Challenger's Peril, Fortified",吐您,Shaman,Restoration,healer,Arygos
532,340.2,307500683,11,Mists of Tirna Scithe,2024-11-16T13:52:39.000Z,1628352,1890999,1,"Xal'atath's Bargain: Ascendant, Tyrannical, Challenger's Peril, Fortified",Mask,Paladin,Retribution,dps,Arygos
533,340.2,307160939,11,Mists of Tirna Scithe,2024-11-14T14:40:54.000Z,1630355,1890999,1,"Xal'atath's Bargain: Ascendant, Tyrannical, Challenger's Peril, Fortified",連鎖閃電,Shaman,Enhancement,dps,Shadowmoon
533,340.2,307160939,11,Mists of Tirna Scithe,2024-11-14T14:40:54.000Z,1630355,1890999,1,"Xal'atath's Bargain: Ascendant, Tyrannical, Challenger's Peril, Fortified",俏怒楓,Warrior,Protection,tank,Whisperwind
533,340.2,307160939,11,Mists of Tirna Scithe,2024-11-14T14:40:54.000Z,1630355,1890999,1,"Xal'atath's Bargain: Ascendant, Tyrannical, Challenger's Peril, Fortified",經典復刻版,Rogue,Subtlety,dps,Shadowmoon
533,340.2,307160939,11,Mists of Tirna Scithe,2024-11-14T14:40:54.000Z,1630355,1890999,1,"Xal'atath's Bargain: Ascendant, Tyrannical, Challenger's Peril, Fortified",Neoniro,Shaman,Restoration,healer,Zealot Blade
533,340.2,307160939,11,Mists of Tirna Scithe,2024-11-14T14:40:54.000Z,1630355,1890999,1,"Xal'atath's Bargain: Ascendant, Tyrannical, Challenger's Peril, Fortified",Darksome,Warlock,Destruction,dps,Frostmane
534,340.2,307351157,11,Mists of Tirna Scithe,2024-11-15T18:28:02.000Z,1631008,1890999,1,"Xal'atath's Bargain: Ascendant, Tyrannical, Challenger's Peril, Fortified",牛唄硬要,Priest,Discipline,healer,Arthas
534,340.2,307351157,11,Mists of Tirna Scithe,2024-11-15T18:28:02.000Z,1631008,1890999,1,"Xal'atath's Bargain: Ascendant, Tyrannical, Challenger's Peril, Fortified",一滾木頭,Death Knight,Frost,dps,Arygos
534,340.2,307351157,11,Mists of Tirna Scithe,2024-11-15T18:28:02.000Z,1631008,1890999,1,"Xal'atath's Bargain: Ascendant, Tyrannical, Challenger's Peril, Fortified",阿公穿肚兜奔,Priest,Shadow,dps,Nightsong
534,340.2,307351157,11,Mists of Tirna Scithe,2024-11-15T18:28:02.000Z,1631008,1890999,1,"Xal'atath's Bargain: Ascendant, Tyrannical, Challenger's Peril, Fortified",Gipal,Paladin,Protection,tank,Menethil
534,340.2,307351157,11,Mists of Tirna Scithe,2024-11-15T18:28:02.000Z,1631008,1890999,1,"Xal'atath's Bargain: Ascendant, Tyrannical, Challenger's Peril, Fortified",Gogunhee,Evoker,Augmentation,dps,Silverwing Hold
535,340.1,302471211,11,Mists of Tirna Scithe,2024-10-24T12:45:11.000Z,1631365,1890999,1,"Xal'atath's Bargain: Ascendant, Fortified, Challenger's Peril, Tyrannical",餅乾噗妞,Shaman,Elemental,dps,Shadowmoon
535,340.1,302471211,11,Mists of Tirna Scithe,2024-10-24T12:45:11.000Z,1631365,1890999,1,"Xal'atath's Bargain: Ascendant, Fortified, Challenger's Peril, Tyrannical",王子餅乾,Death Knight,Unholy,dps,Skywall
535,340.1,302471211,11,Mists of Tirna Scithe,2024-10-24T12:45:11.000Z,1631365,1890999,1,"Xal'atath's Bargain: Ascendant, Fortified, Challenger's Peril, Tyrannical",紫欣然,Druid,Restoration,healer,Skywall
535,340.1,302471211,11,Mists of Tirna Scithe,2024-10-24T12:45:11.000Z,1631365,1890999,1,"Xal'atath's Bargain: Ascendant, Fortified, Challenger's Peril, Tyrannical",輝夜姬,Death Knight,Frost,dps,Skywall
535,340.1,302471211,11,Mists of Tirna Scithe,2024-10-24T12:45:11.000Z,1631365,1890999,1,"Xal'atath's Bargain: Ascendant, Fortified, Challenger's Peril, Tyrannical",夏日飛雪花-229854881,Paladin,Protection,tank,Skywall
536,340.1,307167902,11,Mists of Tirna Scithe,2024-11-14T15:44:13.000Z,1632761,1890999,1,"Xal'atath's Bargain: Ascendant, Tyrannical, Challenger's Peril, Fortified",山里大叔,Hunter,Beast Mastery,dps,World Tree
536,340.1,307167902,11,Mists of Tirna Scithe,2024-11-14T15:44:13.000Z,1632761,1890999,1,"Xal'atath's Bargain: Ascendant, Tyrannical, Challenger's Peril, Fortified",Chiasma,Mage,Arcane,dps,Sundown Marsh
536,340.1,307167902,11,Mists of Tirna Scithe,2024-11-14T15:44:13.000Z,1632761,1890999,1,"Xal'atath's Bargain: Ascendant, Tyrannical, Challenger's Peril, Fortified",妞妞德德,Druid,Restoration,healer,World Tree
536,340.1,307167902,11,Mists of Tirna Scithe,2024-11-14T15:44:13.000Z,1632761,1890999,1,"Xal'atath's Bargain: Ascendant, Tyrannical, Challenger's Peril, Fortified",续命神蛤,Evoker,Augmentation,dps,Whisperwind
536,340.1,307167902,11,Mists of Tirna Scithe,2024-11-14T15:44:13.000Z,1632761,1890999,1,"Xal'atath's Bargain: Ascendant, Tyrannical, Challenger's Peril, Fortified",飄飄,Paladin,Protection,tank,Whisperwind
537,340.1,307318790,11,Mists of Tirna Scithe,2024-11-15T14:14:15.000Z,1632790,1890999,1,"Xal'atath's Bargain: Ascendant, Tyrannical, Challenger's Peril, Fortified",Meigenn,Demon Hunter,Havoc,dps,Demon Fall Canyon
537,340.1,307318790,11,Mists of Tirna Scithe,2024-11-15T14:14:15.000Z,1632790,1890999,1,"Xal'atath's Bargain: Ascendant, Tyrannical, Challenger's Peril, Fortified",爹卡路恰,Death Knight,Blood,tank,Sundown Marsh
537,340.1,307318790,11,Mists of Tirna Scithe,2024-11-15T14:14:15.000Z,1632790,1890999,1,"Xal'atath's Bargain: Ascendant, Tyrannical, Challenger's Peril, Fortified",毛克,Shaman,Elemental,dps,Demon Fall Canyon
537,340.1,307318790,11,Mists of Tirna Scithe,2024-11-15T14:14:15.000Z,1632790,1890999,1,"Xal'atath's Bargain: Ascendant, Tyrannical, Challenger's Peril, Fortified",Dinahlance,Priest,Discipline,healer,Sundown Marsh
537,340.1,307318790,11,Mists of Tirna Scithe,2024-11-15T14:14:15.000Z,1632790,1890999,1,"Xal'atath's Bargain: Ascendant, Tyrannical, Challenger's Peril, Fortified",Minabb,Warlock,Destruction,dps,Nightsong
538,340.1,302951403,11,Mists of Tirna Scithe,2024-10-26T13:44:03.000Z,1633211,1890999,1,"Xal'atath's Bargain: Ascendant, Fortified, Challenger's Peril, Tyrannical",純黑無白,Warlock,Affliction,dps,Demon Fall Canyon
538,340.1,302951403,11,Mists of Tirna Scithe,2024-10-26T13:44:03.000Z,1633211,1890999,1,"Xal'atath's Bargain: Ascendant, Fortified, Challenger's Peril, Tyrannical",Moriaty,Warrior,Protection,tank,Krol Blade
538,340.1,302951403,11,Mists of Tirna Scithe,2024-10-26T13:44:03.000Z,1633211,1890999,1,"Xal'atath's Bargain: Ascendant, Fortified, Challenger's Peril, Tyrannical",菲拉雷斯,Paladin,Retribution,dps,Crystalpine Stinger
538,340.1,302951403,11,Mists of Tirna Scithe,2024-10-26T13:44:03.000Z,1633211,1890999,1,"Xal'atath's Bargain: Ascendant, Fortified, Challenger's Peril, Tyrannical",Temper,Shaman,Restoration,healer,Crystalpine Stinger
538,340.1,302951403,11,Mists of Tirna Scithe,2024-10-26T13:44:03.000Z,1633211,1890999,1,"Xal'atath's Bargain: Ascendant, Fortified, Challenger's Peril, Tyrannical",林總在茶館睡,Monk,Windwalker,dps,Crystalpine Stinger
539,340.1,307158248,11,Mists of Tirna Scithe,2024-11-14T14:08:03.000Z,1633219,1890999,1,"Xal'atath's Bargain: Ascendant, Tyrannical, Challenger's Peril, Fortified",緋花花,Shaman,Restoration,healer,Shadowmoon
539,340.1,307158248,11,Mists of Tirna Scithe,2024-11-14T14:08:03.000Z,1633219,1890999,1,"Xal'atath's Bargain: Ascendant, Tyrannical, Challenger's Peril, Fortified",凱風快晴,Hunter,Marksmanship,dps,Whisperwind
539,340.1,307158248,11,Mists of Tirna Scithe,2024-11-14T14:08:03.000Z,1633219,1890999,1,"Xal'atath's Bargain: Ascendant, Tyrannical, Challenger's Peril, Fortified",卡德加藤鷹,Death Knight,Blood,tank,Shadowmoon
539,340.1,307158248,11,Mists of Tirna Scithe,2024-11-14T14:08:03.000Z,1633219,1890999,1,"Xal'atath's Bargain: Ascendant, Tyrannical, Challenger's Peril, Fortified",優佩蕾,Paladin,Retribution,dps,Sundown Marsh
539,340.1,307158248,11,Mists of Tirna Scithe,2024-11-14T14:08:03.000Z,1633219,1890999,1,"Xal'atath's Bargain: Ascendant, Tyrannical, Challenger's Peril, Fortified",聖無缺,Paladin,Retribution,dps,Shadowmoon
540,340.1,307313126,11,Mists of Tirna Scithe,2024-11-15T13:36:56.000Z,1633439,1890999,1,"Xal'atath's Bargain: Ascendant, Tyrannical, Challenger's Peril, Fortified",吻肚臍,Priest,Discipline,healer,Shadowmoon
540,340.1,307313126,11,Mists of Tirna Scithe,2024-11-15T13:36:56.000Z,1633439,1890999,1,"Xal'atath's Bargain: Ascendant, Tyrannical, Challenger's Peril, Fortified",巫喵王阿薩屍,Death Knight,Frost,dps,Shadowmoon
540,340.1,307313126,11,Mists of Tirna Scithe,2024-11-15T13:36:56.000Z,1633439,1890999,1,"Xal'atath's Bargain: Ascendant, Tyrannical, Challenger's Peril, Fortified",艾洛小饅頭,Paladin,Retribution,dps,Shadowmoon
540,340.1,307313126,11,Mists of Tirna Scithe,2024-11-15T13:36:56.000Z,1633439,1890999,1,"Xal'atath's Bargain: Ascendant, Tyrannical, Challenger's Peril, Fortified",奧垢,Hunter,Survival,dps,Shadowmoon
540,340.1,307313126,11,Mists of Tirna Scithe,2024-11-15T13:36:56.000Z,1633439,1890999,1,"Xal'atath's Bargain: Ascendant, Tyrannical, Challenger's Peril, Fortified",君陌,Paladin,Protection,tank,Hellscream
541,340.1,296530995,11,Mists of Tirna Scithe,2024-11-18T18:50:55.000Z,1633629,1890999,1,"Xal'atath's Bargain: Ascendant, Tyrannical, Challenger's Peril, Fortified",暗月之怒,Paladin,Retribution,dps,Light's Hope
541,340.1,296530995,11,Mists of Tirna Scithe,2024-11-18T18:50:55.000Z,1633629,1890999,1,"Xal'atath's Bargain: Ascendant, Tyrannical, Challenger's Peril, Fortified",禁止煮章魚,Shaman,Restoration,healer,Skywall
541,340.1,296530995,11,Mists of Tirna Scithe,2024-11-18T18:50:55.000Z,1633629,1890999,1,"Xal'atath's Bargain: Ascendant, Tyrannical, Challenger's Peril, Fortified",Debian,Death Knight,Unholy,dps,Skywall
541,340.1,296530995,11,Mists of Tirna Scithe,2024-11-18T18:50:55.000Z,1633629,1890999,1,"Xal'atath's Bargain: Ascendant, Tyrannical, Challenger's Peril, Fortified",柏拉圖泡泡,Druid,Guardian,tank,Skywall
541,340.1,296530995,11,Mists of Tirna Scithe,2024-11-18T18:50:55.000Z,1633629,1890999,1,"Xal'atath's Bargain: Ascendant, Tyrannical, Challenger's Peril, Fortified",Eye,Warlock,Affliction,dps,Arygos
542,340.1,307933865,11,Mists of Tirna Scithe,2024-11-18T17:33:23.000Z,1634493,1890999,1,"Xal'atath's Bargain: Ascendant, Tyrannical, Challenger's Peril, Fortified",上官獄花,Priest,Discipline,healer,Stormscale
542,340.1,307933865,11,Mists of Tirna Scithe,2024-11-18T17:33:23.000Z,1634493,1890999,1,"Xal'atath's Bargain: Ascendant, Tyrannical, Challenger's Peril, Fortified",純屬意外,Paladin,Protection,tank,Frostmane
542,340.1,307933865,11,Mists of Tirna Scithe,2024-11-18T17:33:23.000Z,1634493,1890999,1,"Xal'atath's Bargain: Ascendant, Tyrannical, Challenger's Peril, Fortified",端木莿,Hunter,Survival,dps,Demon Fall Canyon
542,340.1,307933865,11,Mists of Tirna Scithe,2024-11-18T17:33:23.000Z,1634493,1890999,1,"Xal'atath's Bargain: Ascendant, Tyrannical, Challenger's Peril, Fortified",唔茲,Death Knight,Frost,dps,Stormscale
542,340.1,307933865,11,Mists of Tirna Scithe,2024-11-18T17:33:23.000Z,1634493,1890999,1,"Xal'atath's Bargain: Ascendant, Tyrannical, Challenger's Peril, Fortified",豬啄啄,Shaman,Elemental,dps,Nightsong
543,340.1,307669267,11,Mists of Tirna Scithe,2024-11-17T06:28:31.000Z,1634721,1890999,1,"Xal'atath's Bargain: Ascendant, Tyrannical, Challenger's Peril, Fortified",天空之羽翼,Warlock,Destruction,dps,Demon Fall Canyon
543,340.1,307669267,11,Mists of Tirna Scithe,2024-11-17T06:28:31.000Z,1634721,1890999,1,"Xal'atath's Bargain: Ascendant, Tyrannical, Challenger's Peril, Fortified",胖胖牛,Druid,Guardian,tank,Spirestone
543,340.1,307669267,11,Mists of Tirna Scithe,2024-11-17T06:28:31.000Z,1634721,1890999,1,"Xal'atath's Bargain: Ascendant, Tyrannical, Challenger's Peril, Fortified",血楓葉,Death Knight,Frost,dps,Arygos
543,340.1,307669267,11,Mists of Tirna Scithe,2024-11-17T06:28:31.000Z,1634721,1890999,1,"Xal'atath's Bargain: Ascendant, Tyrannical, Challenger's Peril, Fortified",麥扣滑穌牛,Shaman,Enhancement,dps,Icecrown
543,340.1,307669267,11,Mists of Tirna Scithe,2024-11-17T06:28:31.000Z,1634721,1890999,1,"Xal'atath's Bargain: Ascendant, Tyrannical, Challenger's Peril, Fortified",瀟瀟風雨,Shaman,Restoration,healer,Chillwind Point
544,340.1,303011141,11,Mists of Tirna Scithe,2024-10-26T20:12:44.000Z,1634786,1890999,1,"Xal'atath's Bargain: Ascendant, Fortified, Challenger's Peril, Tyrannical",一舊飯,Druid,Guardian,tank,Crystalpine Stinger
544,340.1,303011141,11,Mists of Tirna Scithe,2024-10-26T20:12:44.000Z,1634786,1890999,1,"Xal'atath's Bargain: Ascendant, Fortified, Challenger's Peril, Tyrannical",岢可道爾,Death Knight,Frost,dps,Wrathbringer
544,340.1,303011141,11,Mists of Tirna Scithe,2024-10-26T20:12:44.000Z,1634786,1890999,1,"Xal'atath's Bargain: Ascendant, Fortified, Challenger's Peril, Tyrannical",芮雅,Priest,Holy,healer,Crystalpine Stinger
544,340.1,303011141,11,Mists of Tirna Scithe,2024-10-26T20:12:44.000Z,1634786,1890999,1,"Xal'atath's Bargain: Ascendant, Fortified, Challenger's Peril, Tyrannical",月落花秋,Hunter,Beast Mastery,dps,Crystalpine Stinger
544,340.1,303011141,11,Mists of Tirna Scithe,2024-10-26T20:12:44.000Z,1634786,1890999,1,"Xal'atath's Bargain: Ascendant, Fortified, Challenger's Peril, Tyrannical",夢非凡-218288610,Shaman,Elemental,dps,Crystalpine Stinger
545,340.1,307143274,11,Mists of Tirna Scithe,2024-11-14T11:26:42.000Z,1635303,1890999,1,"Xal'atath's Bargain: Ascendant, Tyrannical, Challenger's Peril, Fortified",戴玉兒,Shaman,Elemental,dps,Skywall
545,340.1,307143274,11,Mists of Tirna Scithe,2024-11-14T11:26:42.000Z,1635303,1890999,1,"Xal'atath's Bargain: Ascendant, Tyrannical, Challenger's Peril, Fortified",火考就是美味,Warlock,Affliction,dps,Shadowmoon
545,340.1,307143274,11,Mists of Tirna Scithe,2024-11-14T11:26:42.000Z,1635303,1890999,1,"Xal'atath's Bargain: Ascendant, Tyrannical, Challenger's Peril, Fortified",浪鬼,Demon Hunter,Vengeance,tank,Quel'dorei
545,340.1,307143274,11,Mists of Tirna Scithe,2024-11-14T11:26:42.000Z,1635303,1890999,1,"Xal'atath's Bargain: Ascendant, Tyrannical, Challenger's Peril, Fortified",Apothecarry,Priest,Discipline,healer,Chillwind Point
545,340.1,307143274,11,Mists of Tirna Scithe,2024-11-14T11:26:42.000Z,1635303,1890999,1,"Xal'atath's Bargain: Ascendant, Tyrannical, Challenger's Peril, Fortified",波士頓龍蝦堡,Evoker,Augmentation,dps,Shadowmoon
546,340.1,307892955,11,Mists of Tirna Scithe,2024-11-18T11:03:27.000Z,1635357,1890999,1,"Xal'atath's Bargain: Ascendant, Tyrannical, Challenger's Peril, Fortified",Kennylop,Warlock,Destruction,dps,Whisperwind
546,340.1,307892955,11,Mists of Tirna Scithe,2024-11-18T11:03:27.000Z,1635357,1890999,1,"Xal'atath's Bargain: Ascendant, Tyrannical, Challenger's Peril, Fortified",蒂芬妮,Demon Hunter,Havoc,dps,Bleeding Hollow
546,340.1,307892955,11,Mists of Tirna Scithe,2024-11-18T11:03:27.000Z,1635357,1890999,1,"Xal'atath's Bargain: Ascendant, Tyrannical, Challenger's Peril, Fortified",Cylan,Hunter,Marksmanship,dps,World Tree
546,340.1,307892955,11,Mists of Tirna Scithe,2024-11-18T11:03:27.000Z,1635357,1890999,1,"Xal'atath's Bargain: Ascendant, Tyrannical, Challenger's Peril, Fortified",多甘,Druid,Guardian,tank,Nightsong
546,340.1,307892955,11,Mists of Tirna Scithe,2024-11-18T11:03:27.000Z,1635357,1890999,1,"Xal'atath's Bargain: Ascendant, Tyrannical, Challenger's Peril, Fortified",齊格佛雷德,Shaman,Restoration,healer,Shadowmoon
547,340,302713086,11,Mists of Tirna Scithe,2024-10-25T03:40:34.000Z,1637451,1890999,1,"Xal'atath's Bargain: Ascendant, Fortified, Challenger's Peril, Tyrannical",不是牛戰士,Warrior,Protection,tank,Arygos
547,340,302713086,11,Mists of Tirna Scithe,2024-10-25T03:40:34.000Z,1637451,1890999,1,"Xal'atath's Bargain: Ascendant, Fortified, Challenger's Peril, Tyrannical",小刀,Warrior,Fury,dps,Zealot Blade
547,340,302713086,11,Mists of Tirna Scithe,2024-10-25T03:40:34.000Z,1637451,1890999,1,"Xal'atath's Bargain: Ascendant, Fortified, Challenger's Peril, Tyrannical",阿傑,Paladin,Retribution,dps,Chillwind Point
547,340,302713086,11,Mists of Tirna Scithe,2024-10-25T03:40:34.000Z,1637451,1890999,1,"Xal'atath's Bargain: Ascendant, Fortified, Challenger's Peril, Tyrannical",小寶,Death Knight,Frost,dps,Zealot Blade
547,340,302713086,11,Mists of Tirna Scithe,2024-10-25T03:40:34.000Z,1637451,1890999,1,"Xal'atath's Bargain: Ascendant, Fortified, Challenger's Peril, Tyrannical",Bao,Monk,Mistweaver,healer,Sundown Marsh
548,340,308039270,11,Mists of Tirna Scithe,2024-11-19T06:14:18.000Z,1637907,1890999,1,"Xal'atath's Bargain: Ascendant, Tyrannical, Challenger's Peril, Fortified",火鍋不用火,Paladin,Retribution,dps,Light's Hope
548,340,308039270,11,Mists of Tirna Scithe,2024-11-19T06:14:18.000Z,1637907,1890999,1,"Xal'atath's Bargain: Ascendant, Tyrannical, Challenger's Peril, Fortified",沐心,Priest,Discipline,healer,Sundown Marsh
548,340,308039270,11,Mists of Tirna Scithe,2024-11-19T06:14:18.000Z,1637907,1890999,1,"Xal'atath's Bargain: Ascendant, Tyrannical, Challenger's Peril, Fortified",起亞虎三振,Death Knight,Frost,dps,Shadowmoon
548,340,308039270,11,Mists of Tirna Scithe,2024-11-19T06:14:18.000Z,1637907,1890999,1,"Xal'atath's Bargain: Ascendant, Tyrannical, Challenger's Peril, Fortified",Raw,Paladin,Protection,tank,Light's Hope
548,340,308039270,11,Mists of Tirna Scithe,2024-11-19T06:14:18.000Z,1637907,1890999,1,"Xal'atath's Bargain: Ascendant, Tyrannical, Challenger's Peril, Fortified",Tungsten,Shaman,Elemental,dps,Light's Hope
549,340,308277116,11,Mists of Tirna Scithe,2024-11-20T13:24:46.000Z,1638180,1890999,1,"Xal'atath's Bargain: Ascendant, Tyrannical, Challenger's Peril, Fortified",艾爾梅瑞,Hunter,Beast Mastery,dps,Crystalpine Stinger
549,340,308277116,11,Mists of Tirna Scithe,2024-11-20T13:24:46.000Z,1638180,1890999,1,"Xal'atath's Bargain: Ascendant, Tyrannical, Challenger's Peril, Fortified",我有三把刀,Shaman,Restoration,healer,World Tree
549,340,308277116,11,Mists of Tirna Scithe,2024-11-20T13:24:46.000Z,1638180,1890999,1,"Xal'atath's Bargain: Ascendant, Tyrannical, Challenger's Peril, Fortified",劉少奇,Warrior,Fury,dps,Crystalpine Stinger
549,340,308277116,11,Mists of Tirna Scithe,2024-11-20T13:24:46.000Z,1638180,1890999,1,"Xal'atath's Bargain: Ascendant, Tyrannical, Challenger's Peril, Fortified",Bearen,Druid,Guardian,tank,Menethil
549,340,308277116,11,Mists of Tirna Scithe,2024-11-20T13:24:46.000Z,1638180,1890999,1,"Xal'atath's Bargain: Ascendant, Tyrannical, Challenger's Peril, Fortified",拉姆拉迪,Paladin,Retribution,dps,Stormscale
550,340,302433126,11,Mists of Tirna Scithe,2024-10-24T05:59:50.000Z,1638233,1890999,1,"Xal'atath's Bargain: Ascendant, Fortified, Challenger's Peril, Tyrannical",貝魯洛斯,Paladin,Retribution,dps,Shadowmoon
550,340,302433126,11,Mists of Tirna Scithe,2024-10-24T05:59:50.000Z,1638233,1890999,1,"Xal'atath's Bargain: Ascendant, Fortified, Challenger's Peril, Tyrannical",Nedudu,Druid,Guardian,tank,Quel'dorei
550,340,302433126,11,Mists of Tirna Scithe,2024-10-24T05:59:50.000Z,1638233,1890999,1,"Xal'atath's Bargain: Ascendant, Fortified, Challenger's Peril, Tyrannical",廢天使加百列,Mage,Frost,dps,Shadowmoon
550,340,302433126,11,Mists of Tirna Scithe,2024-10-24T05:59:50.000Z,1638233,1890999,1,"Xal'atath's Bargain: Ascendant, Fortified, Challenger's Peril, Tyrannical",Magicstar,Evoker,Preservation,healer,Silverwing Hold
550,340,302433126,11,Mists of Tirna Scithe,2024-10-24T05:59:50.000Z,1638233,1890999,1,"Xal'atath's Bargain: Ascendant, Fortified, Challenger's Peril, Tyrannical",燁子舞拾,Death Knight,Frost,dps,Quel'dorei
551,340,294916429,11,Mists of Tirna Scithe,2024-09-24T13:38:47.000Z,1638504,1890999,1,"Xal'atath's Bargain: Ascendant, Tyrannical, Challenger's Peril, Fortified",紫芯,Paladin,Retribution,dps,Nightsong
551,340,294916429,11,Mists of Tirna Scithe,2024-09-24T13:38:47.000Z,1638504,1890999,1,"Xal'atath's Bargain: Ascendant, Tyrannical, Challenger's Peril, Fortified",妮莉妲,Death Knight,Blood,tank,Nightsong
551,340,294916429,11,Mists of Tirna Scithe,2024-09-24T13:38:47.000Z,1638504,1890999,1,"Xal'atath's Bargain: Ascendant, Tyrannical, Challenger's Peril, Fortified",艾艾法,Priest,Discipline,healer,Demon Fall Canyon
551,340,294916429,11,Mists of Tirna Scithe,2024-09-24T13:38:47.000Z,1638504,1890999,1,"Xal'atath's Bargain: Ascendant, Tyrannical, Challenger's Peril, Fortified",沐祤,Hunter,Survival,dps,Sundown Marsh
551,340,294916429,11,Mists of Tirna Scithe,2024-09-24T13:38:47.000Z,1638504,1890999,1,"Xal'atath's Bargain: Ascendant, Tyrannical, Challenger's Peril, Fortified",羽烏智世,Warlock,Destruction,dps,Bleeding Hollow
552,340,302917113,11,Mists of Tirna Scithe,2024-10-26T12:39:24.000Z,1638741,1890999,1,"Xal'atath's Bargain: Ascendant, Fortified, Challenger's Peril, Tyrannical",型煌,Paladin,Retribution,dps,Demon Fall Canyon
552,340,302917113,11,Mists of Tirna Scithe,2024-10-26T12:39:24.000Z,1638741,1890999,1,"Xal'atath's Bargain: Ascendant, Fortified, Challenger's Peril, Tyrannical",櫻之小龍女,Shaman,Restoration,healer,Zealot Blade
552,340,302917113,11,Mists of Tirna Scithe,2024-10-26T12:39:24.000Z,1638741,1890999,1,"Xal'atath's Bargain: Ascendant, Fortified, Challenger's Peril, Tyrannical",願聖光不鳥你,Death Knight,Frost,dps,Stormscale
552,340,302917113,11,Mists of Tirna Scithe,2024-10-26T12:39:24.000Z,1638741,1890999,1,"Xal'atath's Bargain: Ascendant, Fortified, Challenger's Peril, Tyrannical",輕親的親親,Druid,Guardian,tank,Arthas
552,340,302917113,11,Mists of Tirna Scithe,2024-10-26T12:39:24.000Z,1638741,1890999,1,"Xal'atath's Bargain: Ascendant, Fortified, Challenger's Peril, Tyrannical",滅盡龍,Evoker,Augmentation,dps,Crystalpine Stinger
553,340,307170691,11,Mists of Tirna Scithe,2024-11-14T15:43:27.000Z,1638777,1890999,1,"Xal'atath's Bargain: Ascendant, Tyrannical, Challenger's Peril, Fortified",Narkar,Warlock,Demonology,dps,Light's Hope
553,340,307170691,11,Mists of Tirna Scithe,2024-11-14T15:43:27.000Z,1638777,1890999,1,"Xal'atath's Bargain: Ascendant, Tyrannical, Challenger's Peril, Fortified",Hestia,Paladin,Retribution,dps,Chillwind Point
553,340,307170691,11,Mists of Tirna Scithe,2024-11-14T15:43:27.000Z,1638777,1890999,1,"Xal'atath's Bargain: Ascendant, Tyrannical, Challenger's Peril, Fortified",玄狼,Shaman,Restoration,healer,Light's Hope
553,340,307170691,11,Mists of Tirna Scithe,2024-11-14T15:43:27.000Z,1638777,1890999,1,"Xal'atath's Bargain: Ascendant, Tyrannical, Challenger's Peril, Fortified",深深淺淺的想,Death Knight,Blood,tank,Shadowmoon
553,340,307170691,11,Mists of Tirna Scithe,2024-11-14T15:43:27.000Z,1638777,1890999,1,"Xal'atath's Bargain: Ascendant, Tyrannical, Challenger's Peril, Fortified",神週四奈浦,Hunter,Beast Mastery,dps,Shadowmoon
554,340,303144450,11,Mists of Tirna Scithe,2024-10-27T09:07:19.000Z,1639917,1890999,1,"Xal'atath's Bargain: Ascendant, Fortified, Challenger's Peril, Tyrannical",Gglee,Warlock,Affliction,dps,Sundown Marsh
554,340,303144450,11,Mists of Tirna Scithe,2024-10-27T09:07:19.000Z,1639917,1890999,1,"Xal'atath's Bargain: Ascendant, Fortified, Challenger's Peril, Tyrannical",牧兒,Priest,Discipline,healer,Whisperwind
554,340,303144450,11,Mists of Tirna Scithe,2024-10-27T09:07:19.000Z,1639917,1890999,1,"Xal'atath's Bargain: Ascendant, Fortified, Challenger's Peril, Tyrannical",你狗叫什麼,Druid,Balance,dps,Chillwind Point
554,340,303144450,11,Mists of Tirna Scithe,2024-10-27T09:07:19.000Z,1639917,1890999,1,"Xal'atath's Bargain: Ascendant, Fortified, Challenger's Peril, Tyrannical",Aimer,Warrior,Protection,tank,Silverwing Hold
554,340,303144450,11,Mists of Tirna Scithe,2024-10-27T09:07:19.000Z,1639917,1890999,1,"Xal'atath's Bargain: Ascendant, Fortified, Challenger's Peril, Tyrannical",一壹一,Shaman,Enhancement,dps,Sundown Marsh
555,340,307529448,11,Mists of Tirna Scithe,2024-11-16T17:24:01.000Z,1640220,1890999,1,"Xal'atath's Bargain: Ascendant, Tyrannical, Challenger's Peril, Fortified",Vacuous,Warrior,Protection,tank,Skywall
555,340,307529448,11,Mists of Tirna Scithe,2024-11-16T17:24:01.000Z,1640220,1890999,1,"Xal'atath's Bargain: Ascendant, Tyrannical, Challenger's Peril, Fortified",Fausd,Paladin,Retribution,dps,Bleeding Hollow
555,340,307529448,11,Mists of Tirna Scithe,2024-11-16T17:24:01.000Z,1640220,1890999,1,"Xal'atath's Bargain: Ascendant, Tyrannical, Challenger's Peril, Fortified",天癸之羽,Hunter,Beast Mastery,dps,Spirestone
555,340,307529448,11,Mists of Tirna Scithe,2024-11-16T17:24:01.000Z,1640220,1890999,1,"Xal'atath's Bargain: Ascendant, Tyrannical, Challenger's Peril, Fortified",薩小滿,Shaman,Restoration,healer,Shadowmoon
555,340,307529448,11,Mists of Tirna Scithe,2024-11-16T17:24:01.000Z,1640220,1890999,1,"Xal'atath's Bargain: Ascendant, Tyrannical, Challenger's Peril, Fortified",佛忻,Death Knight,Unholy,dps,Demon Fall Canyon
556,340,307499531,11,Mists of Tirna Scithe,2024-11-16T13:33:24.000Z,1640241,1890999,1,"Xal'atath's Bargain: Ascendant, Tyrannical, Challenger's Peril, Fortified",Helios,Druid,Restoration,healer,Silverwing Hold
556,340,307499531,11,Mists of Tirna Scithe,2024-11-16T13:33:24.000Z,1640241,1890999,1,"Xal'atath's Bargain: Ascendant, Tyrannical, Challenger's Peril, Fortified",小魯伊花,Druid,Guardian,tank,Silverwing Hold
556,340,307499531,11,Mists of Tirna Scithe,2024-11-16T13:33:24.000Z,1640241,1890999,1,"Xal'atath's Bargain: Ascendant, Tyrannical, Challenger's Peril, Fortified",心歛,Mage,Frost,dps,Sundown Marsh
556,340,307499531,11,Mists of Tirna Scithe,2024-11-16T13:33:24.000Z,1640241,1890999,1,"Xal'atath's Bargain: Ascendant, Tyrannical, Challenger's Peril, Fortified",蒔七姑娘,Evoker,Augmentation,dps,Silverwing Hold
556,340,307499531,11,Mists of Tirna Scithe,2024-11-16T13:33:24.000Z,1640241,1890999,1,"Xal'atath's Bargain: Ascendant, Tyrannical, Challenger's Peril, Fortified",雪米涅,Paladin,Retribution,dps,Sundown Marsh
557,340,302996902,11,Mists of Tirna Scithe,2024-10-26T19:06:04.000Z,1640573,1890999,1,"Xal'atath's Bargain: Ascendant, Fortified, Challenger's Peril, Tyrannical",貧血患者,Death Knight,Frost,dps,Quel'dorei
557,340,302996902,11,Mists of Tirna Scithe,2024-10-26T19:06:04.000Z,1640573,1890999,1,"Xal'atath's Bargain: Ascendant, Fortified, Challenger's Peril, Tyrannical",我給忘了,Paladin,Retribution,dps,Arthas
557,340,302996902,11,Mists of Tirna Scithe,2024-10-26T19:06:04.000Z,1640573,1890999,1,"Xal'atath's Bargain: Ascendant, Fortified, Challenger's Peril, Tyrannical",五大龍群之怒,Evoker,Preservation,healer,Shadowmoon
557,340,302996902,11,Mists of Tirna Scithe,2024-10-26T19:06:04.000Z,1640573,1890999,1,"Xal'atath's Bargain: Ascendant, Fortified, Challenger's Peril, Tyrannical",Vcd,Warrior,Protection,tank,Zealot Blade
557,340,302996902,11,Mists of Tirna Scithe,2024-10-26T19:06:04.000Z,1640573,1890999,1,"Xal'atath's Bargain: Ascendant, Fortified, Challenger's Peril, Tyrannical",卍鬼厲,Warlock,Destruction,dps,Crystalpine Stinger
558,340,307510555,11,Mists of Tirna Scithe,2024-11-16T14:47:09.000Z,1640703,1890999,1,"Xal'atath's Bargain: Ascendant, Tyrannical, Challenger's Peril, Fortified",胡克綠,Warrior,Fury,dps,Wrathbringer
558,340,307510555,11,Mists of Tirna Scithe,2024-11-16T14:47:09.000Z,1640703,1890999,1,"Xal'atath's Bargain: Ascendant, Tyrannical, Challenger's Peril, Fortified",回憶之風,Warlock,Destruction,dps,Wrathbringer
558,340,307510555,11,Mists of Tirna Scithe,2024-11-16T14:47:09.000Z,1640703,1890999,1,"Xal'atath's Bargain: Ascendant, Tyrannical, Challenger's Peril, Fortified",白色雪戀,Druid,Guardian,tank,Chillwind Point
558,340,307510555,11,Mists of Tirna Scithe,2024-11-16T14:47:09.000Z,1640703,1890999,1,"Xal'atath's Bargain: Ascendant, Tyrannical, Challenger's Peril, Fortified",奶茶茶葉蛋,Mage,Arcane,dps,Wrathbringer
558,340,307510555,11,Mists of Tirna Scithe,2024-11-16T14:47:09.000Z,1640703,1890999,1,"Xal'atath's Bargain: Ascendant, Tyrannical, Challenger's Peril, Fortified",艾蕾婭,Shaman,Restoration,healer,Sundown Marsh
559,340,307931537,11,Mists of Tirna Scithe,2024-11-18T17:13:42.000Z,1641061,1890999,1,"Xal'atath's Bargain: Ascendant, Tyrannical, Challenger's Peril, Fortified",氣象觀測員,Shaman,Enhancement,dps,Zealot Blade
559,340,307931537,11,Mists of Tirna Scithe,2024-11-18T17:13:42.000Z,1641061,1890999,1,"Xal'atath's Bargain: Ascendant, Tyrannical, Challenger's Peril, Fortified",蔥燒牛,Paladin,Protection,tank,Hellscream
559,340,307931537,11,Mists of Tirna Scithe,2024-11-18T17:13:42.000Z,1641061,1890999,1,"Xal'atath's Bargain: Ascendant, Tyrannical, Challenger's Peril, Fortified",Miuz,Paladin,Retribution,dps,Bleeding Hollow
559,340,307931537,11,Mists of Tirna Scithe,2024-11-18T17:13:42.000Z,1641061,1890999,1,"Xal'atath's Bargain: Ascendant, Tyrannical, Challenger's Peril, Fortified",月夕熊貓,Death Knight,Frost,dps,Chillwind Point
559,340,307931537,11,Mists of Tirna Scithe,2024-11-18T17:13:42.000Z,1641061,1890999,1,"Xal'atath's Bargain: Ascendant, Tyrannical, Challenger's Peril, Fortified",傻滿,Shaman,Restoration,healer,Zealot Blade
560,339.9,302948131,11,Mists of Tirna Scithe,2024-10-26T14:57:24.000Z,1641514,1890999,1,"Xal'atath's Bargain: Ascendant, Fortified, Challenger's Peril, Tyrannical",Éscánór,Paladin,Retribution,dps,Crystalpine Stinger
560,339.9,302948131,11,Mists of Tirna Scithe,2024-10-26T14:57:24.000Z,1641514,1890999,1,"Xal'atath's Bargain: Ascendant, Fortified, Challenger's Peril, Tyrannical",冰姿雪影,Mage,Arcane,dps,Crystalpine Stinger
560,339.9,302948131,11,Mists of Tirna Scithe,2024-10-26T14:57:24.000Z,1641514,1890999,1,"Xal'atath's Bargain: Ascendant, Fortified, Challenger's Peril, Tyrannical",芸晞,Priest,Holy,healer,Hellscream
560,339.9,302948131,11,Mists of Tirna Scithe,2024-10-26T14:57:24.000Z,1641514,1890999,1,"Xal'atath's Bargain: Ascendant, Fortified, Challenger's Peril, Tyrannical",Ardyn,Paladin,Protection,tank,Crystalpine Stinger
560,339.9,302948131,11,Mists of Tirna Scithe,2024-10-26T14:57:24.000Z,1641514,1890999,1,"Xal'atath's Bargain: Ascendant, Fortified, Challenger's Peril, Tyrannical",斑馬牌原子彈,Evoker,Augmentation,dps,Crystalpine Stinger
561,339.9,307148727,11,Mists of Tirna Scithe,2024-11-14T12:16:35.000Z,1641589,1890999,1,"Xal'atath's Bargain: Ascendant, Tyrannical, Challenger's Peril, Fortified",甘寧羊,Warrior,Protection,tank,Quel'dorei
561,339.9,307148727,11,Mists of Tirna Scithe,2024-11-14T12:16:35.000Z,1641589,1890999,1,"Xal'atath's Bargain: Ascendant, Tyrannical, Challenger's Peril, Fortified",牛頭薩滿,Shaman,Elemental,dps,Shadowmoon
561,339.9,307148727,11,Mists of Tirna Scithe,2024-11-14T12:16:35.000Z,1641589,1890999,1,"Xal'atath's Bargain: Ascendant, Tyrannical, Challenger's Peril, Fortified",Sylents,Priest,Shadow,dps,Crystalpine Stinger
561,339.9,307148727,11,Mists of Tirna Scithe,2024-11-14T12:16:35.000Z,1641589,1890999,1,"Xal'atath's Bargain: Ascendant, Tyrannical, Challenger's Peril, Fortified",寂玉的薩滿,Shaman,Restoration,healer,Skywall
561,339.9,307148727,11,Mists of Tirna Scithe,2024-11-14T12:16:35.000Z,1641589,1890999,1,"Xal'atath's Bargain: Ascendant, Tyrannical, Challenger's Peril, Fortified",飛天豬騎士,Paladin,Retribution,dps,Crystalpine Stinger
562,339.9,307706565,11,Mists of Tirna Scithe,2024-11-17T12:52:36.000Z,1641618,1890999,1,"Xal'atath's Bargain: Ascendant, Tyrannical, Challenger's Peril, Fortified",阿拉貝絲特,Paladin,Retribution,dps,Skywall
562,339.9,307706565,11,Mists of Tirna Scithe,2024-11-17T12:52:36.000Z,1641618,1890999,1,"Xal'atath's Bargain: Ascendant, Tyrannical, Challenger's Peril, Fortified",初一十五休診,Shaman,Restoration,healer,Silverwing Hold
562,339.9,307706565,11,Mists of Tirna Scithe,2024-11-17T12:52:36.000Z,1641618,1890999,1,"Xal'atath's Bargain: Ascendant, Tyrannical, Challenger's Peril, Fortified",犽小楓,Shaman,Elemental,dps,Shadowmoon
562,339.9,307706565,11,Mists of Tirna Scithe,2024-11-17T12:52:36.000Z,1641618,1890999,1,"Xal'atath's Bargain: Ascendant, Tyrannical, Challenger's Peril, Fortified",維夏,Paladin,Protection,tank,Whisperwind
562,339.9,307706565,11,Mists of Tirna Scithe,2024-11-17T12:52:36.000Z,1641618,1890999,1,"Xal'atath's Bargain: Ascendant, Tyrannical, Challenger's Peril, Fortified",嚕嚕娜,Demon Hunter,Havoc,dps,Shadowmoon
563,339.9,302714176,11,Mists of Tirna Scithe,2024-10-25T15:15:45.000Z,1641914,1890999,1,"Xal'atath's Bargain: Ascendant, Fortified, Challenger's Peril, Tyrannical",冰姿雪影,Mage,Arcane,dps,Crystalpine Stinger
563,339.9,302714176,11,Mists of Tirna Scithe,2024-10-25T15:15:45.000Z,1641914,1890999,1,"Xal'atath's Bargain: Ascendant, Fortified, Challenger's Peril, Tyrannical",我個腦壞左,Druid,Balance,dps,Crystalpine Stinger
563,339.9,302714176,11,Mists of Tirna Scithe,2024-10-25T15:15:45.000Z,1641914,1890999,1,"Xal'atath's Bargain: Ascendant, Fortified, Challenger's Peril, Tyrannical",芸晞,Priest,Holy,healer,Hellscream
563,339.9,302714176,11,Mists of Tirna Scithe,2024-10-25T15:15:45.000Z,1641914,1890999,1,"Xal'atath's Bargain: Ascendant, Fortified, Challenger's Peril, Tyrannical",Ardyn,Paladin,Protection,tank,Crystalpine Stinger
563,339.9,302714176,11,Mists of Tirna Scithe,2024-10-25T15:15:45.000Z,1641914,1890999,1,"Xal'atath's Bargain: Ascendant, Fortified, Challenger's Peril, Tyrannical",牙烽,Hunter,Survival,dps,Wrathbringer
564,339.9,303256398,11,Mists of Tirna Scithe,2024-10-27T20:08:18.000Z,1642076,1890999,1,"Xal'atath's Bargain: Ascendant, Fortified, Challenger's Peril, Tyrannical",Fran,Druid,Balance,dps,Bleeding Hollow
564,339.9,303256398,11,Mists of Tirna Scithe,2024-10-27T20:08:18.000Z,1642076,1890999,1,"Xal'atath's Bargain: Ascendant, Fortified, Challenger's Peril, Tyrannical",Wüstenfuchs,Shaman,Restoration,healer,Frostmane
564,339.9,303256398,11,Mists of Tirna Scithe,2024-10-27T20:08:18.000Z,1642076,1890999,1,"Xal'atath's Bargain: Ascendant, Fortified, Challenger's Peril, Tyrannical",巨莖強森,Warrior,Protection,tank,Dragonmaw
564,339.9,303256398,11,Mists of Tirna Scithe,2024-10-27T20:08:18.000Z,1642076,1890999,1,"Xal'atath's Bargain: Ascendant, Fortified, Challenger's Peril, Tyrannical",好軟怎麼辦,Shaman,Elemental,dps,Menethil
564,339.9,303256398,11,Mists of Tirna Scithe,2024-10-27T20:08:18.000Z,1642076,1890999,1,"Xal'atath's Bargain: Ascendant, Fortified, Challenger's Peril, Tyrannical",蜥蜴教練,Death Knight,Frost,dps,Stormscale
565,339.9,307679665,11,Mists of Tirna Scithe,2024-11-17T08:26:09.000Z,1642124,1890999,1,"Xal'atath's Bargain: Ascendant, Tyrannical, Challenger's Peril, Fortified",踹尼斯功夫,Druid,Guardian,tank,Sundown Marsh
565,339.9,307679665,11,Mists of Tirna Scithe,2024-11-17T08:26:09.000Z,1642124,1890999,1,"Xal'atath's Bargain: Ascendant, Tyrannical, Challenger's Peril, Fortified",Scarlight,Warlock,Demonology,dps,Frostmane
565,339.9,307679665,11,Mists of Tirna Scithe,2024-11-17T08:26:09.000Z,1642124,1890999,1,"Xal'atath's Bargain: Ascendant, Tyrannical, Challenger's Peril, Fortified",什麼呀,Shaman,Elemental,dps,Frostmane
565,339.9,307679665,11,Mists of Tirna Scithe,2024-11-17T08:26:09.000Z,1642124,1890999,1,"Xal'atath's Bargain: Ascendant, Tyrannical, Challenger's Peril, Fortified",聖羽煌刃,Paladin,Retribution,dps,Wrathbringer
565,339.9,307679665,11,Mists of Tirna Scithe,2024-11-17T08:26:09.000Z,1642124,1890999,1,"Xal'atath's Bargain: Ascendant, Tyrannical, Challenger's Peril, Fortified",緹亞,Shaman,Restoration,healer,Shadowmoon
566,339.9,302445113,11,Mists of Tirna Scithe,2024-10-24T07:08:10.000Z,1642436,1890999,1,"Xal'atath's Bargain: Ascendant, Fortified, Challenger's Peril, Tyrannical",大文,Paladin,Protection,tank,Shadowmoon
566,339.9,302445113,11,Mists of Tirna Scithe,2024-10-24T07:08:10.000Z,1642436,1890999,1,"Xal'atath's Bargain: Ascendant, Fortified, Challenger's Peril, Tyrannical",風風噴火龍,Evoker,Preservation,healer,Quel'dorei
566,339.9,302445113,11,Mists of Tirna Scithe,2024-10-24T07:08:10.000Z,1642436,1890999,1,"Xal'atath's Bargain: Ascendant, Fortified, Challenger's Peril, Tyrannical",天神道,Death Knight,Frost,dps,Shadowmoon
566,339.9,302445113,11,Mists of Tirna Scithe,2024-10-24T07:08:10.000Z,1642436,1890999,1,"Xal'atath's Bargain: Ascendant, Fortified, Challenger's Peril, Tyrannical",又乾您什麼事,Shaman,Elemental,dps,Whisperwind
566,339.9,302445113,11,Mists of Tirna Scithe,2024-10-24T07:08:10.000Z,1642436,1890999,1,"Xal'atath's Bargain: Ascendant, Fortified, Challenger's Peril, Tyrannical",已讀亂回,Mage,Arcane,dps,Whisperwind
567,339.9,302976932,11,Mists of Tirna Scithe,2024-10-26T17:42:11.000Z,1643242,1890999,1,"Xal'atath's Bargain: Ascendant, Fortified, Challenger's Peril, Tyrannical",暴風失學少女,Priest,Discipline,healer,Shadowmoon
567,339.9,302976932,11,Mists of Tirna Scithe,2024-10-26T17:42:11.000Z,1643242,1890999,1,"Xal'atath's Bargain: Ascendant, Fortified, Challenger's Peril, Tyrannical",Nactur,Death Knight,Blood,tank,Shadowmoon
567,339.9,302976932,11,Mists of Tirna Scithe,2024-10-26T17:42:11.000Z,1643242,1890999,1,"Xal'atath's Bargain: Ascendant, Fortified, Challenger's Peril, Tyrannical",德莫,Paladin,Retribution,dps,Nightsong
567,339.9,302976932,11,Mists of Tirna Scithe,2024-10-26T17:42:11.000Z,1643242,1890999,1,"Xal'atath's Bargain: Ascendant, Fortified, Challenger's Peril, Tyrannical",麥尼鴿-102613043,Hunter,Marksmanship,dps,Hellscream
567,339.9,302976932,11,Mists of Tirna Scithe,2024-10-26T17:42:11.000Z,1643242,1890999,1,"Xal'atath's Bargain: Ascendant, Fortified, Challenger's Peril, Tyrannical",絨絲左輪,Death Knight,Unholy,dps,Bleeding Hollow
568,339.9,302701305,11,Mists of Tirna Scithe,2024-10-25T18:49:50.000Z,1643621,1890999,1,"Xal'atath's Bargain: Ascendant, Fortified, Challenger's Peril, Tyrannical",進化傻滿,Shaman,Restoration,healer,Spirestone
568,339.9,302701305,11,Mists of Tirna Scithe,2024-10-25T18:49:50.000Z,1643621,1890999,1,"Xal'atath's Bargain: Ascendant, Fortified, Challenger's Peril, Tyrannical",小叮噹,Paladin,Retribution,dps,Spirestone
568,339.9,302701305,11,Mists of Tirna Scithe,2024-10-25T18:49:50.000Z,1643621,1890999,1,"Xal'atath's Bargain: Ascendant, Fortified, Challenger's Peril, Tyrannical",萌萌起司,Warlock,Destruction,dps,Shadowmoon
568,339.9,302701305,11,Mists of Tirna Scithe,2024-10-25T18:49:50.000Z,1643621,1890999,1,"Xal'atath's Bargain: Ascendant, Fortified, Challenger's Peril, Tyrannical",雪掌,Warrior,Protection,tank,Skywall
568,339.9,302701305,11,Mists of Tirna Scithe,2024-10-25T18:49:50.000Z,1643621,1890999,1,"Xal'atath's Bargain: Ascendant, Fortified, Challenger's Peril, Tyrannical",火痞卡卡,Mage,Fire,dps,Whisperwind
569,339.9,294245276,11,Mists of Tirna Scithe,2024-09-25T16:04:01.000Z,1644928,1890999,1,"Xal'atath's Bargain: Ascendant, Tyrannical, Challenger's Peril, Fortified",胖達圖騰,Shaman,Elemental,dps,Hellscream
569,339.9,294245276,11,Mists of Tirna Scithe,2024-09-25T16:04:01.000Z,1644928,1890999,1,"Xal'atath's Bargain: Ascendant, Tyrannical, Challenger's Peril, Fortified",三爺,Shaman,Enhancement,dps,Zealot Blade
569,339.9,294245276,11,Mists of Tirna Scithe,2024-09-25T16:04:01.000Z,1644928,1890999,1,"Xal'atath's Bargain: Ascendant, Tyrannical, Challenger's Peril, Fortified",Anchelle,Priest,Discipline,healer,Chillwind Point
569,339.9,294245276,11,Mists of Tirna Scithe,2024-09-25T16:04:01.000Z,1644928,1890999,1,"Xal'atath's Bargain: Ascendant, Tyrannical, Challenger's Peril, Fortified",Algar-227067477,Death Knight,Frost,dps,Sundown Marsh
569,339.9,294245276,11,Mists of Tirna Scithe,2024-09-25T16:04:01.000Z,1644928,1890999,1,"Xal'atath's Bargain: Ascendant, Tyrannical, Challenger's Peril, Fortified",AnonD8DFAFD,Warrior,Protection,tank,Anonymous
570,339.9,307312603,11,Mists of Tirna Scithe,2024-11-15T13:29:23.000Z,1646206,1890999,1,"Xal'atath's Bargain: Ascendant, Tyrannical, Challenger's Peril, Fortified",Vegaga,Mage,Frost,dps,Frostmane
570,339.9,307312603,11,Mists of Tirna Scithe,2024-11-15T13:29:23.000Z,1646206,1890999,1,"Xal'atath's Bargain: Ascendant, Tyrannical, Challenger's Peril, Fortified",熊喵人,Shaman,Enhancement,dps,Arthas
570,339.9,307312603,11,Mists of Tirna Scithe,2024-11-15T13:29:23.000Z,1646206,1890999,1,"Xal'atath's Bargain: Ascendant, Tyrannical, Challenger's Peril, Fortified",贈送飲品一杯,Druid,Balance,dps,Hellscream
570,339.9,307312603,11,Mists of Tirna Scithe,2024-11-15T13:29:23.000Z,1646206,1890999,1,"Xal'atath's Bargain: Ascendant, Tyrannical, Challenger's Peril, Fortified",Nyx,Priest,Discipline,healer,Frostmane
570,339.9,307312603,11,Mists of Tirna Scithe,2024-11-15T13:29:23.000Z,1646206,1890999,1,"Xal'atath's Bargain: Ascendant, Tyrannical, Challenger's Peril, Fortified",胖熊君,Druid,Guardian,tank,Chillwind Point
571,339.9,307170707,11,Mists of Tirna Scithe,2024-11-14T15:56:14.000Z,1646227,1890999,1,"Xal'atath's Bargain: Ascendant, Tyrannical, Challenger's Peril, Fortified",歡叔叔,Paladin,Retribution,dps,Hellscream
571,339.9,307170707,11,Mists of Tirna Scithe,2024-11-14T15:56:14.000Z,1646227,1890999,1,"Xal'atath's Bargain: Ascendant, Tyrannical, Challenger's Peril, Fortified",Deathflame,Mage,Frost,dps,Arthas
571,339.9,307170707,11,Mists of Tirna Scithe,2024-11-14T15:56:14.000Z,1646227,1890999,1,"Xal'atath's Bargain: Ascendant, Tyrannical, Challenger's Peril, Fortified",Spocky,Warrior,Protection,tank,Arthas
571,339.9,307170707,11,Mists of Tirna Scithe,2024-11-14T15:56:14.000Z,1646227,1890999,1,"Xal'atath's Bargain: Ascendant, Tyrannical, Challenger's Peril, Fortified",瀨明秀俊,Hunter,Beast Mastery,dps,Arthas
571,339.9,307170707,11,Mists of Tirna Scithe,2024-11-14T15:56:14.000Z,1646227,1890999,1,"Xal'atath's Bargain: Ascendant, Tyrannical, Challenger's Peril, Fortified",牛車水,Shaman,Restoration,healer,Arthas
572,339.8,307921790,11,Mists of Tirna Scithe,2024-11-18T15:12:57.000Z,1646510,1890999,1,"Xal'atath's Bargain: Ascendant, Tyrannical, Challenger's Peril, Fortified",赫萊子,Paladin,Holy,healer,Demon Fall Canyon
572,339.8,307921790,11,Mists of Tirna Scithe,2024-11-18T15:12:57.000Z,1646510,1890999,1,"Xal'atath's Bargain: Ascendant, Tyrannical, Challenger's Peril, Fortified",你會愛我,Mage,Frost,dps,Shadowmoon
572,339.8,307921790,11,Mists of Tirna Scithe,2024-11-18T15:12:57.000Z,1646510,1890999,1,"Xal'atath's Bargain: Ascendant, Tyrannical, Challenger's Peril, Fortified",靈靈綾,Paladin,Retribution,dps,Sundown Marsh
572,339.8,307921790,11,Mists of Tirna Scithe,2024-11-18T15:12:57.000Z,1646510,1890999,1,"Xal'atath's Bargain: Ascendant, Tyrannical, Challenger's Peril, Fortified",飛飛愛兔子,Rogue,Assassination,dps,Light's Hope
572,339.8,307921790,11,Mists of Tirna Scithe,2024-11-18T15:12:57.000Z,1646510,1890999,1,"Xal'atath's Bargain: Ascendant, Tyrannical, Challenger's Peril, Fortified",請神,Paladin,Protection,tank,Shadowmoon
573,339.8,303429501,11,Mists of Tirna Scithe,2024-10-28T14:41:46.000Z,1646617,1890999,1,"Xal'atath's Bargain: Ascendant, Fortified, Challenger's Peril, Tyrannical",Pupei,Mage,Frost,dps,Arthas
573,339.8,303429501,11,Mists of Tirna Scithe,2024-10-28T14:41:46.000Z,1646617,1890999,1,"Xal'atath's Bargain: Ascendant, Fortified, Challenger's Peril, Tyrannical",Vvapeach,Death Knight,Blood,tank,Hellscream
573,339.8,303429501,11,Mists of Tirna Scithe,2024-10-28T14:41:46.000Z,1646617,1890999,1,"Xal'atath's Bargain: Ascendant, Fortified, Challenger's Peril, Tyrannical",飢飢,Death Knight,Frost,dps,Arthas
573,339.8,303429501,11,Mists of Tirna Scithe,2024-10-28T14:41:46.000Z,1646617,1890999,1,"Xal'atath's Bargain: Ascendant, Fortified, Challenger's Peril, Tyrannical",夏天我愛你,Shaman,Restoration,healer,Skywall
573,339.8,303429501,11,Mists of Tirna Scithe,2024-10-28T14:41:46.000Z,1646617,1890999,1,"Xal'atath's Bargain: Ascendant, Fortified, Challenger's Peril, Tyrannical",盜聖白展堂,Rogue,Assassination,dps,Nightsong
574,339.8,307154495,11,Mists of Tirna Scithe,2024-11-17T13:36:07.000Z,1648460,1890999,1,"Xal'atath's Bargain: Ascendant, Tyrannical, Challenger's Peril, Fortified",滅魔天尊,Paladin,Retribution,dps,Light's Hope
574,339.8,307154495,11,Mists of Tirna Scithe,2024-11-17T13:36:07.000Z,1648460,1890999,1,"Xal'atath's Bargain: Ascendant, Tyrannical, Challenger's Peril, Fortified",不出橘的角色,Paladin,Protection,tank,World Tree
574,339.8,307154495,11,Mists of Tirna Scithe,2024-11-17T13:36:07.000Z,1648460,1890999,1,"Xal'atath's Bargain: Ascendant, Tyrannical, Challenger's Peril, Fortified",月梨花,Priest,Discipline,healer,Light's Hope
574,339.8,307154495,11,Mists of Tirna Scithe,2024-11-17T13:36:07.000Z,1648460,1890999,1,"Xal'atath's Bargain: Ascendant, Tyrannical, Challenger's Peril, Fortified",風杏語,Shaman,Elemental,dps,Skywall
574,339.8,307154495,11,Mists of Tirna Scithe,2024-11-17T13:36:07.000Z,1648460,1890999,1,"Xal'atath's Bargain: Ascendant, Tyrannical, Challenger's Peril, Fortified",黑暗月影,Mage,Frost,dps,Light's Hope
575,339.8,303626808,11,Mists of Tirna Scithe,2024-10-29T07:29:47.000Z,1650572,1890999,1,"Xal'atath's Bargain: Ascendant, Fortified, Challenger's Peril, Tyrannical",Cokecola,Paladin,Retribution,dps,Stormscale
575,339.8,303626808,11,Mists of Tirna Scithe,2024-10-29T07:29:47.000Z,1650572,1890999,1,"Xal'atath's Bargain: Ascendant, Fortified, Challenger's Peril, Tyrannical",犀牛,Paladin,Protection,tank,Shadowmoon
575,339.8,303626808,11,Mists of Tirna Scithe,2024-10-29T07:29:47.000Z,1650572,1890999,1,"Xal'atath's Bargain: Ascendant, Fortified, Challenger's Peril, Tyrannical",Mugenmage,Mage,Frost,dps,Silverwing Hold
575,339.8,303626808,11,Mists of Tirna Scithe,2024-10-29T07:29:47.000Z,1650572,1890999,1,"Xal'atath's Bargain: Ascendant, Fortified, Challenger's Peril, Tyrannical",阿毛混蛋,Warlock,Demonology,dps,Skywall
575,339.8,303626808,11,Mists of Tirna Scithe,2024-10-29T07:29:47.000Z,1650572,1890999,1,"Xal'atath's Bargain: Ascendant, Fortified, Challenger's Peril, Tyrannical",輕重量寶貝,Shaman,Restoration,healer,Stormscale
576,339.8,303222252,11,Mists of Tirna Scithe,2024-10-27T15:51:00.000Z,1651310,1890999,1,"Xal'atath's Bargain: Ascendant, Fortified, Challenger's Peril, Tyrannical",巫妖玉之怒,Hunter,Beast Mastery,dps,Whisperwind
576,339.8,303222252,11,Mists of Tirna Scithe,2024-10-27T15:51:00.000Z,1651310,1890999,1,"Xal'atath's Bargain: Ascendant, Fortified, Challenger's Peril, Tyrannical",肥嘟嘟左偉門,Druid,Balance,dps,Whisperwind
576,339.8,303222252,11,Mists of Tirna Scithe,2024-10-27T15:51:00.000Z,1651310,1890999,1,"Xal'atath's Bargain: Ascendant, Fortified, Challenger's Peril, Tyrannical",海林頓,Paladin,Retribution,dps,World Tree
576,339.8,303222252,11,Mists of Tirna Scithe,2024-10-27T15:51:00.000Z,1651310,1890999,1,"Xal'atath's Bargain: Ascendant, Fortified, Challenger's Peril, Tyrannical",繁花落地成霜,Shaman,Restoration,healer,Arthas
576,339.8,303222252,11,Mists of Tirna Scithe,2024-10-27T15:51:00.000Z,1651310,1890999,1,"Xal'atath's Bargain: Ascendant, Fortified, Challenger's Peril, Tyrannical",Aieiyouwei,Druid,Guardian,tank,Whisperwind
577,339.7,302492690,11,Mists of Tirna Scithe,2024-10-24T14:50:22.000Z,1651622,1890999,1,"Xal'atath's Bargain: Ascendant, Fortified, Challenger's Peril, Tyrannical",喲呵呵,Warlock,Destruction,dps,Sundown Marsh
577,339.7,302492690,11,Mists of Tirna Scithe,2024-10-24T14:50:22.000Z,1651622,1890999,1,"Xal'atath's Bargain: Ascendant, Fortified, Challenger's Peril, Tyrannical",愛喝莓奶汁,Druid,Guardian,tank,Skywall
577,339.7,302492690,11,Mists of Tirna Scithe,2024-10-24T14:50:22.000Z,1651622,1890999,1,"Xal'atath's Bargain: Ascendant, Fortified, Challenger's Peril, Tyrannical",霹靂啪啦蹦,Death Knight,Unholy,dps,Light's Hope
577,339.7,302492690,11,Mists of Tirna Scithe,2024-10-24T14:50:22.000Z,1651622,1890999,1,"Xal'atath's Bargain: Ascendant, Fortified, Challenger's Peril, Tyrannical",冬日晴空,Shaman,Restoration,healer,Shadowmoon
577,339.7,302492690,11,Mists of Tirna Scithe,2024-10-24T14:50:22.000Z,1651622,1890999,1,"Xal'atath's Bargain: Ascendant, Fortified, Challenger's Peril, Tyrannical",赤天九,Paladin,Retribution,dps,Crystalpine Stinger
578,339.7,308087617,11,Mists of Tirna Scithe,2024-11-19T15:19:15.000Z,1651894,1890999,1,"Xal'atath's Bargain: Ascendant, Tyrannical, Challenger's Peril, Fortified",睡不醒的二胖,Paladin,Protection,tank,Light's Hope
578,339.7,308087617,11,Mists of Tirna Scithe,2024-11-19T15:19:15.000Z,1651894,1890999,1,"Xal'atath's Bargain: Ascendant, Tyrannical, Challenger's Peril, Fortified",Sullivenevo,Evoker,Augmentation,dps,Arthas
578,339.7,308087617,11,Mists of Tirna Scithe,2024-11-19T15:19:15.000Z,1651894,1890999,1,"Xal'atath's Bargain: Ascendant, Tyrannical, Challenger's Peril, Fortified",一记喵喵拳,Shaman,Enhancement,dps,Sundown Marsh
578,339.7,308087617,11,Mists of Tirna Scithe,2024-11-19T15:19:15.000Z,1651894,1890999,1,"Xal'atath's Bargain: Ascendant, Tyrannical, Challenger's Peril, Fortified",布利尼薄餅,Priest,Holy,healer,Wrathbringer
578,339.7,308087617,11,Mists of Tirna Scithe,2024-11-19T15:19:15.000Z,1651894,1890999,1,"Xal'atath's Bargain: Ascendant, Tyrannical, Challenger's Peril, Fortified",飛霄,Hunter,Survival,dps,Arthas
579,339.7,307895651,11,Mists of Tirna Scithe,2024-11-18T11:42:50.000Z,1651974,1890999,1,"Xal'atath's Bargain: Ascendant, Tyrannical, Challenger's Peril, Fortified",Nonhealer,Paladin,Protection,tank,Sundown Marsh
579,339.7,307895651,11,Mists of Tirna Scithe,2024-11-18T11:42:50.000Z,1651974,1890999,1,"Xal'atath's Bargain: Ascendant, Tyrannical, Challenger's Peril, Fortified",暗夜優雅刺客,Rogue,Assassination,dps,Shadowmoon
579,339.7,307895651,11,Mists of Tirna Scithe,2024-11-18T11:42:50.000Z,1651974,1890999,1,"Xal'atath's Bargain: Ascendant, Tyrannical, Challenger's Peril, Fortified",維尼寫詩,Druid,Balance,dps,Quel'dorei
579,339.7,307895651,11,Mists of Tirna Scithe,2024-11-18T11:42:50.000Z,1651974,1890999,1,"Xal'atath's Bargain: Ascendant, Tyrannical, Challenger's Peril, Fortified",Cylan,Hunter,Marksmanship,dps,World Tree
579,339.7,307895651,11,Mists of Tirna Scithe,2024-11-18T11:42:50.000Z,1651974,1890999,1,"Xal'atath's Bargain: Ascendant, Tyrannical, Challenger's Peril, Fortified",身高一尺七,Shaman,Restoration,healer,Wrathbringer
580,339.7,308068152,11,Mists of Tirna Scithe,2024-11-19T12:36:34.000Z,1652180,1890999,1,"Xal'atath's Bargain: Ascendant, Tyrannical, Challenger's Peril, Fortified",蒂朵亞茲,Paladin,Retribution,dps,Dragonmaw
580,339.7,308068152,11,Mists of Tirna Scithe,2024-11-19T12:36:34.000Z,1652180,1890999,1,"Xal'atath's Bargain: Ascendant, Tyrannical, Challenger's Peril, Fortified",米果怕巧巧,Warrior,Protection,tank,World Tree
580,339.7,308068152,11,Mists of Tirna Scithe,2024-11-19T12:36:34.000Z,1652180,1890999,1,"Xal'atath's Bargain: Ascendant, Tyrannical, Challenger's Peril, Fortified",巧巧咬米果,Priest,Discipline,healer,Arygos
580,339.7,308068152,11,Mists of Tirna Scithe,2024-11-19T12:36:34.000Z,1652180,1890999,1,"Xal'atath's Bargain: Ascendant, Tyrannical, Challenger's Peril, Fortified",Iceline,Death Knight,Unholy,dps,Sundown Marsh
580,339.7,308068152,11,Mists of Tirna Scithe,2024-11-19T12:36:34.000Z,1652180,1890999,1,"Xal'atath's Bargain: Ascendant, Tyrannical, Challenger's Peril, Fortified",Lawrxo,Mage,Frost,dps,Spirestone
581,339.7,307461106,11,Mists of Tirna Scithe,2024-11-16T06:55:13.000Z,1652240,1890999,1,"Xal'atath's Bargain: Ascendant, Tyrannical, Challenger's Peril, Fortified",卍黑隱卍,Death Knight,Blood,tank,Skywall
581,339.7,307461106,11,Mists of Tirna Scithe,2024-11-16T06:55:13.000Z,1652240,1890999,1,"Xal'atath's Bargain: Ascendant, Tyrannical, Challenger's Peril, Fortified",巴咘,Priest,Discipline,healer,Shadowmoon
581,339.7,307461106,11,Mists of Tirna Scithe,2024-11-16T06:55:13.000Z,1652240,1890999,1,"Xal'atath's Bargain: Ascendant, Tyrannical, Challenger's Peril, Fortified",火考就是美味,Warlock,Affliction,dps,Shadowmoon
581,339.7,307461106,11,Mists of Tirna Scithe,2024-11-16T06:55:13.000Z,1652240,1890999,1,"Xal'atath's Bargain: Ascendant, Tyrannical, Challenger's Peril, Fortified",浪漫老法師,Mage,Arcane,dps,Quel'dorei
581,339.7,307461106,11,Mists of Tirna Scithe,2024-11-16T06:55:13.000Z,1652240,1890999,1,"Xal'atath's Bargain: Ascendant, Tyrannical, Challenger's Peril, Fortified",波士頓龍蝦堡,Evoker,Augmentation,dps,Shadowmoon
582,339.7,307331548,11,Mists of Tirna Scithe,2024-11-15T16:09:18.000Z,1653311,1890999,1,"Xal'atath's Bargain: Ascendant, Tyrannical, Challenger's Peril, Fortified",揪古錐,Druid,Guardian,tank,Light's Hope
582,339.7,307331548,11,Mists of Tirna Scithe,2024-11-15T16:09:18.000Z,1653311,1890999,1,"Xal'atath's Bargain: Ascendant, Tyrannical, Challenger's Peril, Fortified",Chuchuchu,Priest,Holy,healer,Quel'dorei
582,339.7,307331548,11,Mists of Tirna Scithe,2024-11-15T16:09:18.000Z,1653311,1890999,1,"Xal'atath's Bargain: Ascendant, Tyrannical, Challenger's Peril, Fortified",埋塚江湖,Paladin,Retribution,dps,Shadowmoon
582,339.7,307331548,11,Mists of Tirna Scithe,2024-11-15T16:09:18.000Z,1653311,1890999,1,"Xal'atath's Bargain: Ascendant, Tyrannical, Challenger's Peril, Fortified",Illit,Demon Hunter,Havoc,dps,Dragonmaw
582,339.7,307331548,11,Mists of Tirna Scithe,2024-11-15T16:09:18.000Z,1653311,1890999,1,"Xal'atath's Bargain: Ascendant, Tyrannical, Challenger's Peril, Fortified",弦壺,Shaman,Elemental,dps,Arthas
583,339.7,302470054,11,Mists of Tirna Scithe,2024-10-24T12:10:56.000Z,1653752,1890999,1,"Xal'atath's Bargain: Ascendant, Fortified, Challenger's Peril, Tyrannical",誰怕誰我死騎,Death Knight,Frost,dps,Hellscream
583,339.7,302470054,11,Mists of Tirna Scithe,2024-10-24T12:10:56.000Z,1653752,1890999,1,"Xal'atath's Bargain: Ascendant, Fortified, Challenger's Peril, Tyrannical",琉架,Priest,Discipline,healer,Demon Fall Canyon
583,339.7,302470054,11,Mists of Tirna Scithe,2024-10-24T12:10:56.000Z,1653752,1890999,1,"Xal'atath's Bargain: Ascendant, Fortified, Challenger's Peril, Tyrannical",Berry,Death Knight,Blood,tank,Sundown Marsh
583,339.7,302470054,11,Mists of Tirna Scithe,2024-10-24T12:10:56.000Z,1653752,1890999,1,"Xal'atath's Bargain: Ascendant, Fortified, Challenger's Peril, Tyrannical",酒灵,Warlock,Affliction,dps,Skywall
583,339.7,302470054,11,Mists of Tirna Scithe,2024-10-24T12:10:56.000Z,1653752,1890999,1,"Xal'atath's Bargain: Ascendant, Fortified, Challenger's Peril, Tyrannical",小青龍湯,Shaman,Elemental,dps,Sundown Marsh
584,339.7,293399122,11,Mists of Tirna Scithe,2024-09-22T14:55:36.000Z,1655090,1890999,1,"Xal'atath's Bargain: Ascendant, Tyrannical, Challenger's Peril, Fortified",夜空之希望,Shaman,Restoration,healer,Nightsong
584,339.7,293399122,11,Mists of Tirna Scithe,2024-09-22T14:55:36.000Z,1655090,1890999,1,"Xal'atath's Bargain: Ascendant, Tyrannical, Challenger's Peril, Fortified",魔希,Evoker,Devastation,dps,Frostmane
584,339.7,293399122,11,Mists of Tirna Scithe,2024-09-22T14:55:36.000Z,1655090,1890999,1,"Xal'atath's Bargain: Ascendant, Tyrannical, Challenger's Peril, Fortified",不羈的醒與醉,Warrior,Fury,dps,Frostmane
584,339.7,293399122,11,Mists of Tirna Scithe,2024-09-22T14:55:36.000Z,1655090,1890999,1,"Xal'atath's Bargain: Ascendant, Tyrannical, Challenger's Peril, Fortified",恐怖牛伯伯,Death Knight,Blood,tank,Arygos
584,339.7,293399122,11,Mists of Tirna Scithe,2024-09-22T14:55:36.000Z,1655090,1890999,1,"Xal'atath's Bargain: Ascendant, Tyrannical, Challenger's Peril, Fortified",新資料夾五,Warlock,Destruction,dps,Frostmane
585,339.7,307292300,11,Mists of Tirna Scithe,2024-11-15T09:53:31.000Z,1655150,1890999,1,"Xal'atath's Bargain: Ascendant, Tyrannical, Challenger's Peril, Fortified",熱太妃糖紅茶-56921698,Priest,Discipline,healer,Arthas
585,339.7,307292300,11,Mists of Tirna Scithe,2024-11-15T09:53:31.000Z,1655150,1890999,1,"Xal'atath's Bargain: Ascendant, Tyrannical, Challenger's Peril, Fortified",來騎柯基,Druid,Guardian,tank,Sundown Marsh
585,339.7,307292300,11,Mists of Tirna Scithe,2024-11-15T09:53:31.000Z,1655150,1890999,1,"Xal'atath's Bargain: Ascendant, Tyrannical, Challenger's Peril, Fortified",靜謐之魂,Hunter,Beast Mastery,dps,World Tree
585,339.7,307292300,11,Mists of Tirna Scithe,2024-11-15T09:53:31.000Z,1655150,1890999,1,"Xal'atath's Bargain: Ascendant, Tyrannical, Challenger's Peril, Fortified",Pikasiou,Shaman,Enhancement,dps,Icecrown
585,339.7,307292300,11,Mists of Tirna Scithe,2024-11-15T09:53:31.000Z,1655150,1890999,1,"Xal'atath's Bargain: Ascendant, Tyrannical, Challenger's Peril, Fortified",Preheat,Evoker,Augmentation,dps,Light's Hope
586,339.7,303429459,11,Mists of Tirna Scithe,2024-10-28T15:54:01.000Z,1656077,1890999,1,"Xal'atath's Bargain: Ascendant, Fortified, Challenger's Peril, Tyrannical",火痕,Paladin,Retribution,dps,Arthas
586,339.7,303429459,11,Mists of Tirna Scithe,2024-10-28T15:54:01.000Z,1656077,1890999,1,"Xal'atath's Bargain: Ascendant, Fortified, Challenger's Peril, Tyrannical",熊熊也忘記,Priest,Discipline,healer,Sundown Marsh
586,339.7,303429459,11,Mists of Tirna Scithe,2024-10-28T15:54:01.000Z,1656077,1890999,1,"Xal'atath's Bargain: Ascendant, Fortified, Challenger's Peril, Tyrannical",九紋龍,Evoker,Augmentation,dps,Frostmane
586,339.7,303429459,11,Mists of Tirna Scithe,2024-10-28T15:54:01.000Z,1656077,1890999,1,"Xal'atath's Bargain: Ascendant, Fortified, Challenger's Peril, Tyrannical",部落小薩,Shaman,Elemental,dps,Chillwind Point
586,339.7,303429459,11,Mists of Tirna Scithe,2024-10-28T15:54:01.000Z,1656077,1890999,1,"Xal'atath's Bargain: Ascendant, Fortified, Challenger's Peril, Tyrannical",喃阿閱內,Druid,Guardian,tank,Chillwind Point
587,339.7,303852446,11,Mists of Tirna Scithe,2024-10-30T15:29:12.000Z,1656460,1890999,1,"Xal'atath's Bargain: Ascendant, Fortified, Challenger's Peril, Tyrannical",虎奴,Warrior,Fury,dps,Bleeding Hollow
587,339.7,303852446,11,Mists of Tirna Scithe,2024-10-30T15:29:12.000Z,1656460,1890999,1,"Xal'atath's Bargain: Ascendant, Fortified, Challenger's Peril, Tyrannical",嗲咪,Mage,Frost,dps,Bleeding Hollow
587,339.7,303852446,11,Mists of Tirna Scithe,2024-10-30T15:29:12.000Z,1656460,1890999,1,"Xal'atath's Bargain: Ascendant, Fortified, Challenger's Peril, Tyrannical",雪鹽焦糖貓,Druid,Guardian,tank,Menethil
587,339.7,303852446,11,Mists of Tirna Scithe,2024-10-30T15:29:12.000Z,1656460,1890999,1,"Xal'atath's Bargain: Ascendant, Fortified, Challenger's Peril, Tyrannical",不敗小猴,Hunter,Beast Mastery,dps,Silverwing Hold
587,339.7,303852446,11,Mists of Tirna Scithe,2024-10-30T15:29:12.000Z,1656460,1890999,1,"Xal'atath's Bargain: Ascendant, Fortified, Challenger's Peril, Tyrannical",咖喱啤酒兔,Paladin,Holy,healer,Menethil
588,339.6,307728148,11,Mists of Tirna Scithe,2024-11-17T14:40:06.000Z,1656947,1890999,1,"Xal'atath's Bargain: Ascendant, Tyrannical, Challenger's Peril, Fortified",小宇爹,Demon Hunter,Havoc,dps,Demon Fall Canyon
588,339.6,307728148,11,Mists of Tirna Scithe,2024-11-17T14:40:06.000Z,1656947,1890999,1,"Xal'atath's Bargain: Ascendant, Tyrannical, Challenger's Peril, Fortified",黑色薰衣草,Mage,Arcane,dps,Sundown Marsh
588,339.6,307728148,11,Mists of Tirna Scithe,2024-11-17T14:40:06.000Z,1656947,1890999,1,"Xal'atath's Bargain: Ascendant, Tyrannical, Challenger's Peril, Fortified",天枰座,Warrior,Protection,tank,Crystalpine Stinger
588,339.6,307728148,11,Mists of Tirna Scithe,2024-11-17T14:40:06.000Z,1656947,1890999,1,"Xal'atath's Bargain: Ascendant, Tyrannical, Challenger's Peril, Fortified",麥芽紅豆泥,Paladin,Retribution,dps,Frostmane
588,339.6,307728148,11,Mists of Tirna Scithe,2024-11-17T14:40:06.000Z,1656947,1890999,1,"Xal'atath's Bargain: Ascendant, Tyrannical, Challenger's Peril, Fortified",喔喔,Priest,Holy,healer,Sundown Marsh
589,339.6,303355831,11,Mists of Tirna Scithe,2024-10-28T02:52:06.000Z,1657735,1890999,1,"Xal'atath's Bargain: Ascendant, Fortified, Challenger's Peril, Tyrannical",絕望奇蒼,Shaman,Restoration,healer,Icecrown
589,339.6,303355831,11,Mists of Tirna Scithe,2024-10-28T02:52:06.000Z,1657735,1890999,1,"Xal'atath's Bargain: Ascendant, Fortified, Challenger's Peril, Tyrannical",熊寶寶,Hunter,Survival,dps,Skywall
589,339.6,303355831,11,Mists of Tirna Scithe,2024-10-28T02:52:06.000Z,1657735,1890999,1,"Xal'atath's Bargain: Ascendant, Fortified, Challenger's Peril, Tyrannical",Aegirtu,Mage,Frost,dps,World Tree
589,339.6,303355831,11,Mists of Tirna Scithe,2024-10-28T02:52:06.000Z,1657735,1890999,1,"Xal'atath's Bargain: Ascendant, Fortified, Challenger's Peril, Tyrannical",Hardyx,Demon Hunter,Vengeance,tank,Spirestone
589,339.6,303355831,11,Mists of Tirna Scithe,2024-10-28T02:52:06.000Z,1657735,1890999,1,"Xal'atath's Bargain: Ascendant, Fortified, Challenger's Peril, Tyrannical",小狗阿貴,Death Knight,Frost,dps,Wrathbringer
590,339.6,303581778,11,Mists of Tirna Scithe,2024-10-29T00:26:45.000Z,1657783,1890999,1,"Xal'atath's Bargain: Ascendant, Fortified, Challenger's Peril, Tyrannical",大角當家,Druid,Balance,dps,Crystalpine Stinger
590,339.6,303581778,11,Mists of Tirna Scithe,2024-10-29T00:26:45.000Z,1657783,1890999,1,"Xal'atath's Bargain: Ascendant, Fortified, Challenger's Peril, Tyrannical",熊德魯肉,Warrior,Protection,tank,Shadowmoon
590,339.6,303581778,11,Mists of Tirna Scithe,2024-10-29T00:26:45.000Z,1657783,1890999,1,"Xal'atath's Bargain: Ascendant, Fortified, Challenger's Peril, Tyrannical",AnonC499E53,Priest,Discipline,healer,Anonymous
590,339.6,303581778,11,Mists of Tirna Scithe,2024-10-29T00:26:45.000Z,1657783,1890999,1,"Xal'atath's Bargain: Ascendant, Fortified, Challenger's Peril, Tyrannical",思嬌大法師,Mage,Frost,dps,Sundown Marsh
590,339.6,303581778,11,Mists of Tirna Scithe,2024-10-29T00:26:45.000Z,1657783,1890999,1,"Xal'atath's Bargain: Ascendant, Fortified, Challenger's Peril, Tyrannical",陸隱,Paladin,Retribution,dps,Crystalpine Stinger
591,339.6,307346608,11,Mists of Tirna Scithe,2024-11-15T17:58:46.000Z,1658692,1890999,1,"Xal'atath's Bargain: Ascendant, Tyrannical, Challenger's Peril, Fortified",Missy,Rogue,Outlaw,dps,Demon Fall Canyon
591,339.6,307346608,11,Mists of Tirna Scithe,2024-11-15T17:58:46.000Z,1658692,1890999,1,"Xal'atath's Bargain: Ascendant, Tyrannical, Challenger's Peril, Fortified",執明真武真君,Monk,Brewmaster,tank,Sundown Marsh
591,339.6,307346608,11,Mists of Tirna Scithe,2024-11-15T17:58:46.000Z,1658692,1890999,1,"Xal'atath's Bargain: Ascendant, Tyrannical, Challenger's Peril, Fortified",女神米歇爾,Warlock,Destruction,dps,Sundown Marsh
591,339.6,307346608,11,Mists of Tirna Scithe,2024-11-15T17:58:46.000Z,1658692,1890999,1,"Xal'atath's Bargain: Ascendant, Tyrannical, Challenger's Peril, Fortified",一修死,Death Knight,Unholy,dps,Arthas
591,339.6,307346608,11,Mists of Tirna Scithe,2024-11-15T17:58:46.000Z,1658692,1890999,1,"Xal'atath's Bargain: Ascendant, Tyrannical, Challenger's Peril, Fortified",薯餅蛋吐司,Shaman,Restoration,healer,Arthas
592,339.6,303797680,11,Mists of Tirna Scithe,2024-10-30T05:21:17.000Z,1658718,1890999,1,"Xal'atath's Bargain: Ascendant, Fortified, Challenger's Peril, Tyrannical",小小野蠻,Druid,Restoration,healer,Quel'dorei
592,339.6,303797680,11,Mists of Tirna Scithe,2024-10-30T05:21:17.000Z,1658718,1890999,1,"Xal'atath's Bargain: Ascendant, Fortified, Challenger's Peril, Tyrannical",毀滅噴射白光,Evoker,Augmentation,dps,Light's Hope
592,339.6,303797680,11,Mists of Tirna Scithe,2024-10-30T05:21:17.000Z,1658718,1890999,1,"Xal'atath's Bargain: Ascendant, Fortified, Challenger's Peril, Tyrannical",小龍,Paladin,Protection,tank,Quel'dorei
592,339.6,303797680,11,Mists of Tirna Scithe,2024-10-30T05:21:17.000Z,1658718,1890999,1,"Xal'atath's Bargain: Ascendant, Fortified, Challenger's Peril, Tyrannical",天聽字一色,Paladin,Retribution,dps,Shadowmoon
592,339.6,303797680,11,Mists of Tirna Scithe,2024-10-30T05:21:17.000Z,1658718,1890999,1,"Xal'atath's Bargain: Ascendant, Fortified, Challenger's Peril, Tyrannical",Didilong,Death Knight,Frost,dps,Order of the Cloud Serpent
593,339.6,303870905,11,Mists of Tirna Scithe,2024-10-30T17:35:24.000Z,1658747,1890999,1,"Xal'atath's Bargain: Ascendant, Fortified, Challenger's Peril, Tyrannical",Higgs,Shaman,Enhancement,dps,Frostmane
593,339.6,303870905,11,Mists of Tirna Scithe,2024-10-30T17:35:24.000Z,1658747,1890999,1,"Xal'atath's Bargain: Ascendant, Fortified, Challenger's Peril, Tyrannical",喵皮星球,Mage,Arcane,dps,Stormscale
593,339.6,303870905,11,Mists of Tirna Scithe,2024-10-30T17:35:24.000Z,1658747,1890999,1,"Xal'atath's Bargain: Ascendant, Fortified, Challenger's Peril, Tyrannical",花生莎菈,Paladin,Retribution,dps,Shadowmoon
593,339.6,303870905,11,Mists of Tirna Scithe,2024-10-30T17:35:24.000Z,1658747,1890999,1,"Xal'atath's Bargain: Ascendant, Fortified, Challenger's Peril, Tyrannical",抹茶蒙布朗,Warrior,Protection,tank,Arygos
593,339.6,303870905,11,Mists of Tirna Scithe,2024-10-30T17:35:24.000Z,1658747,1890999,1,"Xal'atath's Bargain: Ascendant, Fortified, Challenger's Peril, Tyrannical",飛天小女僕,Shaman,Restoration,healer,Sundown Marsh
594,339.6,305635624,11,Mists of Tirna Scithe,2024-11-14T14:57:40.000Z,1659365,1890999,1,"Xal'atath's Bargain: Ascendant, Tyrannical, Challenger's Peril, Fortified",喲呵呵,Warlock,Demonology,dps,Sundown Marsh
594,339.6,305635624,11,Mists of Tirna Scithe,2024-11-14T14:57:40.000Z,1659365,1890999,1,"Xal'atath's Bargain: Ascendant, Tyrannical, Challenger's Peril, Fortified",虎奴,Warrior,Fury,dps,Bleeding Hollow
594,339.6,305635624,11,Mists of Tirna Scithe,2024-11-14T14:57:40.000Z,1659365,1890999,1,"Xal'atath's Bargain: Ascendant, Tyrannical, Challenger's Peril, Fortified",嗲咪,Mage,Frost,dps,Bleeding Hollow
594,339.6,305635624,11,Mists of Tirna Scithe,2024-11-14T14:57:40.000Z,1659365,1890999,1,"Xal'atath's Bargain: Ascendant, Tyrannical, Challenger's Peril, Fortified",雪鹽焦糖貓,Druid,Guardian,tank,Menethil
594,339.6,305635624,11,Mists of Tirna Scithe,2024-11-14T14:57:40.000Z,1659365,1890999,1,"Xal'atath's Bargain: Ascendant, Tyrannical, Challenger's Peril, Fortified",咖喱啤酒兔,Paladin,Holy,healer,Menethil
595,339.6,307312507,11,Mists of Tirna Scithe,2024-11-15T13:31:19.000Z,1659398,1890999,1,"Xal'atath's Bargain: Ascendant, Tyrannical, Challenger's Peril, Fortified",快速球,Mage,Arcane,dps,Skywall
595,339.6,307312507,11,Mists of Tirna Scithe,2024-11-15T13:31:19.000Z,1659398,1890999,1,"Xal'atath's Bargain: Ascendant, Tyrannical, Challenger's Peril, Fortified",音樂老師,Warrior,Fury,dps,Sundown Marsh
595,339.6,307312507,11,Mists of Tirna Scithe,2024-11-15T13:31:19.000Z,1659398,1890999,1,"Xal'atath's Bargain: Ascendant, Tyrannical, Challenger's Peril, Fortified",執明真武真君,Monk,Brewmaster,tank,Sundown Marsh
595,339.6,307312507,11,Mists of Tirna Scithe,2024-11-15T13:31:19.000Z,1659398,1890999,1,"Xal'atath's Bargain: Ascendant, Tyrannical, Challenger's Peril, Fortified",法酥,Mage,Frost,dps,Silverwing Hold
595,339.6,307312507,11,Mists of Tirna Scithe,2024-11-15T13:31:19.000Z,1659398,1890999,1,"Xal'atath's Bargain: Ascendant, Tyrannical, Challenger's Peril, Fortified",小魔女希索米,Shaman,Restoration,healer,Sundown Marsh
596,339.6,298430926,11,Mists of Tirna Scithe,2024-10-25T13:38:32.000Z,1659523,1890999,1,"Xal'atath's Bargain: Ascendant, Fortified, Challenger's Peril, Tyrannical",無門浪子,Monk,Windwalker,dps,Shadowmoon
596,339.6,298430926,11,Mists of Tirna Scithe,2024-10-25T13:38:32.000Z,1659523,1890999,1,"Xal'atath's Bargain: Ascendant, Fortified, Challenger's Peril, Tyrannical",Ljbf,Druid,Feral,dps,Crystalpine Stinger
596,339.6,298430926,11,Mists of Tirna Scithe,2024-10-25T13:38:32.000Z,1659523,1890999,1,"Xal'atath's Bargain: Ascendant, Fortified, Challenger's Peril, Tyrannical",牛頭薩滿,Shaman,Restoration,healer,Shadowmoon
596,339.6,298430926,11,Mists of Tirna Scithe,2024-10-25T13:38:32.000Z,1659523,1890999,1,"Xal'atath's Bargain: Ascendant, Fortified, Challenger's Peril, Tyrannical",Revolver,Hunter,Beast Mastery,dps,Crystalpine Stinger
596,339.6,298430926,11,Mists of Tirna Scithe,2024-10-25T13:38:32.000Z,1659523,1890999,1,"Xal'atath's Bargain: Ascendant, Fortified, Challenger's Peril, Tyrannical",歐瑟利,Warrior,Protection,tank,Frostmane
597,339.6,307346624,11,Mists of Tirna Scithe,2024-11-15T17:36:03.000Z,1660297,1890999,1,"Xal'atath's Bargain: Ascendant, Tyrannical, Challenger's Peril, Fortified",啊屋,Rogue,Assassination,dps,Shadowmoon
597,339.6,307346624,11,Mists of Tirna Scithe,2024-11-15T17:36:03.000Z,1660297,1890999,1,"Xal'atath's Bargain: Ascendant, Tyrannical, Challenger's Peril, Fortified",塔蘭姬姬大,Shaman,Enhancement,dps,Chillwind Point
597,339.6,307346624,11,Mists of Tirna Scithe,2024-11-15T17:36:03.000Z,1660297,1890999,1,"Xal'atath's Bargain: Ascendant, Tyrannical, Challenger's Peril, Fortified",幻滅愛,Warlock,Demonology,dps,Chillwind Point
597,339.6,307346624,11,Mists of Tirna Scithe,2024-11-15T17:36:03.000Z,1660297,1890999,1,"Xal'atath's Bargain: Ascendant, Tyrannical, Challenger's Peril, Fortified",摸摸我的荳荳,Priest,Discipline,healer,Chillwind Point
597,339.6,307346624,11,Mists of Tirna Scithe,2024-11-15T17:36:03.000Z,1660297,1890999,1,"Xal'atath's Bargain: Ascendant, Tyrannical, Challenger's Peril, Fortified",Ipoohxipro-119059694,Demon Hunter,Vengeance,tank,Chillwind Point
598,339.6,307916869,11,Mists of Tirna Scithe,2024-11-18T14:36:26.000Z,1660317,1890999,1,"Xal'atath's Bargain: Ascendant, Tyrannical, Challenger's Peril, Fortified",西瓜先森,Hunter,Survival,dps,Spirestone
598,339.6,307916869,11,Mists of Tirna Scithe,2024-11-18T14:36:26.000Z,1660317,1890999,1,"Xal'atath's Bargain: Ascendant, Tyrannical, Challenger's Peril, Fortified",緹亞,Shaman,Restoration,healer,Shadowmoon
598,339.6,307916869,11,Mists of Tirna Scithe,2024-11-18T14:36:26.000Z,1660317,1890999,1,"Xal'atath's Bargain: Ascendant, Tyrannical, Challenger's Peril, Fortified",哈登牌監視器,Shaman,Enhancement,dps,Arygos
598,339.6,307916869,11,Mists of Tirna Scithe,2024-11-18T14:36:26.000Z,1660317,1890999,1,"Xal'atath's Bargain: Ascendant, Tyrannical, Challenger's Peril, Fortified",戴夫奈特,Death Knight,Frost,dps,Spirestone
598,339.6,307916869,11,Mists of Tirna Scithe,2024-11-18T14:36:26.000Z,1660317,1890999,1,"Xal'atath's Bargain: Ascendant, Tyrannical, Challenger's Peril, Fortified",Alvar,Paladin,Protection,tank,Spirestone
599,339.6,308073642,11,Mists of Tirna Scithe,2024-11-19T13:08:37.000Z,1660489,1890999,1,"Xal'atath's Bargain: Ascendant, Tyrannical, Challenger's Peril, Fortified",衝鴨,Druid,Guardian,tank,Sundown Marsh
599,339.6,308073642,11,Mists of Tirna Scithe,2024-11-19T13:08:37.000Z,1660489,1890999,1,"Xal'atath's Bargain: Ascendant, Tyrannical, Challenger's Peril, Fortified",Celine,Evoker,Augmentation,dps,Whisperwind
599,339.6,308073642,11,Mists of Tirna Scithe,2024-11-19T13:08:37.000Z,1660489,1890999,1,"Xal'atath's Bargain: Ascendant, Tyrannical, Challenger's Peril, Fortified",阿薩洛,Shaman,Restoration,healer,Silverwing Hold
599,339.6,308073642,11,Mists of Tirna Scithe,2024-11-19T13:08:37.000Z,1660489,1890999,1,"Xal'atath's Bargain: Ascendant, Tyrannical, Challenger's Peril, Fortified",舒舒,Paladin,Retribution,dps,Whisperwind
599,339.6,308073642,11,Mists of Tirna Scithe,2024-11-19T13:08:37.000Z,1660489,1890999,1,"Xal'atath's Bargain: Ascendant, Tyrannical, Challenger's Peril, Fortified",鮑魚棒棒糖球,Shaman,Enhancement,dps,Sundown Marsh
600,339.6,295926740,11,Mists of Tirna Scithe,2024-10-27T18:30:37.000Z,1660796,1890999,1,"Xal'atath's Bargain: Ascendant, Fortified, Challenger's Peril, Tyrannical",聖血騎士,Paladin,Retribution,dps,Chillwind Point
600,339.6,295926740,11,Mists of Tirna Scithe,2024-10-27T18:30:37.000Z,1660796,1890999,1,"Xal'atath's Bargain: Ascendant, Fortified, Challenger's Peril, Tyrannical",Ryukyu,Mage,Fire,dps,Sundown Marsh
600,339.6,295926740,11,Mists of Tirna Scithe,2024-10-27T18:30:37.000Z,1660796,1890999,1,"Xal'atath's Bargain: Ascendant, Fortified, Challenger's Peril, Tyrannical",吃老衲一棒,Monk,Windwalker,dps,Icecrown
600,339.6,295926740,11,Mists of Tirna Scithe,2024-10-27T18:30:37.000Z,1660796,1890999,1,"Xal'atath's Bargain: Ascendant, Fortified, Challenger's Peril, Tyrannical",降子,Warrior,Protection,tank,Sundown Marsh
600,339.6,295926740,11,Mists of Tirna Scithe,2024-10-27T18:30:37.000Z,1660796,1890999,1,"Xal'atath's Bargain: Ascendant, Fortified, Challenger's Peril, Tyrannical",天滅雷霆,Shaman,Restoration,healer,Chillwind Point
601,339.6,294182712,11,Mists of Tirna Scithe,2024-10-25T14:38:24.000Z,1661012,1890999,1,"Xal'atath's Bargain: Ascendant, Fortified, Challenger's Peril, Tyrannical",蘿莉魔歌,Demon Hunter,Havoc,dps,Stormscale
601,339.6,294182712,11,Mists of Tirna Scithe,2024-10-25T14:38:24.000Z,1661012,1890999,1,"Xal'atath's Bargain: Ascendant, Fortified, Challenger's Peril, Tyrannical",幻殺五滅天,Paladin,Retribution,dps,Nightsong
601,339.6,294182712,11,Mists of Tirna Scithe,2024-10-25T14:38:24.000Z,1661012,1890999,1,"Xal'atath's Bargain: Ascendant, Fortified, Challenger's Peril, Tyrannical",Reiz,Druid,Restoration,healer,Shadowmoon
601,339.6,294182712,11,Mists of Tirna Scithe,2024-10-25T14:38:24.000Z,1661012,1890999,1,"Xal'atath's Bargain: Ascendant, Fortified, Challenger's Peril, Tyrannical",下里巴人,Shaman,Elemental,dps,Nightsong
601,339.6,294182712,11,Mists of Tirna Scithe,2024-10-25T14:38:24.000Z,1661012,1890999,1,"Xal'atath's Bargain: Ascendant, Fortified, Challenger's Peril, Tyrannical",熊貓麻婆豆腐,Monk,Brewmaster,tank,Arygos
602,339.5,308260634,11,Mists of Tirna Scithe,2024-11-20T10:27:56.000Z,1661626,1890999,1,"Xal'atath's Bargain: Ascendant, Tyrannical, Challenger's Peril, Fortified",紅燒牛蹄,Druid,Restoration,healer,Wrathbringer
602,339.5,308260634,11,Mists of Tirna Scithe,2024-11-20T10:27:56.000Z,1661626,1890999,1,"Xal'atath's Bargain: Ascendant, Tyrannical, Challenger's Peril, Fortified",祝啊緯,Druid,Balance,dps,Sundown Marsh
602,339.5,308260634,11,Mists of Tirna Scithe,2024-11-20T10:27:56.000Z,1661626,1890999,1,"Xal'atath's Bargain: Ascendant, Tyrannical, Challenger's Peril, Fortified",路邊有小龍,Evoker,Devastation,dps,Sundown Marsh
602,339.5,308260634,11,Mists of Tirna Scithe,2024-11-20T10:27:56.000Z,1661626,1890999,1,"Xal'atath's Bargain: Ascendant, Tyrannical, Challenger's Peril, Fortified",Mzero,Death Knight,Blood,tank,Sundown Marsh
602,339.5,308260634,11,Mists of Tirna Scithe,2024-11-20T10:27:56.000Z,1661626,1890999,1,"Xal'atath's Bargain: Ascendant, Tyrannical, Challenger's Peril, Fortified",光頭暴擊哥,Rogue,Assassination,dps,World Tree
603,339.5,303621242,11,Mists of Tirna Scithe,2024-10-29T12:03:14.000Z,1662536,1890999,1,"Xal'atath's Bargain: Ascendant, Fortified, Challenger's Peril, Tyrannical",慕容菲爾,Paladin,Retribution,dps,Whisperwind
603,339.5,303621242,11,Mists of Tirna Scithe,2024-10-29T12:03:14.000Z,1662536,1890999,1,"Xal'atath's Bargain: Ascendant, Fortified, Challenger's Peril, Tyrannical",糕佳瑜,Demon Hunter,Vengeance,tank,Sundown Marsh
603,339.5,303621242,11,Mists of Tirna Scithe,2024-10-29T12:03:14.000Z,1662536,1890999,1,"Xal'atath's Bargain: Ascendant, Fortified, Challenger's Peril, Tyrannical",魚天,Hunter,Beast Mastery,dps,Sundown Marsh
603,339.5,303621242,11,Mists of Tirna Scithe,2024-10-29T12:03:14.000Z,1662536,1890999,1,"Xal'atath's Bargain: Ascendant, Fortified, Challenger's Peril, Tyrannical",寒霜七師妹,Death Knight,Frost,dps,Crystalpine Stinger
603,339.5,303621242,11,Mists of Tirna Scithe,2024-10-29T12:03:14.000Z,1662536,1890999,1,"Xal'atath's Bargain: Ascendant, Fortified, Challenger's Peril, Tyrannical",加多宝,Shaman,Restoration,healer,Old Blanchy
604,339.5,307679687,11,Mists of Tirna Scithe,2024-11-17T08:01:31.000Z,1663134,1890999,1,"Xal'atath's Bargain: Ascendant, Tyrannical, Challenger's Peril, Fortified",琉璃冰楓,Priest,Discipline,healer,Silverwing Hold
604,339.5,307679687,11,Mists of Tirna Scithe,2024-11-17T08:01:31.000Z,1663134,1890999,1,"Xal'atath's Bargain: Ascendant, Tyrannical, Challenger's Peril, Fortified",Mudbag,Rogue,Assassination,dps,Silverwing Hold
604,339.5,307679687,11,Mists of Tirna Scithe,2024-11-17T08:01:31.000Z,1663134,1890999,1,"Xal'atath's Bargain: Ascendant, Tyrannical, Challenger's Peril, Fortified",羚孃嫴魉,Demon Hunter,Vengeance,tank,Silverwing Hold
604,339.5,307679687,11,Mists of Tirna Scithe,2024-11-17T08:01:31.000Z,1663134,1890999,1,"Xal'atath's Bargain: Ascendant, Tyrannical, Challenger's Peril, Fortified",借過,Evoker,Devastation,dps,Silverwing Hold
604,339.5,307679687,11,Mists of Tirna Scithe,2024-11-17T08:01:31.000Z,1663134,1890999,1,"Xal'atath's Bargain: Ascendant, Tyrannical, Challenger's Peril, Fortified",Wythe,Warlock,Destruction,dps,Arthas
605,339.5,307497649,11,Mists of Tirna Scithe,2024-11-16T13:11:13.000Z,1663151,1890999,1,"Xal'atath's Bargain: Ascendant, Tyrannical, Challenger's Peril, Fortified",黑夜之天,Death Knight,Blood,tank,Demon Fall Canyon
605,339.5,307497649,11,Mists of Tirna Scithe,2024-11-16T13:11:13.000Z,1663151,1890999,1,"Xal'atath's Bargain: Ascendant, Tyrannical, Challenger's Peril, Fortified",狸子手握圖騰,Shaman,Restoration,healer,Demon Fall Canyon
605,339.5,307497649,11,Mists of Tirna Scithe,2024-11-16T13:11:13.000Z,1663151,1890999,1,"Xal'atath's Bargain: Ascendant, Tyrannical, Challenger's Peril, Fortified",菲拉雷斯,Paladin,Retribution,dps,Crystalpine Stinger
605,339.5,307497649,11,Mists of Tirna Scithe,2024-11-16T13:11:13.000Z,1663151,1890999,1,"Xal'atath's Bargain: Ascendant, Tyrannical, Challenger's Peril, Fortified",龍喜哩黑,Evoker,Augmentation,dps,Demon Fall Canyon
605,339.5,307497649,11,Mists of Tirna Scithe,2024-11-16T13:11:13.000Z,1663151,1890999,1,"Xal'atath's Bargain: Ascendant, Tyrannical, Challenger's Peril, Fortified",林丶董,Rogue,Assassination,dps,Crystalpine Stinger
606,339.5,307178022,11,Mists of Tirna Scithe,2024-11-14T16:54:16.000Z,1663748,1890999,1,"Xal'atath's Bargain: Ascendant, Tyrannical, Challenger's Peril, Fortified",漫漫仲夏,Druid,Guardian,tank,Shadowmoon
606,339.5,307178022,11,Mists of Tirna Scithe,2024-11-14T16:54:16.000Z,1663748,1890999,1,"Xal'atath's Bargain: Ascendant, Tyrannical, Challenger's Peril, Fortified",心情旋律,Warlock,Destruction,dps,Menethil
606,339.5,307178022,11,Mists of Tirna Scithe,2024-11-14T16:54:16.000Z,1663748,1890999,1,"Xal'atath's Bargain: Ascendant, Tyrannical, Challenger's Peril, Fortified",聆聽,Shaman,Restoration,healer,Shadowmoon
606,339.5,307178022,11,Mists of Tirna Scithe,2024-11-14T16:54:16.000Z,1663748,1890999,1,"Xal'atath's Bargain: Ascendant, Tyrannical, Challenger's Peril, Fortified",熊小,Priest,Shadow,dps,Zealot Blade
606,339.5,307178022,11,Mists of Tirna Scithe,2024-11-14T16:54:16.000Z,1663748,1890999,1,"Xal'atath's Bargain: Ascendant, Tyrannical, Challenger's Peril, Fortified",托伊芙,Death Knight,Unholy,dps,Menethil
607,339.5,307335988,11,Mists of Tirna Scithe,2024-11-15T16:42:50.000Z,1665826,1890999,1,"Xal'atath's Bargain: Ascendant, Tyrannical, Challenger's Peril, Fortified",貝爾法斯忒,Death Knight,Blood,tank,Whisperwind
607,339.5,307335988,11,Mists of Tirna Scithe,2024-11-15T16:42:50.000Z,1665826,1890999,1,"Xal'atath's Bargain: Ascendant, Tyrannical, Challenger's Peril, Fortified",湘玥柔,Mage,Frost,dps,Skywall
607,339.5,307335988,11,Mists of Tirna Scithe,2024-11-15T16:42:50.000Z,1665826,1890999,1,"Xal'atath's Bargain: Ascendant, Tyrannical, Challenger's Peril, Fortified",扁人學博士,Monk,Windwalker,dps,Icecrown
607,339.5,307335988,11,Mists of Tirna Scithe,2024-11-15T16:42:50.000Z,1665826,1890999,1,"Xal'atath's Bargain: Ascendant, Tyrannical, Challenger's Peril, Fortified",蜂蜜奶油球,Evoker,Preservation,healer,Shadowmoon
607,339.5,307335988,11,Mists of Tirna Scithe,2024-11-15T16:42:50.000Z,1665826,1890999,1,"Xal'atath's Bargain: Ascendant, Tyrannical, Challenger's Peril, Fortified",祇惠帑萍,Rogue,Assassination,dps,Arthas
608,339.5,303272718,11,Mists of Tirna Scithe,2024-10-27T11:25:38.000Z,1666298,1890999,1,"Xal'atath's Bargain: Ascendant, Fortified, Challenger's Peril, Tyrannical",霜火風暴,Mage,Frost,dps,Shadowmoon
608,339.5,303272718,11,Mists of Tirna Scithe,2024-10-27T11:25:38.000Z,1666298,1890999,1,"Xal'atath's Bargain: Ascendant, Fortified, Challenger's Peril, Tyrannical",小奶貓,Druid,Restoration,healer,Shadowmoon
608,339.5,303272718,11,Mists of Tirna Scithe,2024-10-27T11:25:38.000Z,1666298,1890999,1,"Xal'atath's Bargain: Ascendant, Fortified, Challenger's Peril, Tyrannical",星耀裂魂,Druid,Guardian,tank,Hellscream
608,339.5,303272718,11,Mists of Tirna Scithe,2024-10-27T11:25:38.000Z,1666298,1890999,1,"Xal'atath's Bargain: Ascendant, Fortified, Challenger's Peril, Tyrannical",唐風,Shaman,Enhancement,dps,Sundown Marsh
608,339.5,303272718,11,Mists of Tirna Scithe,2024-10-27T11:25:38.000Z,1666298,1890999,1,"Xal'atath's Bargain: Ascendant, Fortified, Challenger's Peril, Tyrannical",Arceus,Death Knight,Frost,dps,Spirestone
609,339.5,307344698,11,Mists of Tirna Scithe,2024-11-15T17:12:51.000Z,1666300,1890999,1,"Xal'atath's Bargain: Ascendant, Tyrannical, Challenger's Peril, Fortified",Boyz,Warlock,Demonology,dps,Skywall
609,339.5,307344698,11,Mists of Tirna Scithe,2024-11-15T17:12:51.000Z,1666300,1890999,1,"Xal'atath's Bargain: Ascendant, Tyrannical, Challenger's Peril, Fortified",薩林螺栓,Shaman,Elemental,dps,Arygos
609,339.5,307344698,11,Mists of Tirna Scithe,2024-11-15T17:12:51.000Z,1666300,1890999,1,"Xal'atath's Bargain: Ascendant, Tyrannical, Challenger's Peril, Fortified",皇冠,Paladin,Protection,tank,Skywall
609,339.5,307344698,11,Mists of Tirna Scithe,2024-11-15T17:12:51.000Z,1666300,1890999,1,"Xal'atath's Bargain: Ascendant, Tyrannical, Challenger's Peril, Fortified",巫妖王的隕落,Death Knight,Frost,dps,Skywall
609,339.5,307344698,11,Mists of Tirna Scithe,2024-11-15T17:12:51.000Z,1666300,1890999,1,"Xal'atath's Bargain: Ascendant, Tyrannical, Challenger's Peril, Fortified",重新定義美德,Druid,Restoration,healer,Skywall
610,339.4,303848126,11,Mists of Tirna Scithe,2024-10-30T16:14:45.000Z,1667087,1890999,1,"Xal'atath's Bargain: Ascendant, Fortified, Challenger's Peril, Tyrannical",艾斯蒙德,Druid,Guardian,tank,Shadowmoon
610,339.4,303848126,11,Mists of Tirna Scithe,2024-10-30T16:14:45.000Z,1667087,1890999,1,"Xal'atath's Bargain: Ascendant, Fortified, Challenger's Peril, Tyrannical",Cozy,Druid,Balance,dps,Sundown Marsh
610,339.4,303848126,11,Mists of Tirna Scithe,2024-10-30T16:14:45.000Z,1667087,1890999,1,"Xal'atath's Bargain: Ascendant, Fortified, Challenger's Peril, Tyrannical",腎光的下半身,Paladin,Retribution,dps,Shadowmoon
610,339.4,303848126,11,Mists of Tirna Scithe,2024-10-30T16:14:45.000Z,1667087,1890999,1,"Xal'atath's Bargain: Ascendant, Fortified, Challenger's Peril, Tyrannical",灀灀,Shaman,Restoration,healer,Light's Hope
610,339.4,303848126,11,Mists of Tirna Scithe,2024-10-30T16:14:45.000Z,1667087,1890999,1,"Xal'atath's Bargain: Ascendant, Fortified, Challenger's Peril, Tyrannical",Ggpaladin,Paladin,Retribution,dps,Shadowmoon
611,339.4,307184814,11,Mists of Tirna Scithe,2024-11-14T17:35:11.000Z,1667711,1890999,1,"Xal'atath's Bargain: Ascendant, Tyrannical, Challenger's Peril, Fortified",漫漫仲夏,Druid,Guardian,tank,Shadowmoon
611,339.4,307184814,11,Mists of Tirna Scithe,2024-11-14T17:35:11.000Z,1667711,1890999,1,"Xal'atath's Bargain: Ascendant, Tyrannical, Challenger's Peril, Fortified",心情旋律,Warlock,Destruction,dps,Menethil
611,339.4,307184814,11,Mists of Tirna Scithe,2024-11-14T17:35:11.000Z,1667711,1890999,1,"Xal'atath's Bargain: Ascendant, Tyrannical, Challenger's Peril, Fortified",新手射手,Hunter,Beast Mastery,dps,Menethil
611,339.4,307184814,11,Mists of Tirna Scithe,2024-11-14T17:35:11.000Z,1667711,1890999,1,"Xal'atath's Bargain: Ascendant, Tyrannical, Challenger's Peril, Fortified",聆聽,Shaman,Restoration,healer,Shadowmoon
611,339.4,307184814,11,Mists of Tirna Scithe,2024-11-14T17:35:11.000Z,1667711,1890999,1,"Xal'atath's Bargain: Ascendant, Tyrannical, Challenger's Peril, Fortified",托伊芙,Death Knight,Unholy,dps,Menethil
612,339.4,293032140,11,Mists of Tirna Scithe,2024-09-22T10:00:29.000Z,1667772,1890999,1,"Xal'atath's Bargain: Ascendant, Tyrannical, Challenger's Peril, Fortified",Kathyrose,Rogue,Assassination,dps,Shadowmoon
612,339.4,293032140,11,Mists of Tirna Scithe,2024-09-22T10:00:29.000Z,1667772,1890999,1,"Xal'atath's Bargain: Ascendant, Tyrannical, Challenger's Peril, Fortified",Zatery-88241759,Shaman,Restoration,healer,Shadowmoon
612,339.4,293032140,11,Mists of Tirna Scithe,2024-09-22T10:00:29.000Z,1667772,1890999,1,"Xal'atath's Bargain: Ascendant, Tyrannical, Challenger's Peril, Fortified",Tzmage,Mage,Arcane,dps,Crystalpine Stinger
612,339.4,293032140,11,Mists of Tirna Scithe,2024-09-22T10:00:29.000Z,1667772,1890999,1,"Xal'atath's Bargain: Ascendant, Tyrannical, Challenger's Peril, Fortified",往日留痕,Druid,Guardian,tank,Icecrown
612,339.4,293032140,11,Mists of Tirna Scithe,2024-09-22T10:00:29.000Z,1667772,1890999,1,"Xal'atath's Bargain: Ascendant, Tyrannical, Challenger's Peril, Fortified",Sheshot,Death Knight,Frost,dps,Quel'dorei
613,339.4,303770753,11,Mists of Tirna Scithe,2024-10-30T02:38:05.000Z,1668284,1890999,1,"Xal'atath's Bargain: Ascendant, Fortified, Challenger's Peril, Tyrannical",大劍獅,Death Knight,Unholy,dps,Sundown Marsh
613,339.4,303770753,11,Mists of Tirna Scithe,2024-10-30T02:38:05.000Z,1668284,1890999,1,"Xal'atath's Bargain: Ascendant, Fortified, Challenger's Peril, Tyrannical",阿克婭,Mage,Frost,dps,Shadowmoon
613,339.4,303770753,11,Mists of Tirna Scithe,2024-10-30T02:38:05.000Z,1668284,1890999,1,"Xal'atath's Bargain: Ascendant, Fortified, Challenger's Peril, Tyrannical",亞特拉傑爾,Paladin,Retribution,dps,Sundown Marsh
613,339.4,303770753,11,Mists of Tirna Scithe,2024-10-30T02:38:05.000Z,1668284,1890999,1,"Xal'atath's Bargain: Ascendant, Fortified, Challenger's Peril, Tyrannical",Quar,Druid,Restoration,healer,World Tree
613,339.4,303770753,11,Mists of Tirna Scithe,2024-10-30T02:38:05.000Z,1668284,1890999,1,"Xal'atath's Bargain: Ascendant, Fortified, Challenger's Peril, Tyrannical",矮咪咪,Paladin,Protection,tank,Sundown Marsh
614,339.4,294212720,11,Mists of Tirna Scithe,2024-11-15T16:22:35.000Z,1668772,1890999,1,"Xal'atath's Bargain: Ascendant, Tyrannical, Challenger's Peril, Fortified",零三七,Mage,Arcane,dps,Spirestone
614,339.4,294212720,11,Mists of Tirna Scithe,2024-11-15T16:22:35.000Z,1668772,1890999,1,"Xal'atath's Bargain: Ascendant, Tyrannical, Challenger's Peril, Fortified",大司,Druid,Guardian,tank,Spirestone
614,339.4,294212720,11,Mists of Tirna Scithe,2024-11-15T16:22:35.000Z,1668772,1890999,1,"Xal'atath's Bargain: Ascendant, Tyrannical, Challenger's Peril, Fortified",伊琳娜,Rogue,Outlaw,dps,Demon Fall Canyon
614,339.4,294212720,11,Mists of Tirna Scithe,2024-11-15T16:22:35.000Z,1668772,1890999,1,"Xal'atath's Bargain: Ascendant, Tyrannical, Challenger's Peril, Fortified",比那名居天子,Paladin,Retribution,dps,Spirestone
614,339.4,294212720,11,Mists of Tirna Scithe,2024-11-15T16:22:35.000Z,1668772,1890999,1,"Xal'atath's Bargain: Ascendant, Tyrannical, Challenger's Peril, Fortified",七五三一三,Shaman,Restoration,healer,Spirestone
615,339.4,307929182,11,Mists of Tirna Scithe,2024-11-18T16:07:20.000Z,1669138,1890999,1,"Xal'atath's Bargain: Ascendant, Tyrannical, Challenger's Peril, Fortified",殭屍熊,Warlock,Destruction,dps,Shadowmoon
615,339.4,307929182,11,Mists of Tirna Scithe,2024-11-18T16:07:20.000Z,1669138,1890999,1,"Xal'atath's Bargain: Ascendant, Tyrannical, Challenger's Peril, Fortified",Rorris,Rogue,Assassination,dps,World Tree
615,339.4,307929182,11,Mists of Tirna Scithe,2024-11-18T16:07:20.000Z,1669138,1890999,1,"Xal'atath's Bargain: Ascendant, Tyrannical, Challenger's Peril, Fortified",飄零之雪,Death Knight,Blood,tank,Shadowmoon
615,339.4,307929182,11,Mists of Tirna Scithe,2024-11-18T16:07:20.000Z,1669138,1890999,1,"Xal'atath's Bargain: Ascendant, Tyrannical, Challenger's Peril, Fortified",梓苑,Druid,Restoration,healer,Arygos
615,339.4,307929182,11,Mists of Tirna Scithe,2024-11-18T16:07:20.000Z,1669138,1890999,1,"Xal'atath's Bargain: Ascendant, Tyrannical, Challenger's Peril, Fortified",風滔,Mage,Frost,dps,Shadowmoon
616,339.4,307738480,11,Mists of Tirna Scithe,2024-11-17T17:13:36.000Z,1669520,1890999,1,"Xal'atath's Bargain: Ascendant, Tyrannical, Challenger's Peril, Fortified",希菲娜,Demon Hunter,Havoc,dps,Crystalpine Stinger
616,339.4,307738480,11,Mists of Tirna Scithe,2024-11-17T17:13:36.000Z,1669520,1890999,1,"Xal'atath's Bargain: Ascendant, Tyrannical, Challenger's Peril, Fortified",Papapochi,Shaman,Enhancement,dps,Crystalpine Stinger
616,339.4,307738480,11,Mists of Tirna Scithe,2024-11-17T17:13:36.000Z,1669520,1890999,1,"Xal'atath's Bargain: Ascendant, Tyrannical, Challenger's Peril, Fortified",殺頭,Hunter,Beast Mastery,dps,Skywall
616,339.4,307738480,11,Mists of Tirna Scithe,2024-11-17T17:13:36.000Z,1669520,1890999,1,"Xal'atath's Bargain: Ascendant, Tyrannical, Challenger's Peril, Fortified",薩塔莉亞,Shaman,Restoration,healer,Skywall
616,339.4,307738480,11,Mists of Tirna Scithe,2024-11-17T17:13:36.000Z,1669520,1890999,1,"Xal'atath's Bargain: Ascendant, Tyrannical, Challenger's Peril, Fortified",開怪就倒坦,Paladin,Protection,tank,Skywall
617,339.4,307728189,11,Mists of Tirna Scithe,2024-11-17T15:21:45.000Z,1669848,1890999,1,"Xal'atath's Bargain: Ascendant, Tyrannical, Challenger's Peril, Fortified",姬紅,Warrior,Protection,tank,Shadowmoon
617,339.4,307728189,11,Mists of Tirna Scithe,2024-11-17T15:21:45.000Z,1669848,1890999,1,"Xal'atath's Bargain: Ascendant, Tyrannical, Challenger's Peril, Fortified",那妳呢,Demon Hunter,Havoc,dps,Demon Fall Canyon
617,339.4,307728189,11,Mists of Tirna Scithe,2024-11-17T15:21:45.000Z,1669848,1890999,1,"Xal'atath's Bargain: Ascendant, Tyrannical, Challenger's Peril, Fortified",阿韓,Warlock,Demonology,dps,Shadowmoon
617,339.4,307728189,11,Mists of Tirna Scithe,2024-11-17T15:21:45.000Z,1669848,1890999,1,"Xal'atath's Bargain: Ascendant, Tyrannical, Challenger's Peril, Fortified",就是那條龍,Evoker,Preservation,healer,Shadowmoon
617,339.4,307728189,11,Mists of Tirna Scithe,2024-11-17T15:21:45.000Z,1669848,1890999,1,"Xal'atath's Bargain: Ascendant, Tyrannical, Challenger's Peril, Fortified",月下兔,Paladin,Retribution,dps,Shadowmoon
618,339.4,307916859,11,Mists of Tirna Scithe,2024-11-18T14:40:40.000Z,1669878,1890999,1,"Xal'atath's Bargain: Ascendant, Tyrannical, Challenger's Peril, Fortified",轟馬咪勒轟,Warrior,Fury,dps,Quel'dorei
618,339.4,307916859,11,Mists of Tirna Scithe,2024-11-18T14:40:40.000Z,1669878,1890999,1,"Xal'atath's Bargain: Ascendant, Tyrannical, Challenger's Peril, Fortified",Liese,Death Knight,Blood,tank,Demon Fall Canyon
618,339.4,307916859,11,Mists of Tirna Scithe,2024-11-18T14:40:40.000Z,1669878,1890999,1,"Xal'atath's Bargain: Ascendant, Tyrannical, Challenger's Peril, Fortified",天上歐希,Paladin,Retribution,dps,Hellscream
618,339.4,307916859,11,Mists of Tirna Scithe,2024-11-18T14:40:40.000Z,1669878,1890999,1,"Xal'atath's Bargain: Ascendant, Tyrannical, Challenger's Peril, Fortified",似水流云,Druid,Restoration,healer,Demon Fall Canyon
618,339.4,307916859,11,Mists of Tirna Scithe,2024-11-18T14:40:40.000Z,1669878,1890999,1,"Xal'atath's Bargain: Ascendant, Tyrannical, Challenger's Peril, Fortified",與我無關,Shaman,Elemental,dps,Shadowmoon
619,339.4,302413271,11,Mists of Tirna Scithe,2024-10-24T02:12:50.000Z,1670591,1890999,1,"Xal'atath's Bargain: Ascendant, Fortified, Challenger's Peril, Tyrannical",五告蔡,Death Knight,Blood,tank,Shadowmoon
619,339.4,302413271,11,Mists of Tirna Scithe,2024-10-24T02:12:50.000Z,1670591,1890999,1,"Xal'atath's Bargain: Ascendant, Fortified, Challenger's Peril, Tyrannical",月光惡魔,Demon Hunter,Havoc,dps,Shadowmoon
619,339.4,302413271,11,Mists of Tirna Scithe,2024-10-24T02:12:50.000Z,1670591,1890999,1,"Xal'atath's Bargain: Ascendant, Fortified, Challenger's Peril, Tyrannical",進化傻滿,Shaman,Restoration,healer,Spirestone
619,339.4,302413271,11,Mists of Tirna Scithe,2024-10-24T02:12:50.000Z,1670591,1890999,1,"Xal'atath's Bargain: Ascendant, Fortified, Challenger's Peril, Tyrannical",Bananthony,Hunter,Beast Mastery,dps,Nightsong
619,339.4,302413271,11,Mists of Tirna Scithe,2024-10-24T02:12:50.000Z,1670591,1890999,1,"Xal'atath's Bargain: Ascendant, Fortified, Challenger's Peril, Tyrannical",Torksha,Death Knight,Unholy,dps,Bleeding Hollow
620,339.4,307437763,11,Mists of Tirna Scithe,2024-11-16T03:13:24.000Z,1670851,1890999,1,"Xal'atath's Bargain: Ascendant, Tyrannical, Challenger's Peril, Fortified",移動岑寶,Paladin,Protection,tank,Shadowmoon
620,339.4,307437763,11,Mists of Tirna Scithe,2024-11-16T03:13:24.000Z,1670851,1890999,1,"Xal'atath's Bargain: Ascendant, Tyrannical, Challenger's Peril, Fortified",安飛-167972697,Rogue,Assassination,dps,Wrathbringer
620,339.4,307437763,11,Mists of Tirna Scithe,2024-11-16T03:13:24.000Z,1670851,1890999,1,"Xal'atath's Bargain: Ascendant, Tyrannical, Challenger's Peril, Fortified",Dazen,Paladin,Retribution,dps,Zealot Blade
620,339.4,307437763,11,Mists of Tirna Scithe,2024-11-16T03:13:24.000Z,1670851,1890999,1,"Xal'atath's Bargain: Ascendant, Tyrannical, Challenger's Peril, Fortified",奈萨,Shaman,Restoration,healer,Zealot Blade
620,339.4,307437763,11,Mists of Tirna Scithe,2024-11-16T03:13:24.000Z,1670851,1890999,1,"Xal'atath's Bargain: Ascendant, Tyrannical, Challenger's Peril, Fortified",Lchshaman,Shaman,Elemental,dps,Nightsong
621,339.4,307500924,11,Mists of Tirna Scithe,2024-11-16T13:15:25.000Z,1671368,1890999,1,"Xal'atath's Bargain: Ascendant, Tyrannical, Challenger's Peril, Fortified",吉良铃,Rogue,Outlaw,dps,World Tree
621,339.4,307500924,11,Mists of Tirna Scithe,2024-11-16T13:15:25.000Z,1671368,1890999,1,"Xal'atath's Bargain: Ascendant, Tyrannical, Challenger's Peril, Fortified",熊熊醬,Paladin,Retribution,dps,Nightsong
621,339.4,307500924,11,Mists of Tirna Scithe,2024-11-16T13:15:25.000Z,1671368,1890999,1,"Xal'atath's Bargain: Ascendant, Tyrannical, Challenger's Peril, Fortified",暴殄天物,Shaman,Restoration,healer,World Tree
621,339.4,307500924,11,Mists of Tirna Scithe,2024-11-16T13:15:25.000Z,1671368,1890999,1,"Xal'atath's Bargain: Ascendant, Tyrannical, Challenger's Peril, Fortified",我為逝者哀哭,Warlock,Destruction,dps,Crystalpine Stinger
621,339.4,307500924,11,Mists of Tirna Scithe,2024-11-16T13:15:25.000Z,1671368,1890999,1,"Xal'atath's Bargain: Ascendant, Tyrannical, Challenger's Peril, Fortified",阿鹿,Paladin,Protection,tank,Nightsong
622,339.3,307555332,11,Mists of Tirna Scithe,2024-11-16T19:04:17.000Z,1671780,1890999,1,"Xal'atath's Bargain: Ascendant, Tyrannical, Challenger's Peril, Fortified",阿波菲斯,Paladin,Retribution,dps,Demon Fall Canyon
622,339.3,307555332,11,Mists of Tirna Scithe,2024-11-16T19:04:17.000Z,1671780,1890999,1,"Xal'atath's Bargain: Ascendant, Tyrannical, Challenger's Peril, Fortified",恐怖圖騰月蹄,Druid,Restoration,healer,Bleeding Hollow
622,339.3,307555332,11,Mists of Tirna Scithe,2024-11-16T19:04:17.000Z,1671780,1890999,1,"Xal'atath's Bargain: Ascendant, Tyrannical, Challenger's Peril, Fortified",死亡芭比粉,Paladin,Protection,tank,Hellscream
622,339.3,307555332,11,Mists of Tirna Scithe,2024-11-16T19:04:17.000Z,1671780,1890999,1,"Xal'atath's Bargain: Ascendant, Tyrannical, Challenger's Peril, Fortified",Anon82F8723,Mage,Arcane,dps,Anonymous
622,339.3,307555332,11,Mists of Tirna Scithe,2024-11-16T19:04:17.000Z,1671780,1890999,1,"Xal'atath's Bargain: Ascendant, Tyrannical, Challenger's Peril, Fortified",笨奶茶,Paladin,Retribution,dps,Nightsong
623,339.3,308091904,11,Mists of Tirna Scithe,2024-11-19T16:17:03.000Z,1672258,1890999,1,"Xal'atath's Bargain: Ascendant, Tyrannical, Challenger's Peril, Fortified",一晴也一,Paladin,Protection,tank,Zealot Blade
623,339.3,308091904,11,Mists of Tirna Scithe,2024-11-19T16:17:03.000Z,1672258,1890999,1,"Xal'atath's Bargain: Ascendant, Tyrannical, Challenger's Peril, Fortified",奧茲維爾,Priest,Shadow,dps,Sundown Marsh
623,339.3,308091904,11,Mists of Tirna Scithe,2024-11-19T16:17:03.000Z,1672258,1890999,1,"Xal'atath's Bargain: Ascendant, Tyrannical, Challenger's Peril, Fortified",光頭法師,Mage,Frost,dps,Nightsong
623,339.3,308091904,11,Mists of Tirna Scithe,2024-11-19T16:17:03.000Z,1672258,1890999,1,"Xal'atath's Bargain: Ascendant, Tyrannical, Challenger's Peril, Fortified",Jijihaoyang,Paladin,Retribution,dps,Chillwind Point
623,339.3,308091904,11,Mists of Tirna Scithe,2024-11-19T16:17:03.000Z,1672258,1890999,1,"Xal'atath's Bargain: Ascendant, Tyrannical, Challenger's Peril, Fortified",帕利迪斯,Druid,Restoration,healer,Nightsong
624,339.3,302881828,11,Mists of Tirna Scithe,2024-10-26T10:30:37.000Z,1672368,1890999,1,"Xal'atath's Bargain: Ascendant, Fortified, Challenger's Peril, Tyrannical",天上可可,Shaman,Elemental,dps,Light's Hope
624,339.3,302881828,11,Mists of Tirna Scithe,2024-10-26T10:30:37.000Z,1672368,1890999,1,"Xal'atath's Bargain: Ascendant, Fortified, Challenger's Peril, Tyrannical",零零,Evoker,Augmentation,dps,Shadowmoon
624,339.3,302881828,11,Mists of Tirna Scithe,2024-10-26T10:30:37.000Z,1672368,1890999,1,"Xal'atath's Bargain: Ascendant, Fortified, Challenger's Peril, Tyrannical",哈贝特洛特,Druid,Guardian,tank,Krol Blade
624,339.3,302881828,11,Mists of Tirna Scithe,2024-10-26T10:30:37.000Z,1672368,1890999,1,"Xal'atath's Bargain: Ascendant, Fortified, Challenger's Peril, Tyrannical",還敢暈船阿,Mage,Frost,dps,Shadowmoon
624,339.3,302881828,11,Mists of Tirna Scithe,2024-10-26T10:30:37.000Z,1672368,1890999,1,"Xal'atath's Bargain: Ascendant, Fortified, Challenger's Peril, Tyrannical",狸貍芙妮,Priest,Discipline,healer,Quel'dorei
625,339.3,302396121,11,Mists of Tirna Scithe,2024-10-24T01:21:16.000Z,1672571,1890999,1,"Xal'atath's Bargain: Ascendant, Fortified, Challenger's Peril, Tyrannical",幕斯,Priest,Shadow,dps,Quel'dorei
625,339.3,302396121,11,Mists of Tirna Scithe,2024-10-24T01:21:16.000Z,1672571,1890999,1,"Xal'atath's Bargain: Ascendant, Fortified, Challenger's Peril, Tyrannical",安塔麗,Paladin,Protection,tank,Wrathbringer
625,339.3,302396121,11,Mists of Tirna Scithe,2024-10-24T01:21:16.000Z,1672571,1890999,1,"Xal'atath's Bargain: Ascendant, Fortified, Challenger's Peril, Tyrannical",菌菌匠,Shaman,Restoration,healer,Arthas
625,339.3,302396121,11,Mists of Tirna Scithe,2024-10-24T01:21:16.000Z,1672571,1890999,1,"Xal'atath's Bargain: Ascendant, Fortified, Challenger's Peril, Tyrannical",夢想旅途,Death Knight,Frost,dps,Sundown Marsh
625,339.3,302396121,11,Mists of Tirna Scithe,2024-10-24T01:21:16.000Z,1672571,1890999,1,"Xal'atath's Bargain: Ascendant, Fortified, Challenger's Peril, Tyrannical",大力鷹爪功,Druid,Balance,dps,Icecrown
626,339.3,307472120,11,Mists of Tirna Scithe,2024-11-16T08:59:36.000Z,1672610,1890999,1,"Xal'atath's Bargain: Ascendant, Tyrannical, Challenger's Peril, Fortified",梅川依芙尼,Paladin,Protection,tank,Shadowmoon
626,339.3,307472120,11,Mists of Tirna Scithe,2024-11-16T08:59:36.000Z,1672610,1890999,1,"Xal'atath's Bargain: Ascendant, Tyrannical, Challenger's Peril, Fortified",不要小看哥兒,Shaman,Restoration,healer,Bleeding Hollow
626,339.3,307472120,11,Mists of Tirna Scithe,2024-11-16T08:59:36.000Z,1672610,1890999,1,"Xal'atath's Bargain: Ascendant, Tyrannical, Challenger's Peril, Fortified",萌萌馨,Warlock,Demonology,dps,Demon Fall Canyon
626,339.3,307472120,11,Mists of Tirna Scithe,2024-11-16T08:59:36.000Z,1672610,1890999,1,"Xal'atath's Bargain: Ascendant, Tyrannical, Challenger's Peril, Fortified",Rurouni,Rogue,Assassination,dps,Bleeding Hollow
626,339.3,307472120,11,Mists of Tirna Scithe,2024-11-16T08:59:36.000Z,1672610,1890999,1,"Xal'atath's Bargain: Ascendant, Tyrannical, Challenger's Peril, Fortified",阿朗,Shaman,Elemental,dps,Hellscream
627,339.3,303565490,11,Mists of Tirna Scithe,2024-10-29T03:54:59.000Z,1673563,1890999,1,"Xal'atath's Bargain: Ascendant, Fortified, Challenger's Peril, Tyrannical",Deorro,Demon Hunter,Vengeance,tank,Wrathbringer
627,339.3,303565490,11,Mists of Tirna Scithe,2024-10-29T03:54:59.000Z,1673563,1890999,1,"Xal'atath's Bargain: Ascendant, Fortified, Challenger's Peril, Tyrannical",Wayneiia,Death Knight,Frost,dps,Quel'dorei
627,339.3,303565490,11,Mists of Tirna Scithe,2024-10-29T03:54:59.000Z,1673563,1890999,1,"Xal'atath's Bargain: Ascendant, Fortified, Challenger's Peril, Tyrannical",一香雪海一,Hunter,Beast Mastery,dps,Chillwind Point
627,339.3,303565490,11,Mists of Tirna Scithe,2024-10-29T03:54:59.000Z,1673563,1890999,1,"Xal'atath's Bargain: Ascendant, Fortified, Challenger's Peril, Tyrannical",小饅頭仔,Shaman,Restoration,healer,Sundown Marsh
627,339.3,303565490,11,Mists of Tirna Scithe,2024-10-29T03:54:59.000Z,1673563,1890999,1,"Xal'atath's Bargain: Ascendant, Fortified, Challenger's Peril, Tyrannical",小狗阿貴,Death Knight,Frost,dps,Wrathbringer
628,339.3,302685365,11,Mists of Tirna Scithe,2024-10-25T15:20:04.000Z,1674064,1890999,1,"Xal'atath's Bargain: Ascendant, Fortified, Challenger's Peril, Tyrannical",呆豬頭,Paladin,Protection,tank,Silverwing Hold
628,339.3,302685365,11,Mists of Tirna Scithe,2024-10-25T15:20:04.000Z,1674064,1890999,1,"Xal'atath's Bargain: Ascendant, Fortified, Challenger's Peril, Tyrannical",冬瓜清茶,Warrior,Fury,dps,Arygos
628,339.3,302685365,11,Mists of Tirna Scithe,2024-10-25T15:20:04.000Z,1674064,1890999,1,"Xal'atath's Bargain: Ascendant, Fortified, Challenger's Peril, Tyrannical",怒眼雷震,Shaman,Elemental,dps,Shadowmoon
628,339.3,302685365,11,Mists of Tirna Scithe,2024-10-25T15:20:04.000Z,1674064,1890999,1,"Xal'atath's Bargain: Ascendant, Fortified, Challenger's Peril, Tyrannical",愛睏薩滿,Shaman,Restoration,healer,Sundown Marsh
628,339.3,302685365,11,Mists of Tirna Scithe,2024-10-25T15:20:04.000Z,1674064,1890999,1,"Xal'atath's Bargain: Ascendant, Fortified, Challenger's Peril, Tyrannical",喵卡-229911999,Rogue,Outlaw,dps,Light's Hope
629,339.3,302696612,11,Mists of Tirna Scithe,2024-10-25T17:52:36.000Z,1674316,1890999,1,"Xal'atath's Bargain: Ascendant, Fortified, Challenger's Peril, Tyrannical",追憶奈辛瓦里,Death Knight,Frost,dps,Arthas
629,339.3,302696612,11,Mists of Tirna Scithe,2024-10-25T17:52:36.000Z,1674316,1890999,1,"Xal'atath's Bargain: Ascendant, Fortified, Challenger's Peril, Tyrannical",阿力斯泰爾,Mage,Arcane,dps,Arthas
629,339.3,302696612,11,Mists of Tirna Scithe,2024-10-25T17:52:36.000Z,1674316,1890999,1,"Xal'atath's Bargain: Ascendant, Fortified, Challenger's Peril, Tyrannical",瞄準的鬍子,Hunter,Marksmanship,dps,Hellscream
629,339.3,302696612,11,Mists of Tirna Scithe,2024-10-25T17:52:36.000Z,1674316,1890999,1,"Xal'atath's Bargain: Ascendant, Fortified, Challenger's Peril, Tyrannical",哆啦咪,Shaman,Restoration,healer,Spirestone
629,339.3,302696612,11,Mists of Tirna Scithe,2024-10-25T17:52:36.000Z,1674316,1890999,1,"Xal'atath's Bargain: Ascendant, Fortified, Challenger's Peril, Tyrannical",傑哥不要啊,Demon Hunter,Vengeance,tank,Arthas
630,339.3,302998172,11,Mists of Tirna Scithe,2024-10-26T18:38:00.000Z,1674494,1890999,1,"Xal'atath's Bargain: Ascendant, Fortified, Challenger's Peril, Tyrannical",薩拉的眼淚,Shaman,Restoration,healer,Arygos
630,339.3,302998172,11,Mists of Tirna Scithe,2024-10-26T18:38:00.000Z,1674494,1890999,1,"Xal'atath's Bargain: Ascendant, Fortified, Challenger's Peril, Tyrannical",魚販小晴,Mage,Fire,dps,Crystalpine Stinger
630,339.3,302998172,11,Mists of Tirna Scithe,2024-10-26T18:38:00.000Z,1674494,1890999,1,"Xal'atath's Bargain: Ascendant, Fortified, Challenger's Peril, Tyrannical",彗皇貴妃娘娘,Priest,Shadow,dps,Silverwing Hold
630,339.3,302998172,11,Mists of Tirna Scithe,2024-10-26T18:38:00.000Z,1674494,1890999,1,"Xal'atath's Bargain: Ascendant, Fortified, Challenger's Peril, Tyrannical",大犧牲,Paladin,Retribution,dps,Shadowmoon
630,339.3,302998172,11,Mists of Tirna Scithe,2024-10-26T18:38:00.000Z,1674494,1890999,1,"Xal'atath's Bargain: Ascendant, Fortified, Challenger's Peril, Tyrannical",林祖公咖好,Death Knight,Blood,tank,Spirestone
631,339.3,307491490,11,Mists of Tirna Scithe,2024-11-16T12:21:30.000Z,1674898,1890999,1,"Xal'atath's Bargain: Ascendant, Tyrannical, Challenger's Peril, Fortified",滾的比跑的快,Monk,Mistweaver,healer,Zealot Blade
631,339.3,307491490,11,Mists of Tirna Scithe,2024-11-16T12:21:30.000Z,1674898,1890999,1,"Xal'atath's Bargain: Ascendant, Tyrannical, Challenger's Peril, Fortified",虎虎,Hunter,Beast Mastery,dps,Arthas
631,339.3,307491490,11,Mists of Tirna Scithe,2024-11-16T12:21:30.000Z,1674898,1890999,1,"Xal'atath's Bargain: Ascendant, Tyrannical, Challenger's Peril, Fortified",李李,Paladin,Protection,tank,Shadowmoon
631,339.3,307491490,11,Mists of Tirna Scithe,2024-11-16T12:21:30.000Z,1674898,1890999,1,"Xal'atath's Bargain: Ascendant, Tyrannical, Challenger's Peril, Fortified",莉法,Hunter,Beast Mastery,dps,Arthas
631,339.3,307491490,11,Mists of Tirna Scithe,2024-11-16T12:21:30.000Z,1674898,1890999,1,"Xal'atath's Bargain: Ascendant, Tyrannical, Challenger's Peril, Fortified",血聖靈,Paladin,Retribution,dps,Nightsong
632,339.3,307525311,11,Mists of Tirna Scithe,2024-11-16T16:13:14.000Z,1675037,1890999,1,"Xal'atath's Bargain: Ascendant, Tyrannical, Challenger's Peril, Fortified",一晴也一,Paladin,Protection,tank,Zealot Blade
632,339.3,307525311,11,Mists of Tirna Scithe,2024-11-16T16:13:14.000Z,1675037,1890999,1,"Xal'atath's Bargain: Ascendant, Tyrannical, Challenger's Peril, Fortified",Brucewang,Paladin,Holy,healer,Chillwind Point
632,339.3,307525311,11,Mists of Tirna Scithe,2024-11-16T16:13:14.000Z,1675037,1890999,1,"Xal'atath's Bargain: Ascendant, Tyrannical, Challenger's Peril, Fortified",老北蜥,Evoker,Augmentation,dps,Sundown Marsh
632,339.3,307525311,11,Mists of Tirna Scithe,2024-11-16T16:13:14.000Z,1675037,1890999,1,"Xal'atath's Bargain: Ascendant, Tyrannical, Challenger's Peril, Fortified",飄撇的先祖,Shaman,Elemental,dps,Crystalpine Stinger
632,339.3,307525311,11,Mists of Tirna Scithe,2024-11-16T16:13:14.000Z,1675037,1890999,1,"Xal'atath's Bargain: Ascendant, Tyrannical, Challenger's Peril, Fortified",作奸犯柯文哲-231156249,Paladin,Retribution,dps,Hellscream
633,339.3,302687518,11,Mists of Tirna Scithe,2024-10-25T15:50:15.000Z,1675364,1890999,1,"Xal'atath's Bargain: Ascendant, Fortified, Challenger's Peril, Tyrannical",蒼暗寒霜,Death Knight,Unholy,dps,Shadowmoon
633,339.3,302687518,11,Mists of Tirna Scithe,2024-10-25T15:50:15.000Z,1675364,1890999,1,"Xal'atath's Bargain: Ascendant, Fortified, Challenger's Peril, Tyrannical",愛吃貓的魚,Death Knight,Frost,dps,Skywall
633,339.3,302687518,11,Mists of Tirna Scithe,2024-10-25T15:50:15.000Z,1675364,1890999,1,"Xal'atath's Bargain: Ascendant, Fortified, Challenger's Peril, Tyrannical",緋焰,Mage,Frost,dps,Whisperwind
633,339.3,302687518,11,Mists of Tirna Scithe,2024-10-25T15:50:15.000Z,1675364,1890999,1,"Xal'atath's Bargain: Ascendant, Fortified, Challenger's Peril, Tyrannical",大機巴,Warrior,Protection,tank,Shadowmoon
633,339.3,302687518,11,Mists of Tirna Scithe,2024-10-25T15:50:15.000Z,1675364,1890999,1,"Xal'atath's Bargain: Ascendant, Fortified, Challenger's Peril, Tyrannical",Babapriest,Priest,Discipline,healer,Dragonmaw
634,339.3,308277064,11,Mists of Tirna Scithe,2024-11-20T13:55:51.000Z,1675463,1890999,1,"Xal'atath's Bargain: Ascendant, Tyrannical, Challenger's Peril, Fortified",不堪義擊,Mage,Frost,dps,Icecrown
634,339.3,308277064,11,Mists of Tirna Scithe,2024-11-20T13:55:51.000Z,1675463,1890999,1,"Xal'atath's Bargain: Ascendant, Tyrannical, Challenger's Peril, Fortified",血楓葉,Death Knight,Frost,dps,Arygos
634,339.3,308277064,11,Mists of Tirna Scithe,2024-11-20T13:55:51.000Z,1675463,1890999,1,"Xal'atath's Bargain: Ascendant, Tyrannical, Challenger's Peril, Fortified",死亡狙水,Death Knight,Unholy,dps,Arthas
634,339.3,308277064,11,Mists of Tirna Scithe,2024-11-20T13:55:51.000Z,1675463,1890999,1,"Xal'atath's Bargain: Ascendant, Tyrannical, Challenger's Peril, Fortified",阿祁,Death Knight,Blood,tank,Arthas
634,339.3,308277064,11,Mists of Tirna Scithe,2024-11-20T13:55:51.000Z,1675463,1890999,1,"Xal'atath's Bargain: Ascendant, Tyrannical, Challenger's Peril, Fortified",天使舞依,Priest,Discipline,healer,Spirestone
635,339.2,307299869,11,Mists of Tirna Scithe,2024-11-15T11:19:02.000Z,1676863,1890999,1,"Xal'atath's Bargain: Ascendant, Tyrannical, Challenger's Peril, Fortified",一元布丁,Rogue,Assassination,dps,Crystalpine Stinger
635,339.2,307299869,11,Mists of Tirna Scithe,2024-11-15T11:19:02.000Z,1676863,1890999,1,"Xal'atath's Bargain: Ascendant, Tyrannical, Challenger's Peril, Fortified",美麗塔,Druid,Balance,dps,Crystalpine Stinger
635,339.2,307299869,11,Mists of Tirna Scithe,2024-11-15T11:19:02.000Z,1676863,1890999,1,"Xal'atath's Bargain: Ascendant, Tyrannical, Challenger's Peril, Fortified",Boltxx,Shaman,Enhancement,dps,Chillwind Point
635,339.2,307299869,11,Mists of Tirna Scithe,2024-11-15T11:19:02.000Z,1676863,1890999,1,"Xal'atath's Bargain: Ascendant, Tyrannical, Challenger's Peril, Fortified",Ruisikii,Priest,Discipline,healer,Chillwind Point
635,339.2,307299869,11,Mists of Tirna Scithe,2024-11-15T11:19:02.000Z,1676863,1890999,1,"Xal'atath's Bargain: Ascendant, Tyrannical, Challenger's Peril, Fortified",鐵支哞哞,Druid,Guardian,tank,Bleeding Hollow
636,339.2,303423643,11,Mists of Tirna Scithe,2024-10-28T12:54:07.000Z,1678301,1890999,1,"Xal'atath's Bargain: Ascendant, Fortified, Challenger's Peril, Tyrannical",中藥行老闆,Shaman,Restoration,healer,Chillwind Point
636,339.2,303423643,11,Mists of Tirna Scithe,2024-10-28T12:54:07.000Z,1678301,1890999,1,"Xal'atath's Bargain: Ascendant, Fortified, Challenger's Peril, Tyrannical",滅天使,Mage,Frost,dps,Hellscream
636,339.2,303423643,11,Mists of Tirna Scithe,2024-10-28T12:54:07.000Z,1678301,1890999,1,"Xal'atath's Bargain: Ascendant, Fortified, Challenger's Peril, Tyrannical",星街彗星,Shaman,Enhancement,dps,Whisperwind
636,339.2,303423643,11,Mists of Tirna Scithe,2024-10-28T12:54:07.000Z,1678301,1890999,1,"Xal'atath's Bargain: Ascendant, Fortified, Challenger's Peril, Tyrannical",冬瓜獵,Hunter,Survival,dps,Arthas
636,339.2,303423643,11,Mists of Tirna Scithe,2024-10-28T12:54:07.000Z,1678301,1890999,1,"Xal'atath's Bargain: Ascendant, Fortified, Challenger's Peril, Tyrannical",褲襠大黃瓜,Demon Hunter,Vengeance,tank,Arthas
637,339.2,305631235,11,Mists of Tirna Scithe,2024-11-14T13:50:08.000Z,1678328,1890999,1,"Xal'atath's Bargain: Ascendant, Tyrannical, Challenger's Peril, Fortified",三百隻熊貓,Monk,Brewmaster,tank,Dragonmaw
637,339.2,305631235,11,Mists of Tirna Scithe,2024-11-14T13:50:08.000Z,1678328,1890999,1,"Xal'atath's Bargain: Ascendant, Tyrannical, Challenger's Peril, Fortified",Imaginary,Hunter,Beast Mastery,dps,Silverwing Hold
637,339.2,305631235,11,Mists of Tirna Scithe,2024-11-14T13:50:08.000Z,1678328,1890999,1,"Xal'atath's Bargain: Ascendant, Tyrannical, Challenger's Peril, Fortified",抽取衛生紙,Priest,Discipline,healer,Dragonmaw
637,339.2,305631235,11,Mists of Tirna Scithe,2024-11-14T13:50:08.000Z,1678328,1890999,1,"Xal'atath's Bargain: Ascendant, Tyrannical, Challenger's Peril, Fortified",風怒,Shaman,Elemental,dps,Dragonmaw
637,339.2,305631235,11,Mists of Tirna Scithe,2024-11-14T13:50:08.000Z,1678328,1890999,1,"Xal'atath's Bargain: Ascendant, Tyrannical, Challenger's Peril, Fortified",培根,Rogue,Assassination,dps,Hellscream
638,339.2,307724652,11,Mists of Tirna Scithe,2024-11-17T13:42:47.000Z,1679124,1890999,1,"Xal'atath's Bargain: Ascendant, Tyrannical, Challenger's Peril, Fortified",悲傷波士,Hunter,Beast Mastery,dps,Light's Hope
638,339.2,307724652,11,Mists of Tirna Scithe,2024-11-17T13:42:47.000Z,1679124,1890999,1,"Xal'atath's Bargain: Ascendant, Tyrannical, Challenger's Peril, Fortified",鈴原泉水子,Paladin,Holy,healer,Light's Hope
638,339.2,307724652,11,Mists of Tirna Scithe,2024-11-17T13:42:47.000Z,1679124,1890999,1,"Xal'atath's Bargain: Ascendant, Tyrannical, Challenger's Peril, Fortified",大薯條,Warlock,Destruction,dps,Light's Hope
638,339.2,307724652,11,Mists of Tirna Scithe,2024-11-17T13:42:47.000Z,1679124,1890999,1,"Xal'atath's Bargain: Ascendant, Tyrannical, Challenger's Peril, Fortified",Tickle,Warrior,Protection,tank,Sundown Marsh
638,339.2,307724652,11,Mists of Tirna Scithe,2024-11-17T13:42:47.000Z,1679124,1890999,1,"Xal'atath's Bargain: Ascendant, Tyrannical, Challenger's Peril, Fortified",青花丶聖騎士,Paladin,Retribution,dps,Sundown Marsh
639,339.2,302916060,11,Mists of Tirna Scithe,2024-10-26T09:03:26.000Z,1679216,1890999,1,"Xal'atath's Bargain: Ascendant, Fortified, Challenger's Peril, Tyrannical",Siyaa,Paladin,Protection,tank,Shadowmoon
639,339.2,302916060,11,Mists of Tirna Scithe,2024-10-26T09:03:26.000Z,1679216,1890999,1,"Xal'atath's Bargain: Ascendant, Fortified, Challenger's Peril, Tyrannical",夜小花,Warlock,Destruction,dps,Nightsong
639,339.2,302916060,11,Mists of Tirna Scithe,2024-10-26T09:03:26.000Z,1679216,1890999,1,"Xal'atath's Bargain: Ascendant, Fortified, Challenger's Peril, Tyrannical",左手揮刀,Paladin,Retribution,dps,Light's Hope
639,339.2,302916060,11,Mists of Tirna Scithe,2024-10-26T09:03:26.000Z,1679216,1890999,1,"Xal'atath's Bargain: Ascendant, Fortified, Challenger's Peril, Tyrannical",Redhood,Death Knight,Frost,dps,Menethil
639,339.2,302916060,11,Mists of Tirna Scithe,2024-10-26T09:03:26.000Z,1679216,1890999,1,"Xal'atath's Bargain: Ascendant, Fortified, Challenger's Peril, Tyrannical",Torrent,Shaman,Restoration,healer,Menethil
640,339.2,303596896,11,Mists of Tirna Scithe,2024-10-29T07:10:30.000Z,1679536,1890999,1,"Xal'atath's Bargain: Ascendant, Fortified, Challenger's Peril, Tyrannical",嗷薩斯烈酒,Death Knight,Unholy,dps,Sundown Marsh
640,339.2,303596896,11,Mists of Tirna Scithe,2024-10-29T07:10:30.000Z,1679536,1890999,1,"Xal'atath's Bargain: Ascendant, Fortified, Challenger's Peril, Tyrannical",巧巧咬米果,Priest,Discipline,healer,Arygos
640,339.2,303596896,11,Mists of Tirna Scithe,2024-10-29T07:10:30.000Z,1679536,1890999,1,"Xal'atath's Bargain: Ascendant, Fortified, Challenger's Peril, Tyrannical",萬物皆戰士,Warrior,Protection,tank,World Tree
640,339.2,303596896,11,Mists of Tirna Scithe,2024-10-29T07:10:30.000Z,1679536,1890999,1,"Xal'atath's Bargain: Ascendant, Fortified, Challenger's Peril, Tyrannical",皮卡邱邱,Shaman,Enhancement,dps,Sundown Marsh
640,339.2,303596896,11,Mists of Tirna Scithe,2024-10-29T07:10:30.000Z,1679536,1890999,1,"Xal'atath's Bargain: Ascendant, Fortified, Challenger's Peril, Tyrannical",銀河種菜大師,Shaman,Elemental,dps,World Tree
641,339.2,307847392,11,Mists of Tirna Scithe,2024-11-18T01:54:23.000Z,1680446,1890999,1,"Xal'atath's Bargain: Ascendant, Tyrannical, Challenger's Peril, Fortified",絕情守護,Paladin,Retribution,dps,Shadowmoon
641,339.2,307847392,11,Mists of Tirna Scithe,2024-11-18T01:54:23.000Z,1680446,1890999,1,"Xal'atath's Bargain: Ascendant, Tyrannical, Challenger's Peril, Fortified",提款基,Paladin,Retribution,dps,Sundown Marsh
641,339.2,307847392,11,Mists of Tirna Scithe,2024-11-18T01:54:23.000Z,1680446,1890999,1,"Xal'atath's Bargain: Ascendant, Tyrannical, Challenger's Peril, Fortified",願元素不理你,Shaman,Elemental,dps,Crystalpine Stinger
641,339.2,307847392,11,Mists of Tirna Scithe,2024-11-18T01:54:23.000Z,1680446,1890999,1,"Xal'atath's Bargain: Ascendant, Tyrannical, Challenger's Peril, Fortified",阿絲洛,Priest,Discipline,healer,Silverwing Hold
641,339.2,307847392,11,Mists of Tirna Scithe,2024-11-18T01:54:23.000Z,1680446,1890999,1,"Xal'atath's Bargain: Ascendant, Tyrannical, Challenger's Peril, Fortified",天上聖母,Paladin,Protection,tank,World Tree
642,339.2,307174759,11,Mists of Tirna Scithe,2024-11-15T15:08:43.000Z,1680865,1890999,1,"Xal'atath's Bargain: Ascendant, Tyrannical, Challenger's Peril, Fortified",奶奶妹妹,Priest,Discipline,healer,Shadowmoon
642,339.2,307174759,11,Mists of Tirna Scithe,2024-11-15T15:08:43.000Z,1680865,1890999,1,"Xal'atath's Bargain: Ascendant, Tyrannical, Challenger's Peril, Fortified",我普吉島,Shaman,Elemental,dps,Shadowmoon
642,339.2,307174759,11,Mists of Tirna Scithe,2024-11-15T15:08:43.000Z,1680865,1890999,1,"Xal'atath's Bargain: Ascendant, Tyrannical, Challenger's Peril, Fortified",Deerwiwi,Mage,Arcane,dps,Arygos
642,339.2,307174759,11,Mists of Tirna Scithe,2024-11-15T15:08:43.000Z,1680865,1890999,1,"Xal'atath's Bargain: Ascendant, Tyrannical, Challenger's Peril, Fortified",就是愛這盎,Druid,Guardian,tank,Shadowmoon
642,339.2,307174759,11,Mists of Tirna Scithe,2024-11-15T15:08:43.000Z,1680865,1890999,1,"Xal'atath's Bargain: Ascendant, Tyrannical, Challenger's Peril, Fortified",小恩噗龍共,Hunter,Survival,dps,Shadowmoon
643,339.2,302470061,11,Mists of Tirna Scithe,2024-10-24T12:18:22.000Z,1681145,1890999,1,"Xal'atath's Bargain: Ascendant, Fortified, Challenger's Peril, Tyrannical",三逼八改,Shaman,Elemental,dps,Demon Fall Canyon
643,339.2,302470061,11,Mists of Tirna Scithe,2024-10-24T12:18:22.000Z,1681145,1890999,1,"Xal'atath's Bargain: Ascendant, Fortified, Challenger's Peril, Tyrannical",莫再蔣,Hunter,Survival,dps,Spirestone
643,339.2,302470061,11,Mists of Tirna Scithe,2024-10-24T12:18:22.000Z,1681145,1890999,1,"Xal'atath's Bargain: Ascendant, Fortified, Challenger's Peril, Tyrannical",夜市買的,Shaman,Enhancement,dps,Spirestone
643,339.2,302470061,11,Mists of Tirna Scithe,2024-10-24T12:18:22.000Z,1681145,1890999,1,"Xal'atath's Bargain: Ascendant, Fortified, Challenger's Peril, Tyrannical",無此玩家,Shaman,Restoration,healer,Skywall
643,339.2,302470061,11,Mists of Tirna Scithe,2024-10-24T12:18:22.000Z,1681145,1890999,1,"Xal'atath's Bargain: Ascendant, Fortified, Challenger's Peril, Tyrannical",Poping,Warrior,Protection,tank,Icecrown
644,339.2,302854355,11,Mists of Tirna Scithe,2024-10-26T03:02:42.000Z,1681331,1890999,1,"Xal'atath's Bargain: Ascendant, Fortified, Challenger's Peril, Tyrannical",最初的心願,Warrior,Protection,tank,Whisperwind
644,339.2,302854355,11,Mists of Tirna Scithe,2024-10-26T03:02:42.000Z,1681331,1890999,1,"Xal'atath's Bargain: Ascendant, Fortified, Challenger's Peril, Tyrannical",流汗的腳毛,Druid,Balance,dps,Wrathbringer
644,339.2,302854355,11,Mists of Tirna Scithe,2024-10-26T03:02:42.000Z,1681331,1890999,1,"Xal'atath's Bargain: Ascendant, Fortified, Challenger's Peril, Tyrannical",血楓葉,Death Knight,Frost,dps,Arygos
644,339.2,302854355,11,Mists of Tirna Scithe,2024-10-26T03:02:42.000Z,1681331,1890999,1,"Xal'atath's Bargain: Ascendant, Fortified, Challenger's Peril, Tyrannical",一幽默一,Priest,Discipline,healer,Sundown Marsh
644,339.2,302854355,11,Mists of Tirna Scithe,2024-10-26T03:02:42.000Z,1681331,1890999,1,"Xal'atath's Bargain: Ascendant, Fortified, Challenger's Peril, Tyrannical",Twiceicsm,Evoker,Augmentation,dps,Arthas
645,339.1,303012620,11,Mists of Tirna Scithe,2024-10-26T20:15:01.000Z,1683090,1890999,1,"Xal'atath's Bargain: Ascendant, Fortified, Challenger's Peril, Tyrannical",熱力學大師,Shaman,Restoration,healer,Dragonmaw
645,339.1,303012620,11,Mists of Tirna Scithe,2024-10-26T20:15:01.000Z,1683090,1890999,1,"Xal'atath's Bargain: Ascendant, Fortified, Challenger's Peril, Tyrannical",新海放,Hunter,Survival,dps,Nightsong
645,339.1,303012620,11,Mists of Tirna Scithe,2024-10-26T20:15:01.000Z,1683090,1890999,1,"Xal'atath's Bargain: Ascendant, Fortified, Challenger's Peril, Tyrannical",鋼之鍊柑壽師,Warlock,Affliction,dps,Arthas
645,339.1,303012620,11,Mists of Tirna Scithe,2024-10-26T20:15:01.000Z,1683090,1890999,1,"Xal'atath's Bargain: Ascendant, Fortified, Challenger's Peril, Tyrannical",Idwolf,Shaman,Elemental,dps,Menethil
645,339.1,303012620,11,Mists of Tirna Scithe,2024-10-26T20:15:01.000Z,1683090,1890999,1,"Xal'atath's Bargain: Ascendant, Fortified, Challenger's Peril, Tyrannical",萬神論劍,Warrior,Protection,tank,Arygos
646,339.1,307531662,11,Mists of Tirna Scithe,2024-11-16T16:08:34.000Z,1683992,1890999,1,"Xal'atath's Bargain: Ascendant, Tyrannical, Challenger's Peril, Fortified",而我不知道誰,Paladin,Retribution,dps,Stormscale
646,339.1,307531662,11,Mists of Tirna Scithe,2024-11-16T16:08:34.000Z,1683992,1890999,1,"Xal'atath's Bargain: Ascendant, Tyrannical, Challenger's Peril, Fortified",脫髮危機,Paladin,Retribution,dps,Frostmane
646,339.1,307531662,11,Mists of Tirna Scithe,2024-11-16T16:08:34.000Z,1683992,1890999,1,"Xal'atath's Bargain: Ascendant, Tyrannical, Challenger's Peril, Fortified",姬紅,Warrior,Protection,tank,Shadowmoon
646,339.1,307531662,11,Mists of Tirna Scithe,2024-11-16T16:08:34.000Z,1683992,1890999,1,"Xal'atath's Bargain: Ascendant, Tyrannical, Challenger's Peril, Fortified",小霸王本王,Shaman,Restoration,healer,Stormscale
646,339.1,307531662,11,Mists of Tirna Scithe,2024-11-16T16:08:34.000Z,1683992,1890999,1,"Xal'atath's Bargain: Ascendant, Tyrannical, Challenger's Peril, Fortified",依水寒楊,Hunter,Beast Mastery,dps,Stormscale
647,339.1,307165297,11,Mists of Tirna Scithe,2024-11-14T15:47:28.000Z,1684214,1890999,1,"Xal'atath's Bargain: Ascendant, Tyrannical, Challenger's Peril, Fortified",Ciaociao,Paladin,Retribution,dps,Stormscale
647,339.1,307165297,11,Mists of Tirna Scithe,2024-11-14T15:47:28.000Z,1684214,1890999,1,"Xal'atath's Bargain: Ascendant, Tyrannical, Challenger's Peril, Fortified",呆呆狸,Shaman,Restoration,healer,Arthas
647,339.1,307165297,11,Mists of Tirna Scithe,2024-11-14T15:47:28.000Z,1684214,1890999,1,"Xal'atath's Bargain: Ascendant, Tyrannical, Challenger's Peril, Fortified",大力鷹爪功,Druid,Balance,dps,Icecrown
647,339.1,307165297,11,Mists of Tirna Scithe,2024-11-14T15:47:28.000Z,1684214,1890999,1,"Xal'atath's Bargain: Ascendant, Tyrannical, Challenger's Peril, Fortified",薩卡班鯊魚湯,Shaman,Enhancement,dps,Bleeding Hollow
647,339.1,307165297,11,Mists of Tirna Scithe,2024-11-14T15:47:28.000Z,1684214,1890999,1,"Xal'atath's Bargain: Ascendant, Tyrannical, Challenger's Peril, Fortified",你去烘乾,Death Knight,Blood,tank,Icecrown
648,339.1,308085079,11,Mists of Tirna Scithe,2024-11-19T15:14:33.000Z,1684908,1890999,1,"Xal'atath's Bargain: Ascendant, Tyrannical, Challenger's Peril, Fortified",舒晴武神,Monk,Mistweaver,healer,Nightsong
648,339.1,308085079,11,Mists of Tirna Scithe,2024-11-19T15:14:33.000Z,1684908,1890999,1,"Xal'atath's Bargain: Ascendant, Tyrannical, Challenger's Peril, Fortified",魔化小夫魯,Warlock,Demonology,dps,Nightsong
648,339.1,308085079,11,Mists of Tirna Scithe,2024-11-19T15:14:33.000Z,1684908,1890999,1,"Xal'atath's Bargain: Ascendant, Tyrannical, Challenger's Peril, Fortified",納蘭燕,Paladin,Retribution,dps,Nightsong
648,339.1,308085079,11,Mists of Tirna Scithe,2024-11-19T15:14:33.000Z,1684908,1890999,1,"Xal'atath's Bargain: Ascendant, Tyrannical, Challenger's Peril, Fortified",武后假死抵抗,Death Knight,Blood,tank,Nightsong
648,339.1,308085079,11,Mists of Tirna Scithe,2024-11-19T15:14:33.000Z,1684908,1890999,1,"Xal'atath's Bargain: Ascendant, Tyrannical, Challenger's Peril, Fortified",白櫻歌姬,Evoker,Augmentation,dps,Nightsong
649,339.1,307130569,11,Mists of Tirna Scithe,2024-11-14T08:12:58.000Z,1685714,1890999,1,"Xal'atath's Bargain: Ascendant, Tyrannical, Challenger's Peril, Fortified",理音,Paladin,Protection,tank,Sundown Marsh
649,339.1,307130569,11,Mists of Tirna Scithe,2024-11-14T08:12:58.000Z,1685714,1890999,1,"Xal'atath's Bargain: Ascendant, Tyrannical, Challenger's Peril, Fortified",小愛喵喵,Shaman,Restoration,healer,Shadowmoon
649,339.1,307130569,11,Mists of Tirna Scithe,2024-11-14T08:12:58.000Z,1685714,1890999,1,"Xal'atath's Bargain: Ascendant, Tyrannical, Challenger's Peril, Fortified",喵嗚咪還給我,Druid,Balance,dps,Sundown Marsh
649,339.1,307130569,11,Mists of Tirna Scithe,2024-11-14T08:12:58.000Z,1685714,1890999,1,"Xal'atath's Bargain: Ascendant, Tyrannical, Challenger's Peril, Fortified",非凡之血,Mage,Frost,dps,Spirestone
649,339.1,307130569,11,Mists of Tirna Scithe,2024-11-14T08:12:58.000Z,1685714,1890999,1,"Xal'atath's Bargain: Ascendant, Tyrannical, Challenger's Peril, Fortified",風火雷電雨,Shaman,Enhancement,dps,Hellscream
650,339.1,308118274,11,Mists of Tirna Scithe,2024-11-19T17:16:41.000Z,1685745,1890999,1,"Xal'atath's Bargain: Ascendant, Tyrannical, Challenger's Peril, Fortified",一记喵喵拳,Shaman,Enhancement,dps,Sundown Marsh
650,339.1,308118274,11,Mists of Tirna Scithe,2024-11-19T17:16:41.000Z,1685745,1890999,1,"Xal'atath's Bargain: Ascendant, Tyrannical, Challenger's Peril, Fortified",Druidkit,Druid,Guardian,tank,Skywall
650,339.1,308118274,11,Mists of Tirna Scithe,2024-11-19T17:16:41.000Z,1685745,1890999,1,"Xal'atath's Bargain: Ascendant, Tyrannical, Challenger's Peril, Fortified",Misu,Druid,Balance,dps,Bleeding Hollow
650,339.1,308118274,11,Mists of Tirna Scithe,2024-11-19T17:16:41.000Z,1685745,1890999,1,"Xal'atath's Bargain: Ascendant, Tyrannical, Challenger's Peril, Fortified",菟泡泡,Priest,Discipline,healer,Arthas
650,339.1,308118274,11,Mists of Tirna Scithe,2024-11-19T17:16:41.000Z,1685745,1890999,1,"Xal'atath's Bargain: Ascendant, Tyrannical, Challenger's Peril, Fortified",月夕熊貓,Death Knight,Unholy,dps,Chillwind Point
651,339.1,302490040,11,Mists of Tirna Scithe,2024-10-24T14:50:54.000Z,1686041,1890999,1,"Xal'atath's Bargain: Ascendant, Fortified, Challenger's Peril, Tyrannical",慕容菲爾,Paladin,Retribution,dps,Whisperwind
651,339.1,302490040,11,Mists of Tirna Scithe,2024-10-24T14:50:54.000Z,1686041,1890999,1,"Xal'atath's Bargain: Ascendant, Fortified, Challenger's Peril, Tyrannical",Stationchef,Druid,Guardian,tank,Skywall
651,339.1,302490040,11,Mists of Tirna Scithe,2024-10-24T14:50:54.000Z,1686041,1890999,1,"Xal'atath's Bargain: Ascendant, Fortified, Challenger's Peril, Tyrannical",Phony,Hunter,Marksmanship,dps,World Tree
651,339.1,302490040,11,Mists of Tirna Scithe,2024-10-24T14:50:54.000Z,1686041,1890999,1,"Xal'atath's Bargain: Ascendant, Fortified, Challenger's Peril, Tyrannical",Vinn,Mage,Arcane,dps,Sundown Marsh
651,339.1,302490040,11,Mists of Tirna Scithe,2024-10-24T14:50:54.000Z,1686041,1890999,1,"Xal'atath's Bargain: Ascendant, Fortified, Challenger's Peril, Tyrannical",Pageantry,Priest,Discipline,healer,Zealot Blade
652,339.1,302903368,11,Mists of Tirna Scithe,2024-10-26T11:13:27.000Z,1686151,1890999,1,"Xal'atath's Bargain: Ascendant, Fortified, Challenger's Peril, Tyrannical",天使夜儿,Shaman,Restoration,healer,Light's Hope
652,339.1,302903368,11,Mists of Tirna Scithe,2024-10-26T11:13:27.000Z,1686151,1890999,1,"Xal'atath's Bargain: Ascendant, Fortified, Challenger's Peril, Tyrannical",燒烤魷魚片,Paladin,Retribution,dps,Crystalpine Stinger
652,339.1,302903368,11,Mists of Tirna Scithe,2024-10-26T11:13:27.000Z,1686151,1890999,1,"Xal'atath's Bargain: Ascendant, Fortified, Challenger's Peril, Tyrannical",Noidea,Evoker,Augmentation,dps,Wrathbringer
652,339.1,302903368,11,Mists of Tirna Scithe,2024-10-26T11:13:27.000Z,1686151,1890999,1,"Xal'atath's Bargain: Ascendant, Fortified, Challenger's Peril, Tyrannical",星野小愛,Death Knight,Blood,tank,Sundown Marsh
652,339.1,302903368,11,Mists of Tirna Scithe,2024-10-26T11:13:27.000Z,1686151,1890999,1,"Xal'atath's Bargain: Ascendant, Fortified, Challenger's Peril, Tyrannical",Taycant-228987942,Paladin,Retribution,dps,Shadowmoon
653,339,302973077,11,Mists of Tirna Scithe,2024-10-26T17:19:35.000Z,1687456,1890999,1,"Xal'atath's Bargain: Ascendant, Fortified, Challenger's Peril, Tyrannical",Tokido,Hunter,Survival,dps,Chillwind Point
653,339,302973077,11,Mists of Tirna Scithe,2024-10-26T17:19:35.000Z,1687456,1890999,1,"Xal'atath's Bargain: Ascendant, Fortified, Challenger's Peril, Tyrannical",夢筱雨,Shaman,Restoration,healer,Spirestone
653,339,302973077,11,Mists of Tirna Scithe,2024-10-26T17:19:35.000Z,1687456,1890999,1,"Xal'atath's Bargain: Ascendant, Fortified, Challenger's Peril, Tyrannical",扒褲亂擼,Shaman,Elemental,dps,Sundown Marsh
653,339,302973077,11,Mists of Tirna Scithe,2024-10-26T17:19:35.000Z,1687456,1890999,1,"Xal'atath's Bargain: Ascendant, Fortified, Challenger's Peril, Tyrannical",靈感,Paladin,Protection,tank,Chillwind Point
653,339,302973077,11,Mists of Tirna Scithe,2024-10-26T17:19:35.000Z,1687456,1890999,1,"Xal'atath's Bargain: Ascendant, Fortified, Challenger's Peril, Tyrannical",Deathcake,Death Knight,Frost,dps,Arthas
654,339,303648556,11,Mists of Tirna Scithe,2024-10-29T15:50:46.000Z,1687901,1890999,1,"Xal'atath's Bargain: Ascendant, Fortified, Challenger's Peril, Tyrannical",火烤小毛球,Druid,Restoration,healer,Shadowmoon
654,339,303648556,11,Mists of Tirna Scithe,2024-10-29T15:50:46.000Z,1687901,1890999,1,"Xal'atath's Bargain: Ascendant, Fortified, Challenger's Peril, Tyrannical",梨兒小龍人,Evoker,Augmentation,dps,Shadowmoon
654,339,303648556,11,Mists of Tirna Scithe,2024-10-29T15:50:46.000Z,1687901,1890999,1,"Xal'atath's Bargain: Ascendant, Fortified, Challenger's Peril, Tyrannical",飛飛愛兔子,Rogue,Assassination,dps,Light's Hope
654,339,303648556,11,Mists of Tirna Scithe,2024-10-29T15:50:46.000Z,1687901,1890999,1,"Xal'atath's Bargain: Ascendant, Fortified, Challenger's Peril, Tyrannical",Melorpal,Paladin,Protection,tank,Sundown Marsh
654,339,303648556,11,Mists of Tirna Scithe,2024-10-29T15:50:46.000Z,1687901,1890999,1,"Xal'atath's Bargain: Ascendant, Fortified, Challenger's Peril, Tyrannical",鮑魚棒棒糖球,Shaman,Enhancement,dps,Sundown Marsh
655,339,307170720,11,Mists of Tirna Scithe,2024-11-14T15:50:50.000Z,1687980,1890999,1,"Xal'atath's Bargain: Ascendant, Tyrannical, Challenger's Peril, Fortified",Sellesesl,Mage,Arcane,dps,Shadowmoon
655,339,307170720,11,Mists of Tirna Scithe,2024-11-14T15:50:50.000Z,1687980,1890999,1,"Xal'atath's Bargain: Ascendant, Tyrannical, Challenger's Peril, Fortified",一鐵牛一,Shaman,Elemental,dps,Silverwing Hold
655,339,307170720,11,Mists of Tirna Scithe,2024-11-14T15:50:50.000Z,1687980,1890999,1,"Xal'atath's Bargain: Ascendant, Tyrannical, Challenger's Peril, Fortified",Ggbb,Priest,Holy,healer,Light's Hope
655,339,307170720,11,Mists of Tirna Scithe,2024-11-14T15:50:50.000Z,1687980,1890999,1,"Xal'atath's Bargain: Ascendant, Tyrannical, Challenger's Peril, Fortified",灬颩凨灬,Demon Hunter,Vengeance,tank,World Tree
655,339,307170720,11,Mists of Tirna Scithe,2024-11-14T15:50:50.000Z,1687980,1890999,1,"Xal'atath's Bargain: Ascendant, Tyrannical, Challenger's Peril, Fortified",夏侯夕,Paladin,Retribution,dps,Arthas
656,339,307669292,11,Mists of Tirna Scithe,2024-11-17T06:01:09.000Z,1688289,1890999,1,"Xal'atath's Bargain: Ascendant, Tyrannical, Challenger's Peril, Fortified",薩曲,Shaman,Enhancement,dps,Shadowmoon
656,339,307669292,11,Mists of Tirna Scithe,2024-11-17T06:01:09.000Z,1688289,1890999,1,"Xal'atath's Bargain: Ascendant, Tyrannical, Challenger's Peril, Fortified",螢光蠻牛,Paladin,Retribution,dps,Shadowmoon
656,339,307669292,11,Mists of Tirna Scithe,2024-11-17T06:01:09.000Z,1688289,1890999,1,"Xal'atath's Bargain: Ascendant, Tyrannical, Challenger's Peril, Fortified",Pz,Warrior,Protection,tank,Sundown Marsh
656,339,307669292,11,Mists of Tirna Scithe,2024-11-17T06:01:09.000Z,1688289,1890999,1,"Xal'atath's Bargain: Ascendant, Tyrannical, Challenger's Peril, Fortified",Eushlly,Hunter,Marksmanship,dps,Sundown Marsh
656,339,307669292,11,Mists of Tirna Scithe,2024-11-17T06:01:09.000Z,1688289,1890999,1,"Xal'atath's Bargain: Ascendant, Tyrannical, Challenger's Peril, Fortified",婉婉乂,Shaman,Restoration,healer,Quel'dorei
657,339,307639942,11,Mists of Tirna Scithe,2024-11-17T02:32:38.000Z,1688546,1890999,1,"Xal'atath's Bargain: Ascendant, Tyrannical, Challenger's Peril, Fortified",冰清雪碧,Paladin,Protection,tank,Sundown Marsh
657,339,307639942,11,Mists of Tirna Scithe,2024-11-17T02:32:38.000Z,1688546,1890999,1,"Xal'atath's Bargain: Ascendant, Tyrannical, Challenger's Peril, Fortified",一玉慕杉一,Druid,Restoration,healer,Quel'dorei
657,339,307639942,11,Mists of Tirna Scithe,2024-11-17T02:32:38.000Z,1688546,1890999,1,"Xal'atath's Bargain: Ascendant, Tyrannical, Challenger's Peril, Fortified",龍麒阿寬,Paladin,Retribution,dps,Quel'dorei
657,339,307639942,11,Mists of Tirna Scithe,2024-11-17T02:32:38.000Z,1688546,1890999,1,"Xal'atath's Bargain: Ascendant, Tyrannical, Challenger's Peril, Fortified",涼伴灑滿雞絲,Shaman,Elemental,dps,Bleeding Hollow
657,339,307639942,11,Mists of Tirna Scithe,2024-11-17T02:32:38.000Z,1688546,1890999,1,"Xal'atath's Bargain: Ascendant, Tyrannical, Challenger's Peril, Fortified",噴水流七濕胸,Warlock,Destruction,dps,Wrathbringer
658,339,302711231,11,Mists of Tirna Scithe,2024-10-25T13:30:38.000Z,1689185,1890999,1,"Xal'atath's Bargain: Ascendant, Fortified, Challenger's Peril, Tyrannical",Snowhalation,Shaman,Elemental,dps,Skywall
658,339,302711231,11,Mists of Tirna Scithe,2024-10-25T13:30:38.000Z,1689185,1890999,1,"Xal'atath's Bargain: Ascendant, Fortified, Challenger's Peril, Tyrannical",龍虎式,Monk,Windwalker,dps,Hellscream
658,339,302711231,11,Mists of Tirna Scithe,2024-10-25T13:30:38.000Z,1689185,1890999,1,"Xal'atath's Bargain: Ascendant, Fortified, Challenger's Peril, Tyrannical",花艾琳,Shaman,Restoration,healer,Shadowmoon
658,339,302711231,11,Mists of Tirna Scithe,2024-10-25T13:30:38.000Z,1689185,1890999,1,"Xal'atath's Bargain: Ascendant, Fortified, Challenger's Peril, Tyrannical",愛喝莓奶汁,Druid,Guardian,tank,Skywall
658,339,302711231,11,Mists of Tirna Scithe,2024-10-25T13:30:38.000Z,1689185,1890999,1,"Xal'atath's Bargain: Ascendant, Fortified, Challenger's Peril, Tyrannical",赤天九,Paladin,Retribution,dps,Crystalpine Stinger
659,339,307353047,11,Mists of Tirna Scithe,2024-11-15T18:18:22.000Z,1689197,1890999,1,"Xal'atath's Bargain: Ascendant, Tyrannical, Challenger's Peril, Fortified",燃燒獸人英雄-46541589,Shaman,Enhancement,dps,Shadowmoon
659,339,307353047,11,Mists of Tirna Scithe,2024-11-15T18:18:22.000Z,1689197,1890999,1,"Xal'atath's Bargain: Ascendant, Tyrannical, Challenger's Peril, Fortified",馬赫,Demon Hunter,Vengeance,tank,Skywall
659,339,307353047,11,Mists of Tirna Scithe,2024-11-15T18:18:22.000Z,1689197,1890999,1,"Xal'atath's Bargain: Ascendant, Tyrannical, Challenger's Peril, Fortified",太陰之晶,Druid,Balance,dps,Menethil
659,339,307353047,11,Mists of Tirna Scithe,2024-11-15T18:18:22.000Z,1689197,1890999,1,"Xal'atath's Bargain: Ascendant, Tyrannical, Challenger's Peril, Fortified",予馨,Shaman,Restoration,healer,Spirestone
659,339,307353047,11,Mists of Tirna Scithe,2024-11-15T18:18:22.000Z,1689197,1890999,1,"Xal'atath's Bargain: Ascendant, Tyrannical, Challenger's Peril, Fortified",雙眼青光眼,Mage,Arcane,dps,Nightsong
660,339,302511062,11,Mists of Tirna Scithe,2024-10-24T15:54:01.000Z,1689729,1890999,1,"Xal'atath's Bargain: Ascendant, Fortified, Challenger's Peril, Tyrannical",Tim,Demon Hunter,Vengeance,tank,Demon Fall Canyon
660,339,302511062,11,Mists of Tirna Scithe,2024-10-24T15:54:01.000Z,1689729,1890999,1,"Xal'atath's Bargain: Ascendant, Fortified, Challenger's Peril, Tyrannical",抹茶蒙布朗,Warrior,Fury,dps,Arygos
660,339,302511062,11,Mists of Tirna Scithe,2024-10-24T15:54:01.000Z,1689729,1890999,1,"Xal'atath's Bargain: Ascendant, Fortified, Challenger's Peril, Tyrannical",Cheree,Rogue,Assassination,dps,Shadowmoon
660,339,302511062,11,Mists of Tirna Scithe,2024-10-24T15:54:01.000Z,1689729,1890999,1,"Xal'atath's Bargain: Ascendant, Fortified, Challenger's Peril, Tyrannical",飛天小女僕,Shaman,Restoration,healer,Sundown Marsh
660,339,302511062,11,Mists of Tirna Scithe,2024-10-24T15:54:01.000Z,1689729,1890999,1,"Xal'atath's Bargain: Ascendant, Fortified, Challenger's Peril, Tyrannical",嘉德麗雅,Warlock,Destruction,dps,Icecrown
661,339,303442103,11,Mists of Tirna Scithe,2024-10-28T13:42:24.000Z,1689761,1890999,1,"Xal'atath's Bargain: Ascendant, Fortified, Challenger's Peril, Tyrannical",阿侵,Shaman,Elemental,dps,Sundown Marsh
661,339,303442103,11,Mists of Tirna Scithe,2024-10-28T13:42:24.000Z,1689761,1890999,1,"Xal'atath's Bargain: Ascendant, Fortified, Challenger's Peril, Tyrannical",踏山河啊杰,Hunter,Marksmanship,dps,Shadowmoon
661,339,303442103,11,Mists of Tirna Scithe,2024-10-28T13:42:24.000Z,1689761,1890999,1,"Xal'atath's Bargain: Ascendant, Fortified, Challenger's Peril, Tyrannical",野生的熊本熊,Druid,Guardian,tank,Sundown Marsh
661,339,303442103,11,Mists of Tirna Scithe,2024-10-28T13:42:24.000Z,1689761,1890999,1,"Xal'atath's Bargain: Ascendant, Fortified, Challenger's Peril, Tyrannical",轉生貴族,Shaman,Restoration,healer,Sundown Marsh
661,339,303442103,11,Mists of Tirna Scithe,2024-10-28T13:42:24.000Z,1689761,1890999,1,"Xal'atath's Bargain: Ascendant, Fortified, Challenger's Peril, Tyrannical",國安法,Mage,Arcane,dps,Sundown Marsh
662,339,303233587,11,Mists of Tirna Scithe,2024-10-27T17:24:01.000Z,1690287,1890999,1,"Xal'atath's Bargain: Ascendant, Fortified, Challenger's Peril, Tyrannical",掩耳盜鳥,Rogue,Assassination,dps,Silverwing Hold
662,339,303233587,11,Mists of Tirna Scithe,2024-10-27T17:24:01.000Z,1690287,1890999,1,"Xal'atath's Bargain: Ascendant, Fortified, Challenger's Peril, Tyrannical",藤友,Druid,Balance,dps,Arthas
662,339,303233587,11,Mists of Tirna Scithe,2024-10-27T17:24:01.000Z,1690287,1890999,1,"Xal'atath's Bargain: Ascendant, Fortified, Challenger's Peril, Tyrannical",水查男,Warrior,Protection,tank,Sundown Marsh
662,339,303233587,11,Mists of Tirna Scithe,2024-10-27T17:24:01.000Z,1690287,1890999,1,"Xal'atath's Bargain: Ascendant, Fortified, Challenger's Peril, Tyrannical",看看你的尾巴,Death Knight,Unholy,dps,Sundown Marsh
662,339,303233587,11,Mists of Tirna Scithe,2024-10-27T17:24:01.000Z,1690287,1890999,1,"Xal'atath's Bargain: Ascendant, Fortified, Challenger's Peril, Tyrannical",薯餅蛋吐司,Shaman,Restoration,healer,Arthas
663,339,307670546,11,Mists of Tirna Scithe,2024-11-17T06:46:46.000Z,1690467,1890999,1,"Xal'atath's Bargain: Ascendant, Tyrannical, Challenger's Peril, Fortified",陌生吹雪,Hunter,Marksmanship,dps,Frostmane
663,339,307670546,11,Mists of Tirna Scithe,2024-11-17T06:46:46.000Z,1690467,1890999,1,"Xal'atath's Bargain: Ascendant, Tyrannical, Challenger's Peril, Fortified",眾生咩,Monk,Mistweaver,healer,Light's Hope
663,339,307670546,11,Mists of Tirna Scithe,2024-11-17T06:46:46.000Z,1690467,1890999,1,"Xal'atath's Bargain: Ascendant, Tyrannical, Challenger's Peril, Fortified",英勇的亞昆達,Warrior,Fury,dps,Chillwind Point
663,339,307670546,11,Mists of Tirna Scithe,2024-11-17T06:46:46.000Z,1690467,1890999,1,"Xal'atath's Bargain: Ascendant, Tyrannical, Challenger's Peril, Fortified",混沌,Warlock,Destruction,dps,Menethil
663,339,307670546,11,Mists of Tirna Scithe,2024-11-17T06:46:46.000Z,1690467,1890999,1,"Xal'atath's Bargain: Ascendant, Tyrannical, Challenger's Peril, Fortified",寂寞的遊俠,Paladin,Protection,tank,Arthas
664,339,307938817,11,Mists of Tirna Scithe,2024-11-18T17:30:15.000Z,1690519,1890999,1,"Xal'atath's Bargain: Ascendant, Tyrannical, Challenger's Peril, Fortified",媞妃蒂娜,Paladin,Retribution,dps,World Tree
664,339,307938817,11,Mists of Tirna Scithe,2024-11-18T17:30:15.000Z,1690519,1890999,1,"Xal'atath's Bargain: Ascendant, Tyrannical, Challenger's Peril, Fortified",星之所在,Paladin,Retribution,dps,Zealot Blade
664,339,307938817,11,Mists of Tirna Scithe,2024-11-18T17:30:15.000Z,1690519,1890999,1,"Xal'atath's Bargain: Ascendant, Tyrannical, Challenger's Peril, Fortified",呵呵操盤魚,Monk,Mistweaver,healer,Shadowmoon
664,339,307938817,11,Mists of Tirna Scithe,2024-11-18T17:30:15.000Z,1690519,1890999,1,"Xal'atath's Bargain: Ascendant, Tyrannical, Challenger's Peril, Fortified",時間沖淡一切,Hunter,Survival,dps,Zealot Blade
664,339,307938817,11,Mists of Tirna Scithe,2024-11-18T17:30:15.000Z,1690519,1890999,1,"Xal'atath's Bargain: Ascendant, Tyrannical, Challenger's Peril, Fortified",偽仁,Warrior,Protection,tank,Shadowmoon
665,339,303452661,11,Mists of Tirna Scithe,2024-10-28T18:05:48.000Z,1690547,1890999,1,"Xal'atath's Bargain: Ascendant, Fortified, Challenger's Peril, Tyrannical",Bloodybyss,Shaman,Elemental,dps,Sundown Marsh
665,339,303452661,11,Mists of Tirna Scithe,2024-10-28T18:05:48.000Z,1690547,1890999,1,"Xal'atath's Bargain: Ascendant, Fortified, Challenger's Peril, Tyrannical",Fuze,Death Knight,Frost,dps,Arthas
665,339,303452661,11,Mists of Tirna Scithe,2024-10-28T18:05:48.000Z,1690547,1890999,1,"Xal'atath's Bargain: Ascendant, Fortified, Challenger's Peril, Tyrannical",天罡雨月,Warrior,Protection,tank,Sundown Marsh
665,339,303452661,11,Mists of Tirna Scithe,2024-10-28T18:05:48.000Z,1690547,1890999,1,"Xal'atath's Bargain: Ascendant, Fortified, Challenger's Peril, Tyrannical",楓佾,Monk,Mistweaver,healer,Arthas
665,339,303452661,11,Mists of Tirna Scithe,2024-10-28T18:05:48.000Z,1690547,1890999,1,"Xal'atath's Bargain: Ascendant, Fortified, Challenger's Peril, Tyrannical",山荒香執,Paladin,Retribution,dps,Arthas
666,339,303030439,11,Mists of Tirna Scithe,2024-10-26T21:39:59.000Z,1690599,1890999,1,"Xal'atath's Bargain: Ascendant, Fortified, Challenger's Peril, Tyrannical",高嶺雷蹄鹿,Druid,Guardian,tank,Arygos
666,339,303030439,11,Mists of Tirna Scithe,2024-10-26T21:39:59.000Z,1690599,1890999,1,"Xal'atath's Bargain: Ascendant, Fortified, Challenger's Peril, Tyrannical",淺羽由稀,Warlock,Affliction,dps,Chillwind Point
666,339,303030439,11,Mists of Tirna Scithe,2024-10-26T21:39:59.000Z,1690599,1890999,1,"Xal'atath's Bargain: Ascendant, Fortified, Challenger's Peril, Tyrannical",小威廉,Shaman,Restoration,healer,Nightsong
666,339,303030439,11,Mists of Tirna Scithe,2024-10-26T21:39:59.000Z,1690599,1890999,1,"Xal'atath's Bargain: Ascendant, Fortified, Challenger's Peril, Tyrannical",蒼穹,Mage,Frost,dps,Bleeding Hollow
666,339,303030439,11,Mists of Tirna Scithe,2024-10-26T21:39:59.000Z,1690599,1890999,1,"Xal'atath's Bargain: Ascendant, Fortified, Challenger's Peril, Tyrannical",飛天大狗,Mage,Arcane,dps,Arygos
667,339,307279657,11,Mists of Tirna Scithe,2024-11-15T06:04:32.000Z,1690717,1890999,1,"Xal'atath's Bargain: Ascendant, Tyrannical, Challenger's Peril, Fortified",Meek,Hunter,Beast Mastery,dps,Shadowmoon
667,339,307279657,11,Mists of Tirna Scithe,2024-11-15T06:04:32.000Z,1690717,1890999,1,"Xal'atath's Bargain: Ascendant, Tyrannical, Challenger's Peril, Fortified",Azzinohsien,Demon Hunter,Havoc,dps,Sundown Marsh
667,339,307279657,11,Mists of Tirna Scithe,2024-11-15T06:04:32.000Z,1690717,1890999,1,"Xal'atath's Bargain: Ascendant, Tyrannical, Challenger's Peril, Fortified",璃小燁,Death Knight,Frost,dps,Sundown Marsh
667,339,307279657,11,Mists of Tirna Scithe,2024-11-15T06:04:32.000Z,1690717,1890999,1,"Xal'atath's Bargain: Ascendant, Tyrannical, Challenger's Peril, Fortified",Kg,Demon Hunter,Vengeance,tank,Whisperwind
667,339,307279657,11,Mists of Tirna Scithe,2024-11-15T06:04:32.000Z,1690717,1890999,1,"Xal'atath's Bargain: Ascendant, Tyrannical, Challenger's Peril, Fortified",天空的深藍-231102607,Shaman,Restoration,healer,Skywall
668,338.9,302889709,11,Mists of Tirna Scithe,2024-10-25T17:56:30.000Z,1691895,1890999,1,"Xal'atath's Bargain: Ascendant, Fortified, Challenger's Peril, Tyrannical",法布尼爾,Druid,Guardian,tank,Sundown Marsh
668,338.9,302889709,11,Mists of Tirna Scithe,2024-10-25T17:56:30.000Z,1691895,1890999,1,"Xal'atath's Bargain: Ascendant, Fortified, Challenger's Peril, Tyrannical",Lichbane,Mage,Arcane,dps,Sundown Marsh
668,338.9,302889709,11,Mists of Tirna Scithe,2024-10-25T17:56:30.000Z,1691895,1890999,1,"Xal'atath's Bargain: Ascendant, Fortified, Challenger's Peril, Tyrannical",Andrealphus,Paladin,Holy,healer,Sundown Marsh
668,338.9,302889709,11,Mists of Tirna Scithe,2024-10-25T17:56:30.000Z,1691895,1890999,1,"Xal'atath's Bargain: Ascendant, Fortified, Challenger's Peril, Tyrannical",我們補是條龍,Evoker,Augmentation,dps,Sundown Marsh
668,338.9,302889709,11,Mists of Tirna Scithe,2024-10-25T17:56:30.000Z,1691895,1890999,1,"Xal'atath's Bargain: Ascendant, Fortified, Challenger's Peril, Tyrannical",Grimoires,Warlock,Destruction,dps,Demon Fall Canyon
669,338.9,307728283,11,Mists of Tirna Scithe,2024-11-17T13:07:23.000Z,1692506,1890999,1,"Xal'atath's Bargain: Ascendant, Tyrannical, Challenger's Peril, Fortified",乩童,Hunter,Beast Mastery,dps,Shadowmoon
669,338.9,307728283,11,Mists of Tirna Scithe,2024-11-17T13:07:23.000Z,1692506,1890999,1,"Xal'atath's Bargain: Ascendant, Tyrannical, Challenger's Peril, Fortified",聖騎肥熊,Paladin,Retribution,dps,Quel'dorei
669,338.9,307728283,11,Mists of Tirna Scithe,2024-11-17T13:07:23.000Z,1692506,1890999,1,"Xal'atath's Bargain: Ascendant, Tyrannical, Challenger's Peril, Fortified",艾斯可霏,Druid,Guardian,tank,Shadowmoon
669,338.9,307728283,11,Mists of Tirna Scithe,2024-11-17T13:07:23.000Z,1692506,1890999,1,"Xal'atath's Bargain: Ascendant, Tyrannical, Challenger's Peril, Fortified",聖光公主,Paladin,Retribution,dps,Spirestone
669,338.9,307728283,11,Mists of Tirna Scithe,2024-11-17T13:07:23.000Z,1692506,1890999,1,"Xal'atath's Bargain: Ascendant, Tyrannical, Challenger's Peril, Fortified",大地知音,Shaman,Restoration,healer,Whisperwind
670,338.9,307921627,11,Mists of Tirna Scithe,2024-11-18T15:54:02.000Z,1693475,1890999,1,"Xal'atath's Bargain: Ascendant, Tyrannical, Challenger's Peril, Fortified",子羽,Rogue,Assassination,dps,Shadowmoon
670,338.9,307921627,11,Mists of Tirna Scithe,2024-11-18T15:54:02.000Z,1693475,1890999,1,"Xal'atath's Bargain: Ascendant, Tyrannical, Challenger's Peril, Fortified",Evilhunt,Hunter,Marksmanship,dps,Chillwind Point
670,338.9,307921627,11,Mists of Tirna Scithe,2024-11-18T15:54:02.000Z,1693475,1890999,1,"Xal'atath's Bargain: Ascendant, Tyrannical, Challenger's Peril, Fortified",穿衣顯瘦,Warrior,Protection,tank,Frostmane
670,338.9,307921627,11,Mists of Tirna Scithe,2024-11-18T15:54:02.000Z,1693475,1890999,1,"Xal'atath's Bargain: Ascendant, Tyrannical, Challenger's Peril, Fortified",村花包租婆,Shaman,Restoration,healer,Hellscream
670,338.9,307921627,11,Mists of Tirna Scithe,2024-11-18T15:54:02.000Z,1693475,1890999,1,"Xal'atath's Bargain: Ascendant, Tyrannical, Challenger's Peril, Fortified",天岩間別神,Paladin,Retribution,dps,Chillwind Point
671,338.9,303407201,11,Mists of Tirna Scithe,2024-10-28T12:46:32.000Z,1696014,1890999,1,"Xal'atath's Bargain: Ascendant, Fortified, Challenger's Peril, Tyrannical",慕容菲爾,Paladin,Retribution,dps,Whisperwind
671,338.9,303407201,11,Mists of Tirna Scithe,2024-10-28T12:46:32.000Z,1696014,1890999,1,"Xal'atath's Bargain: Ascendant, Fortified, Challenger's Peril, Tyrannical",處女之夜,Priest,Discipline,healer,Frostmane
671,338.9,303407201,11,Mists of Tirna Scithe,2024-10-28T12:46:32.000Z,1696014,1890999,1,"Xal'atath's Bargain: Ascendant, Fortified, Challenger's Peril, Tyrannical",百香果審判,Paladin,Protection,tank,Shadowmoon
671,338.9,303407201,11,Mists of Tirna Scithe,2024-10-28T12:46:32.000Z,1696014,1890999,1,"Xal'atath's Bargain: Ascendant, Fortified, Challenger's Peril, Tyrannical",九紋龍,Evoker,Augmentation,dps,Frostmane
671,338.9,303407201,11,Mists of Tirna Scithe,2024-10-28T12:46:32.000Z,1696014,1890999,1,"Xal'atath's Bargain: Ascendant, Fortified, Challenger's Peril, Tyrannical",Zr,Druid,Balance,dps,Shadowmoon
672,338.9,302928731,11,Mists of Tirna Scithe,2024-10-26T13:56:09.000Z,1696287,1890999,1,"Xal'atath's Bargain: Ascendant, Fortified, Challenger's Peril, Tyrannical",再濺就再見,Paladin,Protection,tank,Spirestone
672,338.9,302928731,11,Mists of Tirna Scithe,2024-10-26T13:56:09.000Z,1696287,1890999,1,"Xal'atath's Bargain: Ascendant, Fortified, Challenger's Peril, Tyrannical",樹上的伯爵,Evoker,Devastation,dps,Arthas
672,338.9,302928731,11,Mists of Tirna Scithe,2024-10-26T13:56:09.000Z,1696287,1890999,1,"Xal'atath's Bargain: Ascendant, Fortified, Challenger's Peril, Tyrannical",慕小虎,Rogue,Assassination,dps,Crystalpine Stinger
672,338.9,302928731,11,Mists of Tirna Scithe,2024-10-26T13:56:09.000Z,1696287,1890999,1,"Xal'atath's Bargain: Ascendant, Fortified, Challenger's Peril, Tyrannical",光年之外,Paladin,Retribution,dps,Silverwing Hold
672,338.9,302928731,11,Mists of Tirna Scithe,2024-10-26T13:56:09.000Z,1696287,1890999,1,"Xal'atath's Bargain: Ascendant, Fortified, Challenger's Peril, Tyrannical",比那明居天子,Shaman,Restoration,healer,Shadowmoon
673,338.9,307325863,11,Mists of Tirna Scithe,2024-11-15T15:27:14.000Z,1696527,1890999,1,"Xal'atath's Bargain: Ascendant, Tyrannical, Challenger's Peril, Fortified",艾亞戈斯,Death Knight,Frost,dps,Shadowmoon
673,338.9,307325863,11,Mists of Tirna Scithe,2024-11-15T15:27:14.000Z,1696527,1890999,1,"Xal'atath's Bargain: Ascendant, Tyrannical, Challenger's Peril, Fortified",瓏雲,Rogue,Assassination,dps,Sundown Marsh
673,338.9,307325863,11,Mists of Tirna Scithe,2024-11-15T15:27:14.000Z,1696527,1890999,1,"Xal'atath's Bargain: Ascendant, Tyrannical, Challenger's Peril, Fortified",法格納,Paladin,Protection,tank,Quel'dorei
673,338.9,307325863,11,Mists of Tirna Scithe,2024-11-15T15:27:14.000Z,1696527,1890999,1,"Xal'atath's Bargain: Ascendant, Tyrannical, Challenger's Peril, Fortified",Blackart,Druid,Restoration,healer,Wrathbringer
673,338.9,307325863,11,Mists of Tirna Scithe,2024-11-15T15:27:14.000Z,1696527,1890999,1,"Xal'atath's Bargain: Ascendant, Tyrannical, Challenger's Peril, Fortified",蹦巴鴨,Mage,Frost,dps,Skywall
674,338.8,303162433,11,Mists of Tirna Scithe,2024-10-27T11:11:27.000Z,1697078,1890999,1,"Xal'atath's Bargain: Ascendant, Fortified, Challenger's Peril, Tyrannical",骸小光,Mage,Frost,dps,Wrathbringer
674,338.8,303162433,11,Mists of Tirna Scithe,2024-10-27T11:11:27.000Z,1697078,1890999,1,"Xal'atath's Bargain: Ascendant, Fortified, Challenger's Peril, Tyrannical",夜星舞,Rogue,Assassination,dps,Chillwind Point
674,338.8,303162433,11,Mists of Tirna Scithe,2024-10-27T11:11:27.000Z,1697078,1890999,1,"Xal'atath's Bargain: Ascendant, Fortified, Challenger's Peril, Tyrannical",Alglol,Paladin,Protection,tank,Shadowmoon
674,338.8,303162433,11,Mists of Tirna Scithe,2024-10-27T11:11:27.000Z,1697078,1890999,1,"Xal'atath's Bargain: Ascendant, Fortified, Challenger's Peril, Tyrannical",Kralgin,Shaman,Restoration,healer,Whisperwind
674,338.8,303162433,11,Mists of Tirna Scithe,2024-10-27T11:11:27.000Z,1697078,1890999,1,"Xal'atath's Bargain: Ascendant, Fortified, Challenger's Peril, Tyrannical",霹靂啪啦蹦,Death Knight,Unholy,dps,Light's Hope
675,338.8,303394252,11,Mists of Tirna Scithe,2024-10-28T10:12:24.000Z,1698831,1890999,1,"Xal'atath's Bargain: Ascendant, Fortified, Challenger's Peril, Tyrannical",慕容菲爾,Paladin,Retribution,dps,Whisperwind
675,338.8,303394252,11,Mists of Tirna Scithe,2024-10-28T10:12:24.000Z,1698831,1890999,1,"Xal'atath's Bargain: Ascendant, Fortified, Challenger's Peril, Tyrannical",幻煌,Warrior,Fury,dps,Bleeding Hollow
675,338.8,303394252,11,Mists of Tirna Scithe,2024-10-28T10:12:24.000Z,1698831,1890999,1,"Xal'atath's Bargain: Ascendant, Fortified, Challenger's Peril, Tyrannical",Artanis,Druid,Guardian,tank,Crystalpine Stinger
675,338.8,303394252,11,Mists of Tirna Scithe,2024-10-28T10:12:24.000Z,1698831,1890999,1,"Xal'atath's Bargain: Ascendant, Fortified, Challenger's Peril, Tyrannical",阿霞燒肉飯,Shaman,Restoration,healer,Bleeding Hollow
675,338.8,303394252,11,Mists of Tirna Scithe,2024-10-28T10:12:24.000Z,1698831,1890999,1,"Xal'atath's Bargain: Ascendant, Fortified, Challenger's Peril, Tyrannical",風暴禿鼻鴉,Mage,Frost,dps,Crystalpine Stinger
676,338.8,307169180,11,Mists of Tirna Scithe,2024-11-14T15:05:20.000Z,1699152,1890999,1,"Xal'atath's Bargain: Ascendant, Tyrannical, Challenger's Peril, Fortified",快速球,Mage,Arcane,dps,Skywall
676,338.8,307169180,11,Mists of Tirna Scithe,2024-11-14T15:05:20.000Z,1699152,1890999,1,"Xal'atath's Bargain: Ascendant, Tyrannical, Challenger's Peril, Fortified",笨蛋小薩滿,Shaman,Enhancement,dps,Arygos
676,338.8,307169180,11,Mists of Tirna Scithe,2024-11-14T15:05:20.000Z,1699152,1890999,1,"Xal'atath's Bargain: Ascendant, Tyrannical, Challenger's Peril, Fortified",想忘了,Demon Hunter,Vengeance,tank,Sundown Marsh
676,338.8,307169180,11,Mists of Tirna Scithe,2024-11-14T15:05:20.000Z,1699152,1890999,1,"Xal'atath's Bargain: Ascendant, Tyrannical, Challenger's Peril, Fortified",縫粄大盒,Hunter,Survival,dps,World Tree
676,338.8,307169180,11,Mists of Tirna Scithe,2024-11-14T15:05:20.000Z,1699152,1890999,1,"Xal'atath's Bargain: Ascendant, Tyrannical, Challenger's Peril, Fortified",小魔女希索米,Shaman,Restoration,healer,Sundown Marsh
677,338.8,307480024,11,Mists of Tirna Scithe,2024-11-16T10:19:47.000Z,1701153,1890999,1,"Xal'atath's Bargain: Ascendant, Tyrannical, Challenger's Peril, Fortified",孍兒,Mage,Frost,dps,Bleeding Hollow
677,338.8,307480024,11,Mists of Tirna Scithe,2024-11-16T10:19:47.000Z,1701153,1890999,1,"Xal'atath's Bargain: Ascendant, Tyrannical, Challenger's Peril, Fortified",茶水弟弟,Priest,Discipline,healer,Whisperwind
677,338.8,307480024,11,Mists of Tirna Scithe,2024-11-16T10:19:47.000Z,1701153,1890999,1,"Xal'atath's Bargain: Ascendant, Tyrannical, Challenger's Peril, Fortified",九悔,Death Knight,Blood,tank,Icecrown
677,338.8,307480024,11,Mists of Tirna Scithe,2024-11-16T10:19:47.000Z,1701153,1890999,1,"Xal'atath's Bargain: Ascendant, Tyrannical, Challenger's Peril, Fortified",小紅手蛋蛋,Warrior,Fury,dps,Zealot Blade
677,338.8,307480024,11,Mists of Tirna Scithe,2024-11-16T10:19:47.000Z,1701153,1890999,1,"Xal'atath's Bargain: Ascendant, Tyrannical, Challenger's Peril, Fortified",新牛仔褲,Demon Hunter,Havoc,dps,Arthas
678,338.7,307676621,11,Mists of Tirna Scithe,2024-11-17T07:53:44.000Z,1701950,1890999,1,"Xal'atath's Bargain: Ascendant, Tyrannical, Challenger's Peril, Fortified",快樂虎,Paladin,Protection,tank,Crystalpine Stinger
678,338.7,307676621,11,Mists of Tirna Scithe,2024-11-17T07:53:44.000Z,1701950,1890999,1,"Xal'atath's Bargain: Ascendant, Tyrannical, Challenger's Peril, Fortified",拉卡尼休,Paladin,Retribution,dps,Wrathbringer
678,338.7,307676621,11,Mists of Tirna Scithe,2024-11-17T07:53:44.000Z,1701950,1890999,1,"Xal'atath's Bargain: Ascendant, Tyrannical, Challenger's Peril, Fortified",咖喱飯隊長,Shaman,Enhancement,dps,Crystalpine Stinger
678,338.7,307676621,11,Mists of Tirna Scithe,2024-11-17T07:53:44.000Z,1701950,1890999,1,"Xal'atath's Bargain: Ascendant, Tyrannical, Challenger's Peril, Fortified",凜冬,Death Knight,Unholy,dps,Crystalpine Stinger
678,338.7,307676621,11,Mists of Tirna Scithe,2024-11-17T07:53:44.000Z,1701950,1890999,1,"Xal'atath's Bargain: Ascendant, Tyrannical, Challenger's Peril, Fortified",土味情歌,Shaman,Restoration,healer,Stormscale
679,338.7,307914704,11,Mists of Tirna Scithe,2024-11-18T14:01:46.000Z,1702455,1890999,1,"Xal'atath's Bargain: Ascendant, Tyrannical, Challenger's Peril, Fortified",靡筑,Rogue,Assassination,dps,Light's Hope
679,338.7,307914704,11,Mists of Tirna Scithe,2024-11-18T14:01:46.000Z,1702455,1890999,1,"Xal'atath's Bargain: Ascendant, Tyrannical, Challenger's Peril, Fortified",解語花,Monk,Mistweaver,healer,Demon Fall Canyon
679,338.7,307914704,11,Mists of Tirna Scithe,2024-11-18T14:01:46.000Z,1702455,1890999,1,"Xal'atath's Bargain: Ascendant, Tyrannical, Challenger's Peril, Fortified",雪白泡芙,Warlock,Demonology,dps,Demon Fall Canyon
679,338.7,307914704,11,Mists of Tirna Scithe,2024-11-18T14:01:46.000Z,1702455,1890999,1,"Xal'atath's Bargain: Ascendant, Tyrannical, Challenger's Peril, Fortified",奧利奧,Druid,Guardian,tank,Sundown Marsh
679,338.7,307914704,11,Mists of Tirna Scithe,2024-11-18T14:01:46.000Z,1702455,1890999,1,"Xal'atath's Bargain: Ascendant, Tyrannical, Challenger's Peril, Fortified",梅川內依,Mage,Frost,dps,Demon Fall Canyon
680,338.7,304718184,11,Mists of Tirna Scithe,2024-11-16T15:27:10.000Z,1702541,1890999,1,"Xal'atath's Bargain: Ascendant, Tyrannical, Challenger's Peril, Fortified",奶樽,Paladin,Protection,tank,Quel'dorei
680,338.7,304718184,11,Mists of Tirna Scithe,2024-11-16T15:27:10.000Z,1702541,1890999,1,"Xal'atath's Bargain: Ascendant, Tyrannical, Challenger's Peril, Fortified",Saranghey,Rogue,Assassination,dps,Spirestone
680,338.7,304718184,11,Mists of Tirna Scithe,2024-11-16T15:27:10.000Z,1702541,1890999,1,"Xal'atath's Bargain: Ascendant, Tyrannical, Challenger's Peril, Fortified",Mykita,Paladin,Retribution,dps,Spirestone
680,338.7,304718184,11,Mists of Tirna Scithe,2024-11-16T15:27:10.000Z,1702541,1890999,1,"Xal'atath's Bargain: Ascendant, Tyrannical, Challenger's Peril, Fortified",部落甲種電匠,Shaman,Restoration,healer,Zealot Blade
680,338.7,304718184,11,Mists of Tirna Scithe,2024-11-16T15:27:10.000Z,1702541,1890999,1,"Xal'atath's Bargain: Ascendant, Tyrannical, Challenger's Peril, Fortified",再說啦,Shaman,Elemental,dps,Arthas
681,338.7,293551728,11,Mists of Tirna Scithe,2024-09-25T16:34:59.000Z,1702993,1890999,1,"Xal'atath's Bargain: Ascendant, Tyrannical, Challenger's Peril, Fortified",就只是雜魚,Warrior,Protection,tank,Bleeding Hollow
681,338.7,293551728,11,Mists of Tirna Scithe,2024-09-25T16:34:59.000Z,1702993,1890999,1,"Xal'atath's Bargain: Ascendant, Tyrannical, Challenger's Peril, Fortified",抹茶果凍-61464259,Shaman,Elemental,dps,Bleeding Hollow
681,338.7,293551728,11,Mists of Tirna Scithe,2024-09-25T16:34:59.000Z,1702993,1890999,1,"Xal'atath's Bargain: Ascendant, Tyrannical, Challenger's Peril, Fortified",燒燬-67536936,Mage,Arcane,dps,Frostmane
681,338.7,293551728,11,Mists of Tirna Scithe,2024-09-25T16:34:59.000Z,1702993,1890999,1,"Xal'atath's Bargain: Ascendant, Tyrannical, Challenger's Peril, Fortified",Martingarrix,Death Knight,Frost,dps,Frostmane
681,338.7,293551728,11,Mists of Tirna Scithe,2024-09-25T16:34:59.000Z,1702993,1890999,1,"Xal'atath's Bargain: Ascendant, Tyrannical, Challenger's Peril, Fortified",Kenji,Paladin,Holy,healer,Stormscale
682,338.7,308291436,11,Mists of Tirna Scithe,2024-11-20T15:10:26.000Z,1703127,1890999,1,"Xal'atath's Bargain: Ascendant, Tyrannical, Challenger's Peril, Fortified",白殿領域,Warlock,Destruction,dps,Arthas
682,338.7,308291436,11,Mists of Tirna Scithe,2024-11-20T15:10:26.000Z,1703127,1890999,1,"Xal'atath's Bargain: Ascendant, Tyrannical, Challenger's Peril, Fortified",Mirrorxtal,Demon Hunter,Havoc,dps,Arthas
682,338.7,308291436,11,Mists of Tirna Scithe,2024-11-20T15:10:26.000Z,1703127,1890999,1,"Xal'atath's Bargain: Ascendant, Tyrannical, Challenger's Peril, Fortified",阿修克羅夫特,Paladin,Retribution,dps,Sundown Marsh
682,338.7,308291436,11,Mists of Tirna Scithe,2024-11-20T15:10:26.000Z,1703127,1890999,1,"Xal'atath's Bargain: Ascendant, Tyrannical, Challenger's Peril, Fortified",桑榆,Shaman,Restoration,healer,Wrathbringer
682,338.7,308291436,11,Mists of Tirna Scithe,2024-11-20T15:10:26.000Z,1703127,1890999,1,"Xal'atath's Bargain: Ascendant, Tyrannical, Challenger's Peril, Fortified",Earthmedown,Paladin,Protection,tank,Frostmane
683,338.7,307143244,11,Mists of Tirna Scithe,2024-11-14T11:19:37.000Z,1704027,1890999,1,"Xal'atath's Bargain: Ascendant, Tyrannical, Challenger's Peril, Fortified",Cokecola,Paladin,Protection,tank,Stormscale
683,338.7,307143244,11,Mists of Tirna Scithe,2024-11-14T11:19:37.000Z,1704027,1890999,1,"Xal'atath's Bargain: Ascendant, Tyrannical, Challenger's Peril, Fortified",白銀諾艾爾,Paladin,Retribution,dps,Chillwind Point
683,338.7,307143244,11,Mists of Tirna Scithe,2024-11-14T11:19:37.000Z,1704027,1890999,1,"Xal'atath's Bargain: Ascendant, Tyrannical, Challenger's Peril, Fortified",嘉神川諾艾兒,Shaman,Restoration,healer,Icecrown
683,338.7,307143244,11,Mists of Tirna Scithe,2024-11-14T11:19:37.000Z,1704027,1890999,1,"Xal'atath's Bargain: Ascendant, Tyrannical, Challenger's Peril, Fortified",虛無精靈戰士,Warrior,Fury,dps,Sundown Marsh
683,338.7,307143244,11,Mists of Tirna Scithe,2024-11-14T11:19:37.000Z,1704027,1890999,1,"Xal'atath's Bargain: Ascendant, Tyrannical, Challenger's Peril, Fortified",混沌,Warlock,Destruction,dps,Menethil
684,338.7,302716464,11,Mists of Tirna Scithe,2024-10-25T15:30:04.000Z,1704794,1890999,1,"Xal'atath's Bargain: Ascendant, Fortified, Challenger's Peril, Tyrannical",亨耳氏套-55926429,Rogue,Assassination,dps,Frostmane
684,338.7,302716464,11,Mists of Tirna Scithe,2024-10-25T15:30:04.000Z,1704794,1890999,1,"Xal'atath's Bargain: Ascendant, Fortified, Challenger's Peril, Tyrannical",微笑飄飄,Warlock,Destruction,dps,Wrathbringer
684,338.7,302716464,11,Mists of Tirna Scithe,2024-10-25T15:30:04.000Z,1704794,1890999,1,"Xal'atath's Bargain: Ascendant, Fortified, Challenger's Peril, Tyrannical",踏山河啊杰,Hunter,Marksmanship,dps,Shadowmoon
684,338.7,302716464,11,Mists of Tirna Scithe,2024-10-25T15:30:04.000Z,1704794,1890999,1,"Xal'atath's Bargain: Ascendant, Fortified, Challenger's Peril, Tyrannical",咖啡被子,Shaman,Restoration,healer,Frostmane
684,338.7,302716464,11,Mists of Tirna Scithe,2024-10-25T15:30:04.000Z,1704794,1890999,1,"Xal'atath's Bargain: Ascendant, Fortified, Challenger's Peril, Tyrannical",莽撞大熱狗,Paladin,Protection,tank,Demon Fall Canyon
685,338.7,308087633,11,Mists of Tirna Scithe,2024-11-19T15:23:32.000Z,1705063,1890999,1,"Xal'atath's Bargain: Ascendant, Tyrannical, Challenger's Peril, Fortified",Lightn,Paladin,Retribution,dps,Light's Hope
685,338.7,308087633,11,Mists of Tirna Scithe,2024-11-19T15:23:32.000Z,1705063,1890999,1,"Xal'atath's Bargain: Ascendant, Tyrannical, Challenger's Peril, Fortified",雪花小喵喵,Death Knight,Frost,dps,Chillwind Point
685,338.7,308087633,11,Mists of Tirna Scithe,2024-11-19T15:23:32.000Z,1705063,1890999,1,"Xal'atath's Bargain: Ascendant, Tyrannical, Challenger's Peril, Fortified",宣璇舞,Shaman,Restoration,healer,Light's Hope
685,338.7,308087633,11,Mists of Tirna Scithe,2024-11-19T15:23:32.000Z,1705063,1890999,1,"Xal'atath's Bargain: Ascendant, Tyrannical, Challenger's Peril, Fortified",有雷慎入,Paladin,Protection,tank,Light's Hope
685,338.7,308087633,11,Mists of Tirna Scithe,2024-11-19T15:23:32.000Z,1705063,1890999,1,"Xal'atath's Bargain: Ascendant, Tyrannical, Challenger's Peril, Fortified",姬騎安潔莉卡,Paladin,Retribution,dps,Wrathbringer
686,338.7,302959455,11,Mists of Tirna Scithe,2024-10-26T15:27:36.000Z,1705211,1890999,1,"Xal'atath's Bargain: Ascendant, Fortified, Challenger's Peril, Tyrannical",幻殺月舞,Warrior,Protection,tank,Shadowmoon
686,338.7,302959455,11,Mists of Tirna Scithe,2024-10-26T15:27:36.000Z,1705211,1890999,1,"Xal'atath's Bargain: Ascendant, Fortified, Challenger's Peril, Tyrannical",應月茹,Mage,Fire,dps,Shadowmoon
686,338.7,302959455,11,Mists of Tirna Scithe,2024-10-26T15:27:36.000Z,1705211,1890999,1,"Xal'atath's Bargain: Ascendant, Fortified, Challenger's Peril, Tyrannical",Yuhin,Shaman,Restoration,healer,Shadowmoon
686,338.7,302959455,11,Mists of Tirna Scithe,2024-10-26T15:27:36.000Z,1705211,1890999,1,"Xal'atath's Bargain: Ascendant, Fortified, Challenger's Peril, Tyrannical",格里莫,Death Knight,Frost,dps,Shadowmoon
686,338.7,302959455,11,Mists of Tirna Scithe,2024-10-26T15:27:36.000Z,1705211,1890999,1,"Xal'atath's Bargain: Ascendant, Fortified, Challenger's Peril, Tyrannical",珮洛琳,Paladin,Retribution,dps,Shadowmoon
687,338.7,303413592,11,Mists of Tirna Scithe,2024-10-28T15:33:12.000Z,1705467,1890999,1,"Xal'atath's Bargain: Ascendant, Fortified, Challenger's Peril, Tyrannical",Emhyr,Death Knight,Frost,dps,Wrathbringer
687,338.7,303413592,11,Mists of Tirna Scithe,2024-10-28T15:33:12.000Z,1705467,1890999,1,"Xal'atath's Bargain: Ascendant, Fortified, Challenger's Peril, Tyrannical",Chiasma,Mage,Arcane,dps,Sundown Marsh
687,338.7,303413592,11,Mists of Tirna Scithe,2024-10-28T15:33:12.000Z,1705467,1890999,1,"Xal'atath's Bargain: Ascendant, Fortified, Challenger's Peril, Tyrannical",織花寄遠,Paladin,Retribution,dps,World Tree
687,338.7,303413592,11,Mists of Tirna Scithe,2024-10-28T15:33:12.000Z,1705467,1890999,1,"Xal'atath's Bargain: Ascendant, Fortified, Challenger's Peril, Tyrannical",妞妞德德,Druid,Guardian,tank,World Tree
687,338.7,303413592,11,Mists of Tirna Scithe,2024-10-28T15:33:12.000Z,1705467,1890999,1,"Xal'atath's Bargain: Ascendant, Fortified, Challenger's Peril, Tyrannical",拉萨之虎,Druid,Restoration,healer,Whisperwind
688,338.6,307121063,11,Mists of Tirna Scithe,2024-11-14T05:55:46.000Z,1707039,1890999,1,"Xal'atath's Bargain: Ascendant, Tyrannical, Challenger's Peril, Fortified",克勞奇,Druid,Restoration,healer,World Tree
688,338.6,307121063,11,Mists of Tirna Scithe,2024-11-14T05:55:46.000Z,1707039,1890999,1,"Xal'atath's Bargain: Ascendant, Tyrannical, Challenger's Peril, Fortified",Jarvinia,Warrior,Protection,tank,Shadowmoon
688,338.6,307121063,11,Mists of Tirna Scithe,2024-11-14T05:55:46.000Z,1707039,1890999,1,"Xal'atath's Bargain: Ascendant, Tyrannical, Challenger's Peril, Fortified",Jerjerjer,Warlock,Destruction,dps,World Tree
688,338.6,307121063,11,Mists of Tirna Scithe,2024-11-14T05:55:46.000Z,1707039,1890999,1,"Xal'atath's Bargain: Ascendant, Tyrannical, Challenger's Peril, Fortified",Leowo,Druid,Balance,dps,Arygos
688,338.6,307121063,11,Mists of Tirna Scithe,2024-11-14T05:55:46.000Z,1707039,1890999,1,"Xal'atath's Bargain: Ascendant, Tyrannical, Challenger's Peril, Fortified",熙婆婆,Shaman,Elemental,dps,World Tree
689,338.6,301111945,11,Mists of Tirna Scithe,2024-10-24T16:25:14.000Z,1707499,1890999,1,"Xal'atath's Bargain: Ascendant, Fortified, Challenger's Peril, Tyrannical",歲天殛,Shaman,Restoration,healer,Skywall
689,338.6,301111945,11,Mists of Tirna Scithe,2024-10-24T16:25:14.000Z,1707499,1890999,1,"Xal'atath's Bargain: Ascendant, Fortified, Challenger's Peril, Tyrannical",霸龍仔,Death Knight,Frost,dps,Chillwind Point
689,338.6,301111945,11,Mists of Tirna Scithe,2024-10-24T16:25:14.000Z,1707499,1890999,1,"Xal'atath's Bargain: Ascendant, Fortified, Challenger's Peril, Tyrannical",波旬,Paladin,Protection,tank,Wrathbringer
689,338.6,301111945,11,Mists of Tirna Scithe,2024-10-24T16:25:14.000Z,1707499,1890999,1,"Xal'atath's Bargain: Ascendant, Fortified, Challenger's Peril, Tyrannical",喪盡天良-156380233,Rogue,Outlaw,dps,Arthas
689,338.6,301111945,11,Mists of Tirna Scithe,2024-10-24T16:25:14.000Z,1707499,1890999,1,"Xal'atath's Bargain: Ascendant, Fortified, Challenger's Peril, Tyrannical",粗力,Paladin,Retribution,dps,Wrathbringer
690,338.6,307415192,11,Mists of Tirna Scithe,2024-11-16T00:18:42.000Z,1708573,1890999,1,"Xal'atath's Bargain: Ascendant, Tyrannical, Challenger's Peril, Fortified",破軍心,Death Knight,Frost,dps,Shadowmoon
690,338.6,307415192,11,Mists of Tirna Scithe,2024-11-16T00:18:42.000Z,1708573,1890999,1,"Xal'atath's Bargain: Ascendant, Tyrannical, Challenger's Peril, Fortified",母羊,Warlock,Demonology,dps,Crystalpine Stinger
690,338.6,307415192,11,Mists of Tirna Scithe,2024-11-16T00:18:42.000Z,1708573,1890999,1,"Xal'atath's Bargain: Ascendant, Tyrannical, Challenger's Peril, Fortified",歐斯麥,Paladin,Protection,tank,Spirestone
690,338.6,307415192,11,Mists of Tirna Scithe,2024-11-16T00:18:42.000Z,1708573,1890999,1,"Xal'atath's Bargain: Ascendant, Tyrannical, Challenger's Peril, Fortified",Pinkflöyd,Druid,Balance,dps,Nightsong
690,338.6,307415192,11,Mists of Tirna Scithe,2024-11-16T00:18:42.000Z,1708573,1890999,1,"Xal'atath's Bargain: Ascendant, Tyrannical, Challenger's Peril, Fortified",予璇,Priest,Holy,healer,Icecrown
691,338.6,302718461,11,Mists of Tirna Scithe,2024-10-25T16:06:31.000Z,1709571,1890999,1,"Xal'atath's Bargain: Ascendant, Fortified, Challenger's Peril, Tyrannical",剌阿,Demon Hunter,Havoc,dps,Nightsong
691,338.6,302718461,11,Mists of Tirna Scithe,2024-10-25T16:06:31.000Z,1709571,1890999,1,"Xal'atath's Bargain: Ascendant, Fortified, Challenger's Peril, Tyrannical",紫血雲彩,Priest,Holy,healer,Nightsong
691,338.6,302718461,11,Mists of Tirna Scithe,2024-10-25T16:06:31.000Z,1709571,1890999,1,"Xal'atath's Bargain: Ascendant, Fortified, Challenger's Peril, Tyrannical",武后假死抵抗,Death Knight,Blood,tank,Nightsong
691,338.6,302718461,11,Mists of Tirna Scithe,2024-10-25T16:06:31.000Z,1709571,1890999,1,"Xal'atath's Bargain: Ascendant, Fortified, Challenger's Peril, Tyrannical",慢慢公主,Paladin,Retribution,dps,World Tree
691,338.6,302718461,11,Mists of Tirna Scithe,2024-10-25T16:06:31.000Z,1709571,1890999,1,"Xal'atath's Bargain: Ascendant, Fortified, Challenger's Peril, Tyrannical",玥希,Death Knight,Frost,dps,Wrathbringer
692,338.6,303117043,11,Mists of Tirna Scithe,2024-10-27T05:23:15.000Z,1711075,1890999,1,"Xal'atath's Bargain: Ascendant, Fortified, Challenger's Peril, Tyrannical",凜日,Death Knight,Frost,dps,Whisperwind
692,338.6,303117043,11,Mists of Tirna Scithe,2024-10-27T05:23:15.000Z,1711075,1890999,1,"Xal'atath's Bargain: Ascendant, Fortified, Challenger's Peril, Tyrannical",蠟燭芯,Shaman,Restoration,healer,Chillwind Point
692,338.6,303117043,11,Mists of Tirna Scithe,2024-10-27T05:23:15.000Z,1711075,1890999,1,"Xal'atath's Bargain: Ascendant, Fortified, Challenger's Peril, Tyrannical",誓約之白翼,Warlock,Demonology,dps,Chillwind Point
692,338.6,303117043,11,Mists of Tirna Scithe,2024-10-27T05:23:15.000Z,1711075,1890999,1,"Xal'atath's Bargain: Ascendant, Fortified, Challenger's Peril, Tyrannical",舞告騷包,Death Knight,Blood,tank,Arygos
692,338.6,303117043,11,Mists of Tirna Scithe,2024-10-27T05:23:15.000Z,1711075,1890999,1,"Xal'atath's Bargain: Ascendant, Fortified, Challenger's Peril, Tyrannical",踏山河啊杰,Hunter,Marksmanship,dps,Shadowmoon
693,338.6,303439236,11,Mists of Tirna Scithe,2024-10-28T13:28:47.000Z,1711305,1890999,1,"Xal'atath's Bargain: Ascendant, Fortified, Challenger's Peril, Tyrannical",癡狂酒仙,Mage,Frost,dps,Whisperwind
693,338.6,303439236,11,Mists of Tirna Scithe,2024-10-28T13:28:47.000Z,1711305,1890999,1,"Xal'atath's Bargain: Ascendant, Fortified, Challenger's Peril, Tyrannical",進擊的玉米,Paladin,Retribution,dps,Silverwing Hold
693,338.6,303439236,11,Mists of Tirna Scithe,2024-10-28T13:28:47.000Z,1711305,1890999,1,"Xal'atath's Bargain: Ascendant, Fortified, Challenger's Peril, Tyrannical",Zetaker,Evoker,Devastation,dps,Arthas
693,338.6,303439236,11,Mists of Tirna Scithe,2024-10-28T13:28:47.000Z,1711305,1890999,1,"Xal'atath's Bargain: Ascendant, Fortified, Challenger's Peril, Tyrannical",Sorsalutis,Demon Hunter,Vengeance,tank,Bleeding Hollow
693,338.6,303439236,11,Mists of Tirna Scithe,2024-10-28T13:28:47.000Z,1711305,1890999,1,"Xal'atath's Bargain: Ascendant, Fortified, Challenger's Peril, Tyrannical",Umbreon,Druid,Restoration,healer,Zealot Blade
694,338.5,307158400,11,Mists of Tirna Scithe,2024-11-14T14:10:28.000Z,1712176,1890999,1,"Xal'atath's Bargain: Ascendant, Tyrannical, Challenger's Peril, Fortified",花青青,Druid,Restoration,healer,Demon Fall Canyon
694,338.5,307158400,11,Mists of Tirna Scithe,2024-11-14T14:10:28.000Z,1712176,1890999,1,"Xal'atath's Bargain: Ascendant, Tyrannical, Challenger's Peril, Fortified",Pcr,Paladin,Protection,tank,Nightsong
694,338.5,307158400,11,Mists of Tirna Scithe,2024-11-14T14:10:28.000Z,1712176,1890999,1,"Xal'atath's Bargain: Ascendant, Tyrannical, Challenger's Peril, Fortified",塔根沃斯,Evoker,Augmentation,dps,Shadowmoon
694,338.5,307158400,11,Mists of Tirna Scithe,2024-11-14T14:10:28.000Z,1712176,1890999,1,"Xal'atath's Bargain: Ascendant, Tyrannical, Challenger's Peril, Fortified",芭樂罐頭,Shaman,Enhancement,dps,Arthas
694,338.5,307158400,11,Mists of Tirna Scithe,2024-11-14T14:10:28.000Z,1712176,1890999,1,"Xal'atath's Bargain: Ascendant, Tyrannical, Challenger's Peril, Fortified",泰蘭,Death Knight,Unholy,dps,Demon Fall Canyon
695,338.5,303617958,11,Mists of Tirna Scithe,2024-10-29T11:25:54.000Z,1714527,1890999,1,"Xal'atath's Bargain: Ascendant, Fortified, Challenger's Peril, Tyrannical",Kennylop,Warlock,Destruction,dps,Whisperwind
695,338.5,303617958,11,Mists of Tirna Scithe,2024-10-29T11:25:54.000Z,1714527,1890999,1,"Xal'atath's Bargain: Ascendant, Fortified, Challenger's Peril, Tyrannical",Sybil,Paladin,Holy,healer,Shadowmoon
695,338.5,303617958,11,Mists of Tirna Scithe,2024-10-29T11:25:54.000Z,1714527,1890999,1,"Xal'atath's Bargain: Ascendant, Fortified, Challenger's Peril, Tyrannical",Elmos,Shaman,Enhancement,dps,Arygos
695,338.5,303617958,11,Mists of Tirna Scithe,2024-10-29T11:25:54.000Z,1714527,1890999,1,"Xal'atath's Bargain: Ascendant, Fortified, Challenger's Peril, Tyrannical",Servantsaber,Paladin,Protection,tank,Crystalpine Stinger
695,338.5,303617958,11,Mists of Tirna Scithe,2024-10-29T11:25:54.000Z,1714527,1890999,1,"Xal'atath's Bargain: Ascendant, Fortified, Challenger's Peril, Tyrannical",多汁少女,Paladin,Retribution,dps,Stormscale
696,338.5,302711543,11,Mists of Tirna Scithe,2024-10-25T16:21:54.000Z,1716268,1890999,1,"Xal'atath's Bargain: Ascendant, Fortified, Challenger's Peril, Tyrannical",醜八怪大貝貝,Death Knight,Frost,dps,Sundown Marsh
696,338.5,302711543,11,Mists of Tirna Scithe,2024-10-25T16:21:54.000Z,1716268,1890999,1,"Xal'atath's Bargain: Ascendant, Fortified, Challenger's Peril, Tyrannical",Bloodybyss,Shaman,Elemental,dps,Sundown Marsh
696,338.5,302711543,11,Mists of Tirna Scithe,2024-10-25T16:21:54.000Z,1716268,1890999,1,"Xal'atath's Bargain: Ascendant, Fortified, Challenger's Peril, Tyrannical",大馬哈,Paladin,Retribution,dps,Demon Fall Canyon
696,338.5,302711543,11,Mists of Tirna Scithe,2024-10-25T16:21:54.000Z,1716268,1890999,1,"Xal'atath's Bargain: Ascendant, Fortified, Challenger's Peril, Tyrannical",Husm,Shaman,Restoration,healer,Sundown Marsh
696,338.5,302711543,11,Mists of Tirna Scithe,2024-10-25T16:21:54.000Z,1716268,1890999,1,"Xal'atath's Bargain: Ascendant, Fortified, Challenger's Peril, Tyrannical",櫻華月響,Death Knight,Blood,tank,Sundown Marsh
697,338.5,302712075,11,Mists of Tirna Scithe,2024-10-25T09:12:08.000Z,1716789,1890999,1,"Xal'atath's Bargain: Ascendant, Fortified, Challenger's Peril, Tyrannical",呵呵操盤魚,Monk,Windwalker,dps,Shadowmoon
697,338.5,302712075,11,Mists of Tirna Scithe,2024-10-25T09:12:08.000Z,1716789,1890999,1,"Xal'atath's Bargain: Ascendant, Fortified, Challenger's Peril, Tyrannical",布影憐星,Shaman,Restoration,healer,Crystalpine Stinger
697,338.5,302712075,11,Mists of Tirna Scithe,2024-10-25T09:12:08.000Z,1716789,1890999,1,"Xal'atath's Bargain: Ascendant, Fortified, Challenger's Peril, Tyrannical",努努的慈悲,Druid,Guardian,tank,Bleeding Hollow
697,338.5,302712075,11,Mists of Tirna Scithe,2024-10-25T09:12:08.000Z,1716789,1890999,1,"Xal'atath's Bargain: Ascendant, Fortified, Challenger's Peril, Tyrannical",Magicprince,Warrior,Fury,dps,Menethil
697,338.5,302712075,11,Mists of Tirna Scithe,2024-10-25T09:12:08.000Z,1716789,1890999,1,"Xal'atath's Bargain: Ascendant, Fortified, Challenger's Peril, Tyrannical",Niffler,Rogue,Assassination,dps,Arthas
698,338.4,307327674,11,Mists of Tirna Scithe,2024-11-15T15:40:34.000Z,1718582,1890999,1,"Xal'atath's Bargain: Ascendant, Tyrannical, Challenger's Peril, Fortified",超究魔壽司,Warlock,Demonology,dps,Crystalpine Stinger
698,338.4,307327674,11,Mists of Tirna Scithe,2024-11-15T15:40:34.000Z,1718582,1890999,1,"Xal'atath's Bargain: Ascendant, Tyrannical, Challenger's Peril, Fortified",葛蘿莉亞,Shaman,Restoration,healer,Crystalpine Stinger
698,338.4,307327674,11,Mists of Tirna Scithe,2024-11-15T15:40:34.000Z,1718582,1890999,1,"Xal'atath's Bargain: Ascendant, Tyrannical, Challenger's Peril, Fortified",荷朵芭,Demon Hunter,Havoc,dps,Wrathbringer
698,338.4,307327674,11,Mists of Tirna Scithe,2024-11-15T15:40:34.000Z,1718582,1890999,1,"Xal'atath's Bargain: Ascendant, Tyrannical, Challenger's Peril, Fortified",肥肚大叔,Death Knight,Blood,tank,Chillwind Point
698,338.4,307327674,11,Mists of Tirna Scithe,2024-11-15T15:40:34.000Z,1718582,1890999,1,"Xal'atath's Bargain: Ascendant, Tyrannical, Challenger's Peril, Fortified",邪惡的-231119021,Death Knight,Frost,dps,Menethil
699,338.4,307735160,11,Mists of Tirna Scithe,2024-11-17T15:44:24.000Z,1718678,1890999,1,"Xal'atath's Bargain: Ascendant, Tyrannical, Challenger's Peril, Fortified",狼躍月,Shaman,Enhancement,dps,Crystalpine Stinger
699,338.4,307735160,11,Mists of Tirna Scithe,2024-11-17T15:44:24.000Z,1718678,1890999,1,"Xal'atath's Bargain: Ascendant, Tyrannical, Challenger's Peril, Fortified",觀禮僻士,Rogue,Assassination,dps,Nightsong
699,338.4,307735160,11,Mists of Tirna Scithe,2024-11-17T15:44:24.000Z,1718678,1890999,1,"Xal'atath's Bargain: Ascendant, Tyrannical, Challenger's Peril, Fortified",Supermonk,Monk,Mistweaver,healer,Arygos
699,338.4,307735160,11,Mists of Tirna Scithe,2024-11-17T15:44:24.000Z,1718678,1890999,1,"Xal'atath's Bargain: Ascendant, Tyrannical, Challenger's Peril, Fortified",吮指原味咕,Druid,Guardian,tank,Nightsong
699,338.4,307735160,11,Mists of Tirna Scithe,2024-11-17T15:44:24.000Z,1718678,1890999,1,"Xal'atath's Bargain: Ascendant, Tyrannical, Challenger's Peril, Fortified",Mask,Paladin,Retribution,dps,Arygos
700,338.4,302706816,11,Mists of Tirna Scithe,2024-10-25T01:24:06.000Z,1718925,1890999,1,"Xal'atath's Bargain: Ascendant, Fortified, Challenger's Peril, Tyrannical",Sullivenevo,Evoker,Augmentation,dps,Arthas
700,338.4,302706816,11,Mists of Tirna Scithe,2024-10-25T01:24:06.000Z,1718925,1890999,1,"Xal'atath's Bargain: Ascendant, Fortified, Challenger's Peril, Tyrannical",波奇醬融化了,Shaman,Elemental,dps,Light's Hope
700,338.4,302706816,11,Mists of Tirna Scithe,2024-10-25T01:24:06.000Z,1718925,1890999,1,"Xal'atath's Bargain: Ascendant, Fortified, Challenger's Peril, Tyrannical",Ktki,Warrior,Protection,tank,Crystalpine Stinger
700,338.4,302706816,11,Mists of Tirna Scithe,2024-10-25T01:24:06.000Z,1718925,1890999,1,"Xal'atath's Bargain: Ascendant, Fortified, Challenger's Peril, Tyrannical",嗔言者,Shaman,Restoration,healer,Crystalpine Stinger
700,338.4,302706816,11,Mists of Tirna Scithe,2024-10-25T01:24:06.000Z,1718925,1890999,1,"Xal'atath's Bargain: Ascendant, Fortified, Challenger's Peril, Tyrannical",梟之聖羽,Paladin,Retribution,dps,Shadowmoon
701,338.4,303375804,11,Mists of Tirna Scithe,2024-10-28T06:26:37.000Z,1720681,1890999,1,"Xal'atath's Bargain: Ascendant, Fortified, Challenger's Peril, Tyrannical",欸桑,Paladin,Retribution,dps,Light's Hope
701,338.4,303375804,11,Mists of Tirna Scithe,2024-10-28T06:26:37.000Z,1720681,1890999,1,"Xal'atath's Bargain: Ascendant, Fortified, Challenger's Peril, Tyrannical",一零一絞肉機,Death Knight,Unholy,dps,Light's Hope
701,338.4,303375804,11,Mists of Tirna Scithe,2024-10-28T06:26:37.000Z,1720681,1890999,1,"Xal'atath's Bargain: Ascendant, Fortified, Challenger's Peril, Tyrannical",霜凍之楓,Death Knight,Frost,dps,Light's Hope
701,338.4,303375804,11,Mists of Tirna Scithe,2024-10-28T06:26:37.000Z,1720681,1890999,1,"Xal'atath's Bargain: Ascendant, Fortified, Challenger's Peril, Tyrannical",沐曦,Shaman,Restoration,healer,Light's Hope
701,338.4,303375804,11,Mists of Tirna Scithe,2024-10-28T06:26:37.000Z,1720681,1890999,1,"Xal'atath's Bargain: Ascendant, Fortified, Challenger's Peril, Tyrannical",Raw,Paladin,Protection,tank,Light's Hope
702,338.4,307178839,11,Mists of Tirna Scithe,2024-11-14T17:09:46.000Z,1720868,1890999,1,"Xal'atath's Bargain: Ascendant, Tyrannical, Challenger's Peril, Fortified",衰左之男,Paladin,Protection,tank,Crystalpine Stinger
702,338.4,307178839,11,Mists of Tirna Scithe,2024-11-14T17:09:46.000Z,1720868,1890999,1,"Xal'atath's Bargain: Ascendant, Tyrannical, Challenger's Peril, Fortified",小慧怡,Hunter,Beast Mastery,dps,Crystalpine Stinger
702,338.4,307178839,11,Mists of Tirna Scithe,2024-11-14T17:09:46.000Z,1720868,1890999,1,"Xal'atath's Bargain: Ascendant, Tyrannical, Challenger's Peril, Fortified",沐牧,Priest,Discipline,healer,Shadowmoon
702,338.4,307178839,11,Mists of Tirna Scithe,2024-11-14T17:09:46.000Z,1720868,1890999,1,"Xal'atath's Bargain: Ascendant, Tyrannical, Challenger's Peril, Fortified",淡紫色的回憶,Paladin,Retribution,dps,Crystalpine Stinger
702,338.4,307178839,11,Mists of Tirna Scithe,2024-11-14T17:09:46.000Z,1720868,1890999,1,"Xal'atath's Bargain: Ascendant, Tyrannical, Challenger's Peril, Fortified",天桐,Shaman,Elemental,dps,Crystalpine Stinger
703,338.4,307560811,11,Mists of Tirna Scithe,2024-11-16T19:26:37.000Z,1721334,1890999,1,"Xal'atath's Bargain: Ascendant, Tyrannical, Challenger's Peril, Fortified",新東方廚師,Warrior,Protection,tank,Hellscream
703,338.4,307560811,11,Mists of Tirna Scithe,2024-11-16T19:26:37.000Z,1721334,1890999,1,"Xal'atath's Bargain: Ascendant, Tyrannical, Challenger's Peril, Fortified",英雄不是我,Priest,Discipline,healer,Arthas
703,338.4,307560811,11,Mists of Tirna Scithe,2024-11-16T19:26:37.000Z,1721334,1890999,1,"Xal'atath's Bargain: Ascendant, Tyrannical, Challenger's Peril, Fortified",度蘭寧,Death Knight,Frost,dps,Wrathbringer
703,338.4,307560811,11,Mists of Tirna Scithe,2024-11-16T19:26:37.000Z,1721334,1890999,1,"Xal'atath's Bargain: Ascendant, Tyrannical, Challenger's Peril, Fortified",眼底丶,Priest,Shadow,dps,Icecrown
703,338.4,307560811,11,Mists of Tirna Scithe,2024-11-16T19:26:37.000Z,1721334,1890999,1,"Xal'atath's Bargain: Ascendant, Tyrannical, Challenger's Peril, Fortified",活著就是死,Mage,Frost,dps,Hellscream
704,338.4,303407904,11,Mists of Tirna Scithe,2024-10-28T09:37:20.000Z,1721485,1890999,1,"Xal'atath's Bargain: Ascendant, Fortified, Challenger's Peril, Tyrannical",熊熊也忘記,Priest,Discipline,healer,Sundown Marsh
704,338.4,303407904,11,Mists of Tirna Scithe,2024-10-28T09:37:20.000Z,1721485,1890999,1,"Xal'atath's Bargain: Ascendant, Fortified, Challenger's Peril, Tyrannical",旲楓,Druid,Guardian,tank,Sundown Marsh
704,338.4,303407904,11,Mists of Tirna Scithe,2024-10-28T09:37:20.000Z,1721485,1890999,1,"Xal'atath's Bargain: Ascendant, Fortified, Challenger's Peril, Tyrannical",超派鐵拳二,Shaman,Elemental,dps,Zealot Blade
704,338.4,303407904,11,Mists of Tirna Scithe,2024-10-28T09:37:20.000Z,1721485,1890999,1,"Xal'atath's Bargain: Ascendant, Fortified, Challenger's Peril, Tyrannical",见月艾上露,Rogue,Assassination,dps,Light's Hope
704,338.4,303407904,11,Mists of Tirna Scithe,2024-10-28T09:37:20.000Z,1721485,1890999,1,"Xal'atath's Bargain: Ascendant, Fortified, Challenger's Peril, Tyrannical",伊細旦,Paladin,Retribution,dps,Arygos
705,338.4,293360211,11,Mists of Tirna Scithe,2024-11-19T15:39:00.000Z,1721839,1890999,1,"Xal'atath's Bargain: Ascendant, Tyrannical, Challenger's Peril, Fortified",巫滅,Death Knight,Blood,tank,Hellscream
705,338.4,293360211,11,Mists of Tirna Scithe,2024-11-19T15:39:00.000Z,1721839,1890999,1,"Xal'atath's Bargain: Ascendant, Tyrannical, Challenger's Peril, Fortified",阿杜瓦,Shaman,Restoration,healer,Hellscream
705,338.4,293360211,11,Mists of Tirna Scithe,2024-11-19T15:39:00.000Z,1721839,1890999,1,"Xal'atath's Bargain: Ascendant, Tyrannical, Challenger's Peril, Fortified",黑死病人,Priest,Shadow,dps,Zealot Blade
705,338.4,293360211,11,Mists of Tirna Scithe,2024-11-19T15:39:00.000Z,1721839,1890999,1,"Xal'atath's Bargain: Ascendant, Tyrannical, Challenger's Peril, Fortified",黑暗狂想曲,Paladin,Retribution,dps,Skywall
705,338.4,293360211,11,Mists of Tirna Scithe,2024-11-19T15:39:00.000Z,1721839,1890999,1,"Xal'atath's Bargain: Ascendant, Tyrannical, Challenger's Peril, Fortified",畢格蔚芙,Shaman,Enhancement,dps,Skywall
706,338.3,307474167,11,Mists of Tirna Scithe,2024-11-16T09:29:09.000Z,1722089,1890999,1,"Xal'atath's Bargain: Ascendant, Tyrannical, Challenger's Peril, Fortified",阚阑,Hunter,Survival,dps,Silverwing Hold
706,338.3,307474167,11,Mists of Tirna Scithe,2024-11-16T09:29:09.000Z,1722089,1890999,1,"Xal'atath's Bargain: Ascendant, Tyrannical, Challenger's Peril, Fortified",蓋拉德莉爾,Warlock,Demonology,dps,Sundown Marsh
706,338.3,307474167,11,Mists of Tirna Scithe,2024-11-16T09:29:09.000Z,1722089,1890999,1,"Xal'atath's Bargain: Ascendant, Tyrannical, Challenger's Peril, Fortified",山高水長,Warrior,Protection,tank,Wrathbringer
706,338.3,307474167,11,Mists of Tirna Scithe,2024-11-16T09:29:09.000Z,1722089,1890999,1,"Xal'atath's Bargain: Ascendant, Tyrannical, Challenger's Peril, Fortified",肉渣哥,Shaman,Restoration,healer,Hellscream
706,338.3,307474167,11,Mists of Tirna Scithe,2024-11-16T09:29:09.000Z,1722089,1890999,1,"Xal'atath's Bargain: Ascendant, Tyrannical, Challenger's Peril, Fortified",小雨傘,Paladin,Retribution,dps,Arthas
707,338.3,303854385,11,Mists of Tirna Scithe,2024-10-30T15:29:22.000Z,1722392,1890999,1,"Xal'atath's Bargain: Ascendant, Fortified, Challenger's Peril, Tyrannical",違者好底迪,Warlock,Destruction,dps,Nightsong
707,338.3,303854385,11,Mists of Tirna Scithe,2024-10-30T15:29:22.000Z,1722392,1890999,1,"Xal'atath's Bargain: Ascendant, Fortified, Challenger's Peril, Tyrannical",日影星耀,Paladin,Holy,healer,Wrathbringer
707,338.3,303854385,11,Mists of Tirna Scithe,2024-10-30T15:29:22.000Z,1722392,1890999,1,"Xal'atath's Bargain: Ascendant, Fortified, Challenger's Peril, Tyrannical",Blackzone,Druid,Guardian,tank,Nightsong
707,338.3,303854385,11,Mists of Tirna Scithe,2024-10-30T15:29:22.000Z,1722392,1890999,1,"Xal'atath's Bargain: Ascendant, Fortified, Challenger's Peril, Tyrannical",紫菁,Paladin,Retribution,dps,Nightsong
707,338.3,303854385,11,Mists of Tirna Scithe,2024-10-30T15:29:22.000Z,1722392,1890999,1,"Xal'atath's Bargain: Ascendant, Fortified, Challenger's Peril, Tyrannical",衣服很緊繃-206162144,Mage,Frost,dps,Dragonmaw
708,338.3,307682334,11,Mists of Tirna Scithe,2024-11-17T08:40:01.000Z,1723097,1890999,1,"Xal'atath's Bargain: Ascendant, Tyrannical, Challenger's Peril, Fortified",爺爺來了,Warrior,Protection,tank,Light's Hope
708,338.3,307682334,11,Mists of Tirna Scithe,2024-11-17T08:40:01.000Z,1723097,1890999,1,"Xal'atath's Bargain: Ascendant, Tyrannical, Challenger's Peril, Fortified",植物奶,Druid,Balance,dps,Light's Hope
708,338.3,307682334,11,Mists of Tirna Scithe,2024-11-17T08:40:01.000Z,1723097,1890999,1,"Xal'atath's Bargain: Ascendant, Tyrannical, Challenger's Peril, Fortified",江湖術士,Warlock,Affliction,dps,Demon Fall Canyon
708,338.3,307682334,11,Mists of Tirna Scithe,2024-11-17T08:40:01.000Z,1723097,1890999,1,"Xal'atath's Bargain: Ascendant, Tyrannical, Challenger's Peril, Fortified",愛爾洛特,Paladin,Retribution,dps,Skywall
708,338.3,307682334,11,Mists of Tirna Scithe,2024-11-17T08:40:01.000Z,1723097,1890999,1,"Xal'atath's Bargain: Ascendant, Tyrannical, Challenger's Peril, Fortified",Shadowrider,Druid,Restoration,healer,Light's Hope
709,338.3,303414281,11,Mists of Tirna Scithe,2024-10-27T14:54:07.000Z,1724076,1890999,1,"Xal'atath's Bargain: Ascendant, Fortified, Challenger's Peril, Tyrannical",囧丌鬼火,Druid,Restoration,healer,Silverwing Hold
709,338.3,303414281,11,Mists of Tirna Scithe,2024-10-27T14:54:07.000Z,1724076,1890999,1,"Xal'atath's Bargain: Ascendant, Fortified, Challenger's Peril, Tyrannical",苦命雞,Priest,Shadow,dps,Silverwing Hold
709,338.3,303414281,11,Mists of Tirna Scithe,2024-10-27T14:54:07.000Z,1724076,1890999,1,"Xal'atath's Bargain: Ascendant, Fortified, Challenger's Peril, Tyrannical",阻尼,Shaman,Elemental,dps,Silverwing Hold
709,338.3,303414281,11,Mists of Tirna Scithe,2024-10-27T14:54:07.000Z,1724076,1890999,1,"Xal'atath's Bargain: Ascendant, Fortified, Challenger's Peril, Tyrannical",羚孃嫴魉,Demon Hunter,Vengeance,tank,Silverwing Hold
709,338.3,303414281,11,Mists of Tirna Scithe,2024-10-27T14:54:07.000Z,1724076,1890999,1,"Xal'atath's Bargain: Ascendant, Fortified, Challenger's Peril, Tyrannical",Alexs,Death Knight,Frost,dps,Arthas
710,338.3,308084713,11,Mists of Tirna Scithe,2024-11-19T15:13:22.000Z,1725053,1890999,1,"Xal'atath's Bargain: Ascendant, Tyrannical, Challenger's Peril, Fortified",巴咘,Priest,Discipline,healer,Shadowmoon
710,338.3,308084713,11,Mists of Tirna Scithe,2024-11-19T15:13:22.000Z,1725053,1890999,1,"Xal'atath's Bargain: Ascendant, Tyrannical, Challenger's Peril, Fortified",封魔劍魂,Warrior,Fury,dps,Crystalpine Stinger
710,338.3,308084713,11,Mists of Tirna Scithe,2024-11-19T15:13:22.000Z,1725053,1890999,1,"Xal'atath's Bargain: Ascendant, Tyrannical, Challenger's Peril, Fortified",淘卡小巴瑞,Mage,Frost,dps,Nightsong
710,338.3,308084713,11,Mists of Tirna Scithe,2024-11-19T15:13:22.000Z,1725053,1890999,1,"Xal'atath's Bargain: Ascendant, Tyrannical, Challenger's Peril, Fortified",鳳來兒,Monk,Brewmaster,tank,World Tree
710,338.3,308084713,11,Mists of Tirna Scithe,2024-11-19T15:13:22.000Z,1725053,1890999,1,"Xal'atath's Bargain: Ascendant, Tyrannical, Challenger's Peril, Fortified",別叫大哥,Paladin,Retribution,dps,Spirestone
711,338.3,303834115,11,Mists of Tirna Scithe,2024-10-30T12:47:11.000Z,1725151,1890999,1,"Xal'atath's Bargain: Ascendant, Fortified, Challenger's Peril, Tyrannical",Boxuan,Hunter,Survival,dps,Sundown Marsh
711,338.3,303834115,11,Mists of Tirna Scithe,2024-10-30T12:47:11.000Z,1725151,1890999,1,"Xal'atath's Bargain: Ascendant, Fortified, Challenger's Peril, Tyrannical",初一十五休診,Shaman,Restoration,healer,Silverwing Hold
711,338.3,303834115,11,Mists of Tirna Scithe,2024-10-30T12:47:11.000Z,1725151,1890999,1,"Xal'atath's Bargain: Ascendant, Fortified, Challenger's Peril, Tyrannical",維夏,Paladin,Protection,tank,Whisperwind
711,338.3,303834115,11,Mists of Tirna Scithe,2024-10-30T12:47:11.000Z,1725151,1890999,1,"Xal'atath's Bargain: Ascendant, Fortified, Challenger's Peril, Tyrannical",嚕嚕娜,Demon Hunter,Havoc,dps,Shadowmoon
711,338.3,303834115,11,Mists of Tirna Scithe,2024-10-30T12:47:11.000Z,1725151,1890999,1,"Xal'atath's Bargain: Ascendant, Fortified, Challenger's Peril, Tyrannical",怪醫奇瓦戈,Warlock,Destruction,dps,Crystalpine Stinger
712,338.3,303421193,11,Mists of Tirna Scithe,2024-10-28T13:58:30.000Z,1725413,1890999,1,"Xal'atath's Bargain: Ascendant, Fortified, Challenger's Peril, Tyrannical",比蘿絲,Paladin,Retribution,dps,Sundown Marsh
712,338.3,303421193,11,Mists of Tirna Scithe,2024-10-28T13:58:30.000Z,1725413,1890999,1,"Xal'atath's Bargain: Ascendant, Fortified, Challenger's Peril, Tyrannical",Tcmlol,Hunter,Beast Mastery,dps,Sundown Marsh
712,338.3,303421193,11,Mists of Tirna Scithe,2024-10-28T13:58:30.000Z,1725413,1890999,1,"Xal'atath's Bargain: Ascendant, Fortified, Challenger's Peril, Tyrannical",Dunkel,Druid,Restoration,healer,Sundown Marsh
712,338.3,303421193,11,Mists of Tirna Scithe,2024-10-28T13:58:30.000Z,1725413,1890999,1,"Xal'atath's Bargain: Ascendant, Fortified, Challenger's Peril, Tyrannical",Blackpork,Rogue,Assassination,dps,Shadowmoon
712,338.3,303421193,11,Mists of Tirna Scithe,2024-10-28T13:58:30.000Z,1725413,1890999,1,"Xal'atath's Bargain: Ascendant, Fortified, Challenger's Peril, Tyrannical",Ykdawn,Warrior,Protection,tank,Sundown Marsh
713,338.3,303090494,11,Mists of Tirna Scithe,2024-10-27T02:46:53.000Z,1725661,1890999,1,"Xal'atath's Bargain: Ascendant, Fortified, Challenger's Peril, Tyrannical",請勿餵飼,Druid,Balance,dps,Quel'dorei
713,338.3,303090494,11,Mists of Tirna Scithe,2024-10-27T02:46:53.000Z,1725661,1890999,1,"Xal'atath's Bargain: Ascendant, Fortified, Challenger's Peril, Tyrannical",莫名之刃,Demon Hunter,Vengeance,tank,Shadowmoon
713,338.3,303090494,11,Mists of Tirna Scithe,2024-10-27T02:46:53.000Z,1725661,1890999,1,"Xal'atath's Bargain: Ascendant, Fortified, Challenger's Peril, Tyrannical",誰怕誰我死騎,Death Knight,Frost,dps,Hellscream
713,338.3,303090494,11,Mists of Tirna Scithe,2024-10-27T02:46:53.000Z,1725661,1890999,1,"Xal'atath's Bargain: Ascendant, Fortified, Challenger's Peril, Tyrannical",英勇工具人,Shaman,Enhancement,dps,Crystalpine Stinger
713,338.3,303090494,11,Mists of Tirna Scithe,2024-10-27T02:46:53.000Z,1725661,1890999,1,"Xal'atath's Bargain: Ascendant, Fortified, Challenger's Peril, Tyrannical",娃娃顯影,Druid,Restoration,healer,Demon Fall Canyon
714,338.3,302976395,11,Mists of Tirna Scithe,2024-10-26T16:45:56.000Z,1726769,1890999,1,"Xal'atath's Bargain: Ascendant, Fortified, Challenger's Peril, Tyrannical",五十二赫茲,Death Knight,Frost,dps,Sundown Marsh
714,338.3,302976395,11,Mists of Tirna Scithe,2024-10-26T16:45:56.000Z,1726769,1890999,1,"Xal'atath's Bargain: Ascendant, Fortified, Challenger's Peril, Tyrannical",議長空中跳水,Death Knight,Blood,tank,Sundown Marsh
714,338.3,302976395,11,Mists of Tirna Scithe,2024-10-26T16:45:56.000Z,1726769,1890999,1,"Xal'atath's Bargain: Ascendant, Fortified, Challenger's Peril, Tyrannical",插你滿滿,Shaman,Elemental,dps,Crystalpine Stinger
714,338.3,302976395,11,Mists of Tirna Scithe,2024-10-26T16:45:56.000Z,1726769,1890999,1,"Xal'atath's Bargain: Ascendant, Fortified, Challenger's Peril, Tyrannical",我是三點,Paladin,Retribution,dps,Skywall
714,338.3,302976395,11,Mists of Tirna Scithe,2024-10-26T16:45:56.000Z,1726769,1890999,1,"Xal'atath's Bargain: Ascendant, Fortified, Challenger's Peril, Tyrannical",珞绫,Priest,Discipline,healer,Arthas
715,338.2,303018190,11,Mists of Tirna Scithe,2024-10-26T20:24:15.000Z,1727675,1890999,1,"Xal'atath's Bargain: Ascendant, Fortified, Challenger's Peril, Tyrannical",郭滔一號,Mage,Frost,dps,Arygos
715,338.2,303018190,11,Mists of Tirna Scithe,2024-10-26T20:24:15.000Z,1727675,1890999,1,"Xal'atath's Bargain: Ascendant, Fortified, Challenger's Peril, Tyrannical",花漾明星,Priest,Holy,healer,Arthas
715,338.2,303018190,11,Mists of Tirna Scithe,2024-10-26T20:24:15.000Z,1727675,1890999,1,"Xal'atath's Bargain: Ascendant, Fortified, Challenger's Peril, Tyrannical",Hsio,Evoker,Augmentation,dps,Menethil
715,338.2,303018190,11,Mists of Tirna Scithe,2024-10-26T20:24:15.000Z,1727675,1890999,1,"Xal'atath's Bargain: Ascendant, Fortified, Challenger's Peril, Tyrannical",黑色猛牛法師,Shaman,Elemental,dps,Stormscale
715,338.2,303018190,11,Mists of Tirna Scithe,2024-10-26T20:24:15.000Z,1727675,1890999,1,"Xal'atath's Bargain: Ascendant, Fortified, Challenger's Peril, Tyrannical",任隨風,Paladin,Protection,tank,Demon Fall Canyon
716,338.2,307925542,11,Mists of Tirna Scithe,2024-11-18T16:07:29.000Z,1727739,1890999,1,"Xal'atath's Bargain: Ascendant, Tyrannical, Challenger's Peril, Fortified",御萩蕨餅,Paladin,Retribution,dps,Light's Hope
716,338.2,307925542,11,Mists of Tirna Scithe,2024-11-18T16:07:29.000Z,1727739,1890999,1,"Xal'atath's Bargain: Ascendant, Tyrannical, Challenger's Peril, Fortified",拉菲,Warrior,Protection,tank,Whisperwind
716,338.2,307925542,11,Mists of Tirna Scithe,2024-11-18T16:07:29.000Z,1727739,1890999,1,"Xal'atath's Bargain: Ascendant, Tyrannical, Challenger's Peril, Fortified",不過這樣,Mage,Arcane,dps,Light's Hope
716,338.2,307925542,11,Mists of Tirna Scithe,2024-11-18T16:07:29.000Z,1727739,1890999,1,"Xal'atath's Bargain: Ascendant, Tyrannical, Challenger's Peril, Fortified",薰雨风,Evoker,Preservation,healer,World Tree
716,338.2,307925542,11,Mists of Tirna Scithe,2024-11-18T16:07:29.000Z,1727739,1890999,1,"Xal'atath's Bargain: Ascendant, Tyrannical, Challenger's Peril, Fortified",污地可耕,Warlock,Affliction,dps,Arygos
717,338.2,307154495,11,Mists of Tirna Scithe,2024-11-14T13:57:09.000Z,1728062,1890999,1,"Xal'atath's Bargain: Ascendant, Tyrannical, Challenger's Peril, Fortified",滅魔天尊,Paladin,Retribution,dps,Light's Hope
717,338.2,307154495,11,Mists of Tirna Scithe,2024-11-14T13:57:09.000Z,1728062,1890999,1,"Xal'atath's Bargain: Ascendant, Tyrannical, Challenger's Peril, Fortified",不出橘的角色,Paladin,Protection,tank,World Tree
717,338.2,307154495,11,Mists of Tirna Scithe,2024-11-14T13:57:09.000Z,1728062,1890999,1,"Xal'atath's Bargain: Ascendant, Tyrannical, Challenger's Peril, Fortified",月梨花,Priest,Discipline,healer,Light's Hope
717,338.2,307154495,11,Mists of Tirna Scithe,2024-11-14T13:57:09.000Z,1728062,1890999,1,"Xal'atath's Bargain: Ascendant, Tyrannical, Challenger's Peril, Fortified",風杏語,Shaman,Elemental,dps,Skywall
717,338.2,307154495,11,Mists of Tirna Scithe,2024-11-14T13:57:09.000Z,1728062,1890999,1,"Xal'atath's Bargain: Ascendant, Tyrannical, Challenger's Peril, Fortified",黑暗月影,Mage,Frost,dps,Light's Hope
718,338.2,302948134,11,Mists of Tirna Scithe,2024-10-26T14:50:08.000Z,1728607,1890999,1,"Xal'atath's Bargain: Ascendant, Fortified, Challenger's Peril, Tyrannical",鹿兒,Druid,Guardian,tank,Sundown Marsh
718,338.2,302948134,11,Mists of Tirna Scithe,2024-10-26T14:50:08.000Z,1728607,1890999,1,"Xal'atath's Bargain: Ascendant, Fortified, Challenger's Peril, Tyrannical",Tszchunpala,Paladin,Retribution,dps,Shadowmoon
718,338.2,302948134,11,Mists of Tirna Scithe,2024-10-26T14:50:08.000Z,1728607,1890999,1,"Xal'atath's Bargain: Ascendant, Fortified, Challenger's Peril, Tyrannical",小冰哇,Shaman,Restoration,healer,Spirestone
718,338.2,302948134,11,Mists of Tirna Scithe,2024-10-26T14:50:08.000Z,1728607,1890999,1,"Xal'atath's Bargain: Ascendant, Fortified, Challenger's Peril, Tyrannical",Komainu,Mage,Frost,dps,Sundown Marsh
718,338.2,302948134,11,Mists of Tirna Scithe,2024-10-26T14:50:08.000Z,1728607,1890999,1,"Xal'atath's Bargain: Ascendant, Fortified, Challenger's Peril, Tyrannical",肥仔開倉,Death Knight,Frost,dps,Sundown Marsh
719,338.2,307728285,11,Mists of Tirna Scithe,2024-11-17T14:13:54.000Z,1730533,1890999,1,"Xal'atath's Bargain: Ascendant, Tyrannical, Challenger's Peril, Fortified",搞笑熊,Paladin,Holy,healer,Shadowmoon
719,338.2,307728285,11,Mists of Tirna Scithe,2024-11-17T14:13:54.000Z,1730533,1890999,1,"Xal'atath's Bargain: Ascendant, Tyrannical, Challenger's Peril, Fortified",我的兔子聯盟,Shaman,Enhancement,dps,Shadowmoon
719,338.2,307728285,11,Mists of Tirna Scithe,2024-11-17T14:13:54.000Z,1730533,1890999,1,"Xal'atath's Bargain: Ascendant, Tyrannical, Challenger's Peril, Fortified",風滔,Mage,Frost,dps,Shadowmoon
719,338.2,307728285,11,Mists of Tirna Scithe,2024-11-17T14:13:54.000Z,1730533,1890999,1,"Xal'atath's Bargain: Ascendant, Tyrannical, Challenger's Peril, Fortified",麻枝來打棒球,Druid,Guardian,tank,Shadowmoon
719,338.2,307728285,11,Mists of Tirna Scithe,2024-11-17T14:13:54.000Z,1730533,1890999,1,"Xal'atath's Bargain: Ascendant, Tyrannical, Challenger's Peril, Fortified",阿圖魯,Death Knight,Unholy,dps,Shadowmoon
720,338.2,307921972,11,Mists of Tirna Scithe,2024-11-18T15:50:03.000Z,1731161,1890999,1,"Xal'atath's Bargain: Ascendant, Tyrannical, Challenger's Peril, Fortified",鬧鬧吖,Paladin,Retribution,dps,Dragonmaw
720,338.2,307921972,11,Mists of Tirna Scithe,2024-11-18T15:50:03.000Z,1731161,1890999,1,"Xal'atath's Bargain: Ascendant, Tyrannical, Challenger's Peril, Fortified",檸檬蔓越莓,Paladin,Protection,tank,Zealot Blade
720,338.2,307921972,11,Mists of Tirna Scithe,2024-11-18T15:50:03.000Z,1731161,1890999,1,"Xal'atath's Bargain: Ascendant, Tyrannical, Challenger's Peril, Fortified",雪球貓,Priest,Holy,healer,Shadowmoon
720,338.2,307921972,11,Mists of Tirna Scithe,2024-11-18T15:50:03.000Z,1731161,1890999,1,"Xal'atath's Bargain: Ascendant, Tyrannical, Challenger's Peril, Fortified",烏薩奇,Shaman,Enhancement,dps,Arygos
720,338.2,307921972,11,Mists of Tirna Scithe,2024-11-18T15:50:03.000Z,1731161,1890999,1,"Xal'atath's Bargain: Ascendant, Tyrannical, Challenger's Peril, Fortified",Differential,Hunter,Marksmanship,dps,Zealot Blade
721,338.2,307669277,11,Mists of Tirna Scithe,2024-11-17T06:21:42.000Z,1731406,1890999,1,"Xal'atath's Bargain: Ascendant, Tyrannical, Challenger's Peril, Fortified",茶館抹茶,Paladin,Retribution,dps,Menethil
721,338.2,307669277,11,Mists of Tirna Scithe,2024-11-17T06:21:42.000Z,1731406,1890999,1,"Xal'atath's Bargain: Ascendant, Tyrannical, Challenger's Peril, Fortified",八十參,Warlock,Affliction,dps,Skywall
721,338.2,307669277,11,Mists of Tirna Scithe,2024-11-17T06:21:42.000Z,1731406,1890999,1,"Xal'atath's Bargain: Ascendant, Tyrannical, Challenger's Peril, Fortified",Paomipaladin,Paladin,Protection,tank,Shadowmoon
721,338.2,307669277,11,Mists of Tirna Scithe,2024-11-17T06:21:42.000Z,1731406,1890999,1,"Xal'atath's Bargain: Ascendant, Tyrannical, Challenger's Peril, Fortified",亦正亦邪,Demon Hunter,Havoc,dps,Dragonmaw
721,338.2,307669277,11,Mists of Tirna Scithe,2024-11-17T06:21:42.000Z,1731406,1890999,1,"Xal'atath's Bargain: Ascendant, Tyrannical, Challenger's Peril, Fortified",吸允娃,Priest,Holy,healer,Bleeding Hollow
722,338.2,303211128,11,Mists of Tirna Scithe,2024-10-27T15:45:55.000Z,1731960,1890999,1,"Xal'atath's Bargain: Ascendant, Fortified, Challenger's Peril, Tyrannical",五告蔡,Death Knight,Unholy,dps,Shadowmoon
722,338.2,303211128,11,Mists of Tirna Scithe,2024-10-27T15:45:55.000Z,1731960,1890999,1,"Xal'atath's Bargain: Ascendant, Fortified, Challenger's Peril, Tyrannical",能不能過,Warrior,Fury,dps,Zealot Blade
722,338.2,303211128,11,Mists of Tirna Scithe,2024-10-27T15:45:55.000Z,1731960,1890999,1,"Xal'atath's Bargain: Ascendant, Fortified, Challenger's Peril, Tyrannical",主打個浪漫,Warlock,Destruction,dps,Skywall
722,338.2,303211128,11,Mists of Tirna Scithe,2024-10-27T15:45:55.000Z,1731960,1890999,1,"Xal'atath's Bargain: Ascendant, Fortified, Challenger's Peril, Tyrannical",當逝人,Death Knight,Blood,tank,Chillwind Point
722,338.2,303211128,11,Mists of Tirna Scithe,2024-10-27T15:45:55.000Z,1731960,1890999,1,"Xal'atath's Bargain: Ascendant, Fortified, Challenger's Peril, Tyrannical",Xpecial,Shaman,Restoration,healer,Frostmane
723,338.1,303652687,11,Mists of Tirna Scithe,2024-10-29T16:13:42.000Z,1733978,1890999,1,"Xal'atath's Bargain: Ascendant, Fortified, Challenger's Peril, Tyrannical",Kasper,Mage,Frost,dps,Shadowmoon
723,338.1,303652687,11,Mists of Tirna Scithe,2024-10-29T16:13:42.000Z,1733978,1890999,1,"Xal'atath's Bargain: Ascendant, Fortified, Challenger's Peril, Tyrannical",烏龍綠去冰半,Paladin,Protection,tank,Wrathbringer
723,338.1,303652687,11,Mists of Tirna Scithe,2024-10-29T16:13:42.000Z,1733978,1890999,1,"Xal'atath's Bargain: Ascendant, Fortified, Challenger's Peril, Tyrannical",哈啾啾,Druid,Restoration,healer,Crystalpine Stinger
723,338.1,303652687,11,Mists of Tirna Scithe,2024-10-29T16:13:42.000Z,1733978,1890999,1,"Xal'atath's Bargain: Ascendant, Fortified, Challenger's Peril, Tyrannical",格里莫,Death Knight,Frost,dps,Shadowmoon
723,338.1,303652687,11,Mists of Tirna Scithe,2024-10-29T16:13:42.000Z,1733978,1890999,1,"Xal'atath's Bargain: Ascendant, Fortified, Challenger's Peril, Tyrannical",藍毛毛,Shaman,Elemental,dps,Quel'dorei
724,338.1,307851333,11,Mists of Tirna Scithe,2024-11-18T02:25:33.000Z,1734018,1890999,1,"Xal'atath's Bargain: Ascendant, Tyrannical, Challenger's Peril, Fortified",陽春白雪,Shaman,Restoration,healer,Spirestone
724,338.1,307851333,11,Mists of Tirna Scithe,2024-11-18T02:25:33.000Z,1734018,1890999,1,"Xal'atath's Bargain: Ascendant, Tyrannical, Challenger's Peril, Fortified",輕親的輕親,Warrior,Protection,tank,Arthas
724,338.1,307851333,11,Mists of Tirna Scithe,2024-11-18T02:25:33.000Z,1734018,1890999,1,"Xal'atath's Bargain: Ascendant, Tyrannical, Challenger's Peril, Fortified",Monkeypox,Paladin,Retribution,dps,Dragonmaw
724,338.1,307851333,11,Mists of Tirna Scithe,2024-11-18T02:25:33.000Z,1734018,1890999,1,"Xal'atath's Bargain: Ascendant, Tyrannical, Challenger's Peril, Fortified",Worrynedwhen,Mage,Frost,dps,Menethil
724,338.1,307851333,11,Mists of Tirna Scithe,2024-11-18T02:25:33.000Z,1734018,1890999,1,"Xal'atath's Bargain: Ascendant, Tyrannical, Challenger's Peril, Fortified",弒魔獵人,Demon Hunter,Havoc,dps,Crystalpine Stinger
725,338.1,307167804,11,Mists of Tirna Scithe,2024-11-14T15:11:10.000Z,1734876,1890999,1,"Xal'atath's Bargain: Ascendant, Tyrannical, Challenger's Peril, Fortified",小術波波,Warlock,Destruction,dps,Shadowmoon
725,338.1,307167804,11,Mists of Tirna Scithe,2024-11-14T15:11:10.000Z,1734876,1890999,1,"Xal'atath's Bargain: Ascendant, Tyrannical, Challenger's Peril, Fortified",小箏鳥,Druid,Restoration,healer,Shadowmoon
725,338.1,307167804,11,Mists of Tirna Scithe,2024-11-14T15:11:10.000Z,1734876,1890999,1,"Xal'atath's Bargain: Ascendant, Tyrannical, Challenger's Peril, Fortified",妖薩,Shaman,Enhancement,dps,Arthas
725,338.1,307167804,11,Mists of Tirna Scithe,2024-11-14T15:11:10.000Z,1734876,1890999,1,"Xal'atath's Bargain: Ascendant, Tyrannical, Challenger's Peril, Fortified",賽格特,Paladin,Protection,tank,Whisperwind
725,338.1,307167804,11,Mists of Tirna Scithe,2024-11-14T15:11:10.000Z,1734876,1890999,1,"Xal'atath's Bargain: Ascendant, Tyrannical, Challenger's Peril, Fortified",熊貓曲奇,Death Knight,Unholy,dps,Dragonmaw
726,338.1,308270636,11,Mists of Tirna Scithe,2024-11-20T12:55:33.000Z,1735040,1890999,1,"Xal'atath's Bargain: Ascendant, Tyrannical, Challenger's Peril, Fortified",飛爵,Paladin,Retribution,dps,Bleeding Hollow
726,338.1,308270636,11,Mists of Tirna Scithe,2024-11-20T12:55:33.000Z,1735040,1890999,1,"Xal'atath's Bargain: Ascendant, Tyrannical, Challenger's Peril, Fortified",Lucey,Warlock,Destruction,dps,Crystalpine Stinger
726,338.1,308270636,11,Mists of Tirna Scithe,2024-11-20T12:55:33.000Z,1735040,1890999,1,"Xal'atath's Bargain: Ascendant, Tyrannical, Challenger's Peril, Fortified",小茉莉,Paladin,Protection,tank,Sundown Marsh
726,338.1,308270636,11,Mists of Tirna Scithe,2024-11-20T12:55:33.000Z,1735040,1890999,1,"Xal'atath's Bargain: Ascendant, Tyrannical, Challenger's Peril, Fortified",卡莎柒朵,Death Knight,Frost,dps,Hellscream
726,338.1,308270636,11,Mists of Tirna Scithe,2024-11-20T12:55:33.000Z,1735040,1890999,1,"Xal'atath's Bargain: Ascendant, Tyrannical, Challenger's Peril, Fortified",桑榆,Shaman,Restoration,healer,Wrathbringer
727,338.1,307361899,11,Mists of Tirna Scithe,2024-11-15T19:01:07.000Z,1735686,1890999,1,"Xal'atath's Bargain: Ascendant, Tyrannical, Challenger's Peril, Fortified",Thanatosb,Mage,Frost,dps,Whisperwind
727,338.1,307361899,11,Mists of Tirna Scithe,2024-11-15T19:01:07.000Z,1735686,1890999,1,"Xal'atath's Bargain: Ascendant, Tyrannical, Challenger's Peril, Fortified",Fausd,Paladin,Retribution,dps,Bleeding Hollow
727,338.1,307361899,11,Mists of Tirna Scithe,2024-11-15T19:01:07.000Z,1735686,1890999,1,"Xal'atath's Bargain: Ascendant, Tyrannical, Challenger's Peril, Fortified",Thunderz,Shaman,Restoration,healer,Frostmane
727,338.1,307361899,11,Mists of Tirna Scithe,2024-11-15T19:01:07.000Z,1735686,1890999,1,"Xal'atath's Bargain: Ascendant, Tyrannical, Challenger's Peril, Fortified",歐斯麥,Paladin,Protection,tank,Spirestone
727,338.1,307361899,11,Mists of Tirna Scithe,2024-11-15T19:01:07.000Z,1735686,1890999,1,"Xal'atath's Bargain: Ascendant, Tyrannical, Challenger's Peril, Fortified",Wazzup,Shaman,Enhancement,dps,Chillwind Point
728,338.1,303844370,11,Mists of Tirna Scithe,2024-10-30T14:52:34.000Z,1735728,1890999,1,"Xal'atath's Bargain: Ascendant, Fortified, Challenger's Peril, Tyrannical",諸葛風,Shaman,Restoration,healer,Wrathbringer
728,338.1,303844370,11,Mists of Tirna Scithe,2024-10-30T14:52:34.000Z,1735728,1890999,1,"Xal'atath's Bargain: Ascendant, Fortified, Challenger's Peril, Tyrannical",Liudavid,Rogue,Outlaw,dps,Shadowmoon
728,338.1,303844370,11,Mists of Tirna Scithe,2024-10-30T14:52:34.000Z,1735728,1890999,1,"Xal'atath's Bargain: Ascendant, Fortified, Challenger's Peril, Tyrannical",神秘熊,Druid,Balance,dps,Shadowmoon
728,338.1,303844370,11,Mists of Tirna Scithe,2024-10-30T14:52:34.000Z,1735728,1890999,1,"Xal'atath's Bargain: Ascendant, Fortified, Challenger's Peril, Tyrannical",我的兔子聯盟,Shaman,Enhancement,dps,Shadowmoon
728,338.1,303844370,11,Mists of Tirna Scithe,2024-10-30T14:52:34.000Z,1735728,1890999,1,"Xal'atath's Bargain: Ascendant, Fortified, Challenger's Peril, Tyrannical",麻枝來打棒球,Druid,Guardian,tank,Shadowmoon
729,338.1,307535961,11,Mists of Tirna Scithe,2024-11-16T17:15:23.000Z,1736209,1890999,1,"Xal'atath's Bargain: Ascendant, Tyrannical, Challenger's Peril, Fortified",暗影死兩次,Shaman,Restoration,healer,Light's Hope
729,338.1,307535961,11,Mists of Tirna Scithe,2024-11-16T17:15:23.000Z,1736209,1890999,1,"Xal'atath's Bargain: Ascendant, Tyrannical, Challenger's Peril, Fortified",一零一絞肉機,Death Knight,Unholy,dps,Light's Hope
729,338.1,307535961,11,Mists of Tirna Scithe,2024-11-16T17:15:23.000Z,1736209,1890999,1,"Xal'atath's Bargain: Ascendant, Tyrannical, Challenger's Peril, Fortified",Tsukuyumi,Shaman,Enhancement,dps,Light's Hope
729,338.1,307535961,11,Mists of Tirna Scithe,2024-11-16T17:15:23.000Z,1736209,1890999,1,"Xal'atath's Bargain: Ascendant, Tyrannical, Challenger's Peril, Fortified",Raw,Paladin,Protection,tank,Light's Hope
729,338.1,307535961,11,Mists of Tirna Scithe,2024-11-16T17:15:23.000Z,1736209,1890999,1,"Xal'atath's Bargain: Ascendant, Tyrannical, Challenger's Peril, Fortified",Tungsten,Shaman,Elemental,dps,Light's Hope
730,338.1,307701169,11,Mists of Tirna Scithe,2024-11-17T12:01:06.000Z,1736774,1890999,1,"Xal'atath's Bargain: Ascendant, Tyrannical, Challenger's Peril, Fortified",音樂老師,Warrior,Protection,tank,Sundown Marsh
730,338.1,307701169,11,Mists of Tirna Scithe,2024-11-17T12:01:06.000Z,1736774,1890999,1,"Xal'atath's Bargain: Ascendant, Tyrannical, Challenger's Peril, Fortified",沁太郎,Warrior,Fury,dps,Shadowmoon
730,338.1,307701169,11,Mists of Tirna Scithe,2024-11-17T12:01:06.000Z,1736774,1890999,1,"Xal'atath's Bargain: Ascendant, Tyrannical, Challenger's Peril, Fortified",花旗,Hunter,Survival,dps,Chillwind Point
730,338.1,307701169,11,Mists of Tirna Scithe,2024-11-17T12:01:06.000Z,1736774,1890999,1,"Xal'atath's Bargain: Ascendant, Tyrannical, Challenger's Peril, Fortified",予璇,Priest,Holy,healer,Icecrown
730,338.1,307701169,11,Mists of Tirna Scithe,2024-11-17T12:01:06.000Z,1736774,1890999,1,"Xal'atath's Bargain: Ascendant, Tyrannical, Challenger's Peril, Fortified",元素安度因,Mage,Arcane,dps,World Tree
731,338,303430383,11,Mists of Tirna Scithe,2024-10-28T14:35:34.000Z,1737611,1890999,1,"Xal'atath's Bargain: Ascendant, Fortified, Challenger's Peril, Tyrannical",你老母的老牧,Priest,Discipline,healer,Arthas
731,338,303430383,11,Mists of Tirna Scithe,2024-10-28T14:35:34.000Z,1737611,1890999,1,"Xal'atath's Bargain: Ascendant, Fortified, Challenger's Peril, Tyrannical",火痕,Paladin,Retribution,dps,Arthas
731,338,303430383,11,Mists of Tirna Scithe,2024-10-28T14:35:34.000Z,1737611,1890999,1,"Xal'atath's Bargain: Ascendant, Fortified, Challenger's Peril, Tyrannical",包子薇妮,Hunter,Survival,dps,Arthas
731,338,303430383,11,Mists of Tirna Scithe,2024-10-28T14:35:34.000Z,1737611,1890999,1,"Xal'atath's Bargain: Ascendant, Fortified, Challenger's Peril, Tyrannical",霍恩黯日,Demon Hunter,Vengeance,tank,Hellscream
731,338,303430383,11,Mists of Tirna Scithe,2024-10-28T14:35:34.000Z,1737611,1890999,1,"Xal'atath's Bargain: Ascendant, Fortified, Challenger's Peril, Tyrannical",乾你娘-229234196,Shaman,Elemental,dps,Arthas
732,338,302494201,11,Mists of Tirna Scithe,2024-10-24T15:06:29.000Z,1738908,1890999,1,"Xal'atath's Bargain: Ascendant, Fortified, Challenger's Peril, Tyrannical",御韹犽,Demon Hunter,Vengeance,tank,Arthas
732,338,302494201,11,Mists of Tirna Scithe,2024-10-24T15:06:29.000Z,1738908,1890999,1,"Xal'atath's Bargain: Ascendant, Fortified, Challenger's Peril, Tyrannical",培根嘎火腿,Rogue,Assassination,dps,Frostmane
732,338,302494201,11,Mists of Tirna Scithe,2024-10-24T15:06:29.000Z,1738908,1890999,1,"Xal'atath's Bargain: Ascendant, Fortified, Challenger's Peril, Tyrannical",Mindblastbot,Priest,Discipline,healer,Wrathbringer
732,338,302494201,11,Mists of Tirna Scithe,2024-10-24T15:06:29.000Z,1738908,1890999,1,"Xal'atath's Bargain: Ascendant, Fortified, Challenger's Peril, Tyrannical",耀全,Death Knight,Frost,dps,Nightsong
732,338,302494201,11,Mists of Tirna Scithe,2024-10-24T15:06:29.000Z,1738908,1890999,1,"Xal'atath's Bargain: Ascendant, Fortified, Challenger's Peril, Tyrannical",殺迫狼,Paladin,Retribution,dps,Shadowmoon
733,338,307741692,11,Mists of Tirna Scithe,2024-11-17T16:15:23.000Z,1739496,1890999,1,"Xal'atath's Bargain: Ascendant, Tyrannical, Challenger's Peril, Fortified",專屬魔力,Paladin,Retribution,dps,Demon Fall Canyon
733,338,307741692,11,Mists of Tirna Scithe,2024-11-17T16:15:23.000Z,1739496,1890999,1,"Xal'atath's Bargain: Ascendant, Tyrannical, Challenger's Peril, Fortified",早晨,Demon Hunter,Vengeance,tank,Wrathbringer
733,338,307741692,11,Mists of Tirna Scithe,2024-11-17T16:15:23.000Z,1739496,1890999,1,"Xal'atath's Bargain: Ascendant, Tyrannical, Challenger's Peril, Fortified",祖傳大肉包,Shaman,Restoration,healer,Wrathbringer
733,338,307741692,11,Mists of Tirna Scithe,2024-11-17T16:15:23.000Z,1739496,1890999,1,"Xal'atath's Bargain: Ascendant, Tyrannical, Challenger's Peril, Fortified",Lorre,Druid,Balance,dps,Silverwing Hold
733,338,307741692,11,Mists of Tirna Scithe,2024-11-17T16:15:23.000Z,1739496,1890999,1,"Xal'atath's Bargain: Ascendant, Tyrannical, Challenger's Peril, Fortified",起司奶蓋泰泰,Death Knight,Frost,dps,Shadowmoon
734,338,307672512,11,Mists of Tirna Scithe,2024-11-17T07:14:03.000Z,1740413,1890999,1,"Xal'atath's Bargain: Ascendant, Tyrannical, Challenger's Peril, Fortified",艾爾梅瑞,Hunter,Beast Mastery,dps,Crystalpine Stinger
734,338,307672512,11,Mists of Tirna Scithe,2024-11-17T07:14:03.000Z,1740413,1890999,1,"Xal'atath's Bargain: Ascendant, Tyrannical, Challenger's Peril, Fortified",小愛喵喵,Shaman,Restoration,healer,Shadowmoon
734,338,307672512,11,Mists of Tirna Scithe,2024-11-17T07:14:03.000Z,1740413,1890999,1,"Xal'atath's Bargain: Ascendant, Tyrannical, Challenger's Peril, Fortified",Lucey,Warlock,Destruction,dps,Crystalpine Stinger
734,338,307672512,11,Mists of Tirna Scithe,2024-11-17T07:14:03.000Z,1740413,1890999,1,"Xal'atath's Bargain: Ascendant, Tyrannical, Challenger's Peril, Fortified",小茉莉,Paladin,Protection,tank,Sundown Marsh
734,338,307672512,11,Mists of Tirna Scithe,2024-11-17T07:14:03.000Z,1740413,1890999,1,"Xal'atath's Bargain: Ascendant, Tyrannical, Challenger's Peril, Fortified",百香綠茶,Evoker,Augmentation,dps,Skywall
735,338,303843801,11,Mists of Tirna Scithe,2024-10-30T13:45:36.000Z,1740500,1890999,1,"Xal'atath's Bargain: Ascendant, Fortified, Challenger's Peril, Tyrannical",妳看坦不了,Demon Hunter,Vengeance,tank,Menethil
735,338,303843801,11,Mists of Tirna Scithe,2024-10-30T13:45:36.000Z,1740500,1890999,1,"Xal'atath's Bargain: Ascendant, Fortified, Challenger's Peril, Tyrannical",愛伊莎貝拉,Paladin,Retribution,dps,Zealot Blade
735,338,303843801,11,Mists of Tirna Scithe,2024-10-30T13:45:36.000Z,1740500,1890999,1,"Xal'atath's Bargain: Ascendant, Fortified, Challenger's Peril, Tyrannical",光紗小舞,Priest,Discipline,healer,Chillwind Point
735,338,303843801,11,Mists of Tirna Scithe,2024-10-30T13:45:36.000Z,1740500,1890999,1,"Xal'atath's Bargain: Ascendant, Fortified, Challenger's Peril, Tyrannical",木秀愉林,Rogue,Assassination,dps,Arthas
735,338,303843801,11,Mists of Tirna Scithe,2024-10-30T13:45:36.000Z,1740500,1890999,1,"Xal'atath's Bargain: Ascendant, Fortified, Challenger's Peril, Tyrannical",二狗蛋之腿,Evoker,Augmentation,dps,Zealot Blade
736,338,303153048,11,Mists of Tirna Scithe,2024-10-27T10:34:32.000Z,1740900,1890999,1,"Xal'atath's Bargain: Ascendant, Fortified, Challenger's Peril, Tyrannical",任三郎,Paladin,Retribution,dps,Light's Hope
736,338,303153048,11,Mists of Tirna Scithe,2024-10-27T10:34:32.000Z,1740900,1890999,1,"Xal'atath's Bargain: Ascendant, Fortified, Challenger's Peril, Tyrannical",缺德曦,Druid,Guardian,tank,Sundown Marsh
736,338,303153048,11,Mists of Tirna Scithe,2024-10-27T10:34:32.000Z,1740900,1890999,1,"Xal'atath's Bargain: Ascendant, Fortified, Challenger's Peril, Tyrannical",大地炎黃,Paladin,Retribution,dps,Shadowmoon
736,338,303153048,11,Mists of Tirna Scithe,2024-10-27T10:34:32.000Z,1740900,1890999,1,"Xal'atath's Bargain: Ascendant, Fortified, Challenger's Peril, Tyrannical",若薇亞,Priest,Holy,healer,Shadowmoon
736,338,303153048,11,Mists of Tirna Scithe,2024-10-27T10:34:32.000Z,1740900,1890999,1,"Xal'atath's Bargain: Ascendant, Fortified, Challenger's Peril, Tyrannical",Cipherpika,Shaman,Elemental,dps,Sundown Marsh
737,338,307146471,11,Mists of Tirna Scithe,2024-11-14T12:09:57.000Z,1741249,1890999,1,"Xal'atath's Bargain: Ascendant, Tyrannical, Challenger's Peril, Fortified",赫利俄斯,Paladin,Retribution,dps,Shadowmoon
737,338,307146471,11,Mists of Tirna Scithe,2024-11-14T12:09:57.000Z,1741249,1890999,1,"Xal'atath's Bargain: Ascendant, Tyrannical, Challenger's Peril, Fortified",小霸王本王,Shaman,Restoration,healer,Stormscale
737,338,307146471,11,Mists of Tirna Scithe,2024-11-14T12:09:57.000Z,1741249,1890999,1,"Xal'atath's Bargain: Ascendant, Tyrannical, Challenger's Peril, Fortified",萬俟熙雨,Death Knight,Unholy,dps,Stormscale
737,338,307146471,11,Mists of Tirna Scithe,2024-11-14T12:09:57.000Z,1741249,1890999,1,"Xal'atath's Bargain: Ascendant, Tyrannical, Challenger's Peril, Fortified",怒咆哮,Warrior,Protection,tank,Stormscale
737,338,307146471,11,Mists of Tirna Scithe,2024-11-14T12:09:57.000Z,1741249,1890999,1,"Xal'atath's Bargain: Ascendant, Tyrannical, Challenger's Peril, Fortified",塔矢亮,Evoker,Augmentation,dps,Arthas
738,337.9,302492131,11,Mists of Tirna Scithe,2024-10-24T14:56:07.000Z,1743288,1890999,1,"Xal'atath's Bargain: Ascendant, Fortified, Challenger's Peril, Tyrannical",布魯迪卡,Rogue,Assassination,dps,Bleeding Hollow
738,337.9,302492131,11,Mists of Tirna Scithe,2024-10-24T14:56:07.000Z,1743288,1890999,1,"Xal'atath's Bargain: Ascendant, Fortified, Challenger's Peril, Tyrannical",Seita,Paladin,Protection,tank,Arygos
738,337.9,302492131,11,Mists of Tirna Scithe,2024-10-24T14:56:07.000Z,1743288,1890999,1,"Xal'atath's Bargain: Ascendant, Fortified, Challenger's Peril, Tyrannical",呂夢生,Warlock,Demonology,dps,Crystalpine Stinger
738,337.9,302492131,11,Mists of Tirna Scithe,2024-10-24T14:56:07.000Z,1743288,1890999,1,"Xal'atath's Bargain: Ascendant, Fortified, Challenger's Peril, Tyrannical",Cherudim,Death Knight,Frost,dps,Hellscream
738,337.9,302492131,11,Mists of Tirna Scithe,2024-10-24T14:56:07.000Z,1743288,1890999,1,"Xal'atath's Bargain: Ascendant, Fortified, Challenger's Peril, Tyrannical",Yshaman,Shaman,Restoration,healer,Wrathbringer
739,337.9,307686994,11,Mists of Tirna Scithe,2024-11-17T09:56:08.000Z,1745044,1890999,1,"Xal'atath's Bargain: Ascendant, Tyrannical, Challenger's Peril, Fortified",Azur,Paladin,Protection,tank,Bleeding Hollow
739,337.9,307686994,11,Mists of Tirna Scithe,2024-11-17T09:56:08.000Z,1745044,1890999,1,"Xal'atath's Bargain: Ascendant, Tyrannical, Challenger's Peril, Fortified",哥我是你隊友,Death Knight,Unholy,dps,Wrathbringer
739,337.9,307686994,11,Mists of Tirna Scithe,2024-11-17T09:56:08.000Z,1745044,1890999,1,"Xal'atath's Bargain: Ascendant, Tyrannical, Challenger's Peril, Fortified",沐雨曉風,Warlock,Destruction,dps,Skywall
739,337.9,307686994,11,Mists of Tirna Scithe,2024-11-17T09:56:08.000Z,1745044,1890999,1,"Xal'atath's Bargain: Ascendant, Tyrannical, Challenger's Peril, Fortified",波波力那貝貝,Priest,Discipline,healer,Sundown Marsh
739,337.9,307686994,11,Mists of Tirna Scithe,2024-11-17T09:56:08.000Z,1745044,1890999,1,"Xal'atath's Bargain: Ascendant, Tyrannical, Challenger's Peril, Fortified",Yipaladin,Paladin,Retribution,dps,Sundown Marsh
740,337.9,302518233,11,Mists of Tirna Scithe,2024-10-24T17:43:52.000Z,1745079,1890999,1,"Xal'atath's Bargain: Ascendant, Fortified, Challenger's Peril, Tyrannical",香乂穗,Shaman,Restoration,healer,Shadowmoon
740,337.9,302518233,11,Mists of Tirna Scithe,2024-10-24T17:43:52.000Z,1745079,1890999,1,"Xal'atath's Bargain: Ascendant, Fortified, Challenger's Peril, Tyrannical",艾霏洛,Demon Hunter,Havoc,dps,Arygos
740,337.9,302518233,11,Mists of Tirna Scithe,2024-10-24T17:43:52.000Z,1745079,1890999,1,"Xal'atath's Bargain: Ascendant, Fortified, Challenger's Peril, Tyrannical",小安熊鶴,Druid,Guardian,tank,Arygos
740,337.9,302518233,11,Mists of Tirna Scithe,2024-10-24T17:43:52.000Z,1745079,1890999,1,"Xal'atath's Bargain: Ascendant, Fortified, Challenger's Peril, Tyrannical",一忘皆燼,Evoker,Augmentation,dps,World Tree
740,337.9,302518233,11,Mists of Tirna Scithe,2024-10-24T17:43:52.000Z,1745079,1890999,1,"Xal'atath's Bargain: Ascendant, Fortified, Challenger's Peril, Tyrannical",喵卡-229857939,Rogue,Outlaw,dps,Light's Hope
741,337.9,302714059,11,Mists of Tirna Scithe,2024-10-24T18:06:08.000Z,1745793,1890999,1,"Xal'atath's Bargain: Ascendant, Fortified, Challenger's Peril, Tyrannical",大文,Paladin,Protection,tank,Shadowmoon
741,337.9,302714059,11,Mists of Tirna Scithe,2024-10-24T18:06:08.000Z,1745793,1890999,1,"Xal'atath's Bargain: Ascendant, Fortified, Challenger's Peril, Tyrannical",Xjbb,Hunter,Survival,dps,Shadowmoon
741,337.9,302714059,11,Mists of Tirna Scithe,2024-10-24T18:06:08.000Z,1745793,1890999,1,"Xal'atath's Bargain: Ascendant, Fortified, Challenger's Peril, Tyrannical",Gawawa,Warlock,Destruction,dps,Shadowmoon
741,337.9,302714059,11,Mists of Tirna Scithe,2024-10-24T18:06:08.000Z,1745793,1890999,1,"Xal'atath's Bargain: Ascendant, Fortified, Challenger's Peril, Tyrannical",不然就分手啊,Priest,Discipline,healer,Whisperwind
741,337.9,302714059,11,Mists of Tirna Scithe,2024-10-24T18:06:08.000Z,1745793,1890999,1,"Xal'atath's Bargain: Ascendant, Fortified, Challenger's Peril, Tyrannical",已讀亂回,Mage,Arcane,dps,Whisperwind
742,337.9,303843447,11,Mists of Tirna Scithe,2024-10-30T14:12:35.000Z,1746629,1890999,1,"Xal'atath's Bargain: Ascendant, Fortified, Challenger's Peril, Tyrannical",兩招先落跑,Hunter,Survival,dps,Sundown Marsh
742,337.9,303843447,11,Mists of Tirna Scithe,2024-10-30T14:12:35.000Z,1746629,1890999,1,"Xal'atath's Bargain: Ascendant, Fortified, Challenger's Peril, Tyrannical",烏龍綠去冰半,Paladin,Retribution,dps,Wrathbringer
742,337.9,303843447,11,Mists of Tirna Scithe,2024-10-30T14:12:35.000Z,1746629,1890999,1,"Xal'atath's Bargain: Ascendant, Fortified, Challenger's Peril, Tyrannical",安塔麗,Paladin,Protection,tank,Wrathbringer
742,337.9,303843447,11,Mists of Tirna Scithe,2024-10-30T14:12:35.000Z,1746629,1890999,1,"Xal'atath's Bargain: Ascendant, Fortified, Challenger's Peril, Tyrannical",桃園吳君如,Shaman,Restoration,healer,Crystalpine Stinger
742,337.9,303843447,11,Mists of Tirna Scithe,2024-10-30T14:12:35.000Z,1746629,1890999,1,"Xal'atath's Bargain: Ascendant, Fortified, Challenger's Peril, Tyrannical",牧里昂,Warlock,Destruction,dps,Icecrown
743,337.8,307137525,11,Mists of Tirna Scithe,2024-11-14T09:51:22.000Z,1747373,1890999,1,"Xal'atath's Bargain: Ascendant, Tyrannical, Challenger's Peril, Fortified",靜謐之魂,Hunter,Beast Mastery,dps,World Tree
743,337.8,307137525,11,Mists of Tirna Scithe,2024-11-14T09:51:22.000Z,1747373,1890999,1,"Xal'atath's Bargain: Ascendant, Tyrannical, Challenger's Peril, Fortified",Ninee,Demon Hunter,Vengeance,tank,Sundown Marsh
743,337.8,307137525,11,Mists of Tirna Scithe,2024-11-14T09:51:22.000Z,1747373,1890999,1,"Xal'atath's Bargain: Ascendant, Tyrannical, Challenger's Peril, Fortified",狐嘎蝦嘎,Shaman,Elemental,dps,Bleeding Hollow
743,337.8,307137525,11,Mists of Tirna Scithe,2024-11-14T09:51:22.000Z,1747373,1890999,1,"Xal'atath's Bargain: Ascendant, Tyrannical, Challenger's Peril, Fortified",Wüstenfuchs,Shaman,Restoration,healer,Frostmane
743,337.8,307137525,11,Mists of Tirna Scithe,2024-11-14T09:51:22.000Z,1747373,1890999,1,"Xal'atath's Bargain: Ascendant, Tyrannical, Challenger's Peril, Fortified",二表哥,Paladin,Retribution,dps,Crystalpine Stinger
744,337.8,307476639,11,Mists of Tirna Scithe,2024-11-16T09:50:34.000Z,1747403,1890999,1,"Xal'atath's Bargain: Ascendant, Tyrannical, Challenger's Peril, Fortified",椰果西米露,Hunter,Survival,dps,Light's Hope
744,337.8,307476639,11,Mists of Tirna Scithe,2024-11-16T09:50:34.000Z,1747403,1890999,1,"Xal'atath's Bargain: Ascendant, Tyrannical, Challenger's Peril, Fortified",圖騰插不住,Shaman,Enhancement,dps,Light's Hope
744,337.8,307476639,11,Mists of Tirna Scithe,2024-11-16T09:50:34.000Z,1747403,1890999,1,"Xal'atath's Bargain: Ascendant, Tyrannical, Challenger's Peril, Fortified",路上三寶阿婆,Warrior,Arms,dps,Sundown Marsh
744,337.8,307476639,11,Mists of Tirna Scithe,2024-11-16T09:50:34.000Z,1747403,1890999,1,"Xal'atath's Bargain: Ascendant, Tyrannical, Challenger's Peril, Fortified",Cartier,Demon Hunter,Vengeance,tank,Light's Hope
744,337.8,307476639,11,Mists of Tirna Scithe,2024-11-16T09:50:34.000Z,1747403,1890999,1,"Xal'atath's Bargain: Ascendant, Tyrannical, Challenger's Peril, Fortified",Senshi,Shaman,Restoration,healer,Light's Hope
745,337.8,307318600,11,Mists of Tirna Scithe,2024-11-15T14:30:46.000Z,1747627,1890999,1,"Xal'atath's Bargain: Ascendant, Tyrannical, Challenger's Peril, Fortified",蓋毛毯純聊天,Shaman,Elemental,dps,Spirestone
745,337.8,307318600,11,Mists of Tirna Scithe,2024-11-15T14:30:46.000Z,1747627,1890999,1,"Xal'atath's Bargain: Ascendant, Tyrannical, Challenger's Peril, Fortified",明天晴,Paladin,Retribution,dps,Quel'dorei
745,337.8,307318600,11,Mists of Tirna Scithe,2024-11-15T14:30:46.000Z,1747627,1890999,1,"Xal'atath's Bargain: Ascendant, Tyrannical, Challenger's Peril, Fortified",七璇,Shaman,Restoration,healer,Icecrown
745,337.8,307318600,11,Mists of Tirna Scithe,2024-11-15T14:30:46.000Z,1747627,1890999,1,"Xal'atath's Bargain: Ascendant, Tyrannical, Challenger's Peril, Fortified",旅遊,Druid,Guardian,tank,Quel'dorei
745,337.8,307318600,11,Mists of Tirna Scithe,2024-11-15T14:30:46.000Z,1747627,1890999,1,"Xal'atath's Bargain: Ascendant, Tyrannical, Challenger's Peril, Fortified",沐嵐澄朵,Paladin,Retribution,dps,Sundown Marsh
746,337.8,307735626,11,Mists of Tirna Scithe,2024-11-17T15:46:41.000Z,1747630,1890999,1,"Xal'atath's Bargain: Ascendant, Tyrannical, Challenger's Peril, Fortified",專釣大二,Hunter,Marksmanship,dps,Sundown Marsh
746,337.8,307735626,11,Mists of Tirna Scithe,2024-11-17T15:46:41.000Z,1747630,1890999,1,"Xal'atath's Bargain: Ascendant, Tyrannical, Challenger's Peril, Fortified",你說酷不庫,Death Knight,Blood,tank,Sundown Marsh
746,337.8,307735626,11,Mists of Tirna Scithe,2024-11-17T15:46:41.000Z,1747630,1890999,1,"Xal'atath's Bargain: Ascendant, Tyrannical, Challenger's Peril, Fortified",焱光,Paladin,Retribution,dps,Frostmane
746,337.8,307735626,11,Mists of Tirna Scithe,2024-11-17T15:46:41.000Z,1747630,1890999,1,"Xal'atath's Bargain: Ascendant, Tyrannical, Challenger's Peril, Fortified",小酸奶,Shaman,Restoration,healer,Sundown Marsh
746,337.8,307735626,11,Mists of Tirna Scithe,2024-11-17T15:46:41.000Z,1747630,1890999,1,"Xal'atath's Bargain: Ascendant, Tyrannical, Challenger's Peril, Fortified",術起來,Warlock,Destruction,dps,Sundown Marsh
747,337.8,303222565,11,Mists of Tirna Scithe,2024-10-27T15:35:50.000Z,1748856,1890999,1,"Xal'atath's Bargain: Ascendant, Fortified, Challenger's Peril, Tyrannical",火之極,Mage,Frost,dps,Sundown Marsh
747,337.8,303222565,11,Mists of Tirna Scithe,2024-10-27T15:35:50.000Z,1748856,1890999,1,"Xal'atath's Bargain: Ascendant, Fortified, Challenger's Peril, Tyrannical",丫怪兒,Warrior,Protection,tank,Sundown Marsh
747,337.8,303222565,11,Mists of Tirna Scithe,2024-10-27T15:35:50.000Z,1748856,1890999,1,"Xal'atath's Bargain: Ascendant, Fortified, Challenger's Peril, Tyrannical",Dunkel,Druid,Restoration,healer,Sundown Marsh
747,337.8,303222565,11,Mists of Tirna Scithe,2024-10-27T15:35:50.000Z,1748856,1890999,1,"Xal'atath's Bargain: Ascendant, Fortified, Challenger's Peril, Tyrannical",站在大丸後,Hunter,Survival,dps,Sundown Marsh
747,337.8,303222565,11,Mists of Tirna Scithe,2024-10-27T15:35:50.000Z,1748856,1890999,1,"Xal'atath's Bargain: Ascendant, Fortified, Challenger's Peril, Tyrannical",Cruelwhisper,Death Knight,Frost,dps,Sundown Marsh
748,337.8,307701181,11,Mists of Tirna Scithe,2024-11-17T11:38:39.000Z,1748979,1890999,1,"Xal'atath's Bargain: Ascendant, Tyrannical, Challenger's Peril, Fortified",凜冬肆虐,Death Knight,Frost,dps,Nightsong
748,337.8,307701181,11,Mists of Tirna Scithe,2024-11-17T11:38:39.000Z,1748979,1890999,1,"Xal'atath's Bargain: Ascendant, Tyrannical, Challenger's Peril, Fortified",Cckenc,Druid,Restoration,healer,Skywall
748,337.8,307701181,11,Mists of Tirna Scithe,2024-11-17T11:38:39.000Z,1748979,1890999,1,"Xal'atath's Bargain: Ascendant, Tyrannical, Challenger's Peril, Fortified",Anon36A112E,Mage,Fire,dps,Anonymous
748,337.8,307701181,11,Mists of Tirna Scithe,2024-11-17T11:38:39.000Z,1748979,1890999,1,"Xal'atath's Bargain: Ascendant, Tyrannical, Challenger's Peril, Fortified",原聆聽,Paladin,Protection,tank,Silverwing Hold
748,337.8,307701181,11,Mists of Tirna Scithe,2024-11-17T11:38:39.000Z,1748979,1890999,1,"Xal'atath's Bargain: Ascendant, Tyrannical, Challenger's Peril, Fortified",妮可的哥哥,Rogue,Assassination,dps,Crystalpine Stinger
749,337.8,298671276,11,Mists of Tirna Scithe,2024-10-24T13:08:00.000Z,1750366,1890999,1,"Xal'atath's Bargain: Ascendant, Fortified, Challenger's Peril, Tyrannical",鴿不靈,Warrior,Fury,dps,Chillwind Point
749,337.8,298671276,11,Mists of Tirna Scithe,2024-10-24T13:08:00.000Z,1750366,1890999,1,"Xal'atath's Bargain: Ascendant, Fortified, Challenger's Peril, Tyrannical",陳建廷的垃圾,Death Knight,Blood,tank,Chillwind Point
749,337.8,298671276,11,Mists of Tirna Scithe,2024-10-24T13:08:00.000Z,1750366,1890999,1,"Xal'atath's Bargain: Ascendant, Fortified, Challenger's Peril, Tyrannical",玫瑰殺狼,Shaman,Elemental,dps,Chillwind Point
749,337.8,298671276,11,Mists of Tirna Scithe,2024-10-24T13:08:00.000Z,1750366,1890999,1,"Xal'atath's Bargain: Ascendant, Fortified, Challenger's Peril, Tyrannical",武松打狗,Shaman,Restoration,healer,Chillwind Point
749,337.8,298671276,11,Mists of Tirna Scithe,2024-10-24T13:08:00.000Z,1750366,1890999,1,"Xal'atath's Bargain: Ascendant, Fortified, Challenger's Peril, Tyrannical",你還行,Death Knight,Frost,dps,Chillwind Point
750,337.8,303648803,11,Mists of Tirna Scithe,2024-10-29T15:27:35.000Z,1750741,1890999,1,"Xal'atath's Bargain: Ascendant, Fortified, Challenger's Peril, Tyrannical",Benjemin,Mage,Arcane,dps,Crystalpine Stinger
750,337.8,303648803,11,Mists of Tirna Scithe,2024-10-29T15:27:35.000Z,1750741,1890999,1,"Xal'atath's Bargain: Ascendant, Fortified, Challenger's Peril, Tyrannical",Clarina,Priest,Holy,healer,Menethil
750,337.8,303648803,11,Mists of Tirna Scithe,2024-10-29T15:27:35.000Z,1750741,1890999,1,"Xal'atath's Bargain: Ascendant, Fortified, Challenger's Peril, Tyrannical",龍吼禮貢,Evoker,Augmentation,dps,Dragonmaw
750,337.8,303648803,11,Mists of Tirna Scithe,2024-10-29T15:27:35.000Z,1750741,1890999,1,"Xal'atath's Bargain: Ascendant, Fortified, Challenger's Peril, Tyrannical",卡兵,Paladin,Retribution,dps,Shadowmoon
750,337.8,303648803,11,Mists of Tirna Scithe,2024-10-29T15:27:35.000Z,1750741,1890999,1,"Xal'atath's Bargain: Ascendant, Fortified, Challenger's Peril, Tyrannical",巫妖汪汪,Death Knight,Blood,tank,Arthas
751,337.8,307576362,11,Mists of Tirna Scithe,2024-11-16T20:58:17.000Z,1751040,1890999,1,"Xal'atath's Bargain: Ascendant, Tyrannical, Challenger's Peril, Fortified",卡兵,Paladin,Retribution,dps,Shadowmoon
751,337.8,307576362,11,Mists of Tirna Scithe,2024-11-16T20:58:17.000Z,1751040,1890999,1,"Xal'atath's Bargain: Ascendant, Tyrannical, Challenger's Peril, Fortified",侯溜肯,Rogue,Assassination,dps,Icecrown
751,337.8,307576362,11,Mists of Tirna Scithe,2024-11-16T20:58:17.000Z,1751040,1890999,1,"Xal'atath's Bargain: Ascendant, Tyrannical, Challenger's Peril, Fortified",Ozne,Evoker,Preservation,healer,Frostmane
751,337.8,307576362,11,Mists of Tirna Scithe,2024-11-16T20:58:17.000Z,1751040,1890999,1,"Xal'atath's Bargain: Ascendant, Tyrannical, Challenger's Peril, Fortified",咖啡袖套,Demon Hunter,Vengeance,tank,Frostmane
751,337.8,307576362,11,Mists of Tirna Scithe,2024-11-16T20:58:17.000Z,1751040,1890999,1,"Xal'atath's Bargain: Ascendant, Tyrannical, Challenger's Peril, Fortified",一夜歌一,Mage,Frost,dps,Order of the Cloud Serpent
752,337.7,303446418,11,Mists of Tirna Scithe,2024-10-28T17:10:57.000Z,1752978,1890999,1,"Xal'atath's Bargain: Ascendant, Fortified, Challenger's Peril, Tyrannical",妳看坦不了,Demon Hunter,Vengeance,tank,Menethil
752,337.7,303446418,11,Mists of Tirna Scithe,2024-10-28T17:10:57.000Z,1752978,1890999,1,"Xal'atath's Bargain: Ascendant, Fortified, Challenger's Peril, Tyrannical",炸彈喵,Death Knight,Unholy,dps,World Tree
752,337.7,303446418,11,Mists of Tirna Scithe,2024-10-28T17:10:57.000Z,1752978,1890999,1,"Xal'atath's Bargain: Ascendant, Fortified, Challenger's Peril, Tyrannical",光紗小舞,Priest,Discipline,healer,Chillwind Point
752,337.7,303446418,11,Mists of Tirna Scithe,2024-10-28T17:10:57.000Z,1752978,1890999,1,"Xal'atath's Bargain: Ascendant, Fortified, Challenger's Peril, Tyrannical",Davidd,Evoker,Augmentation,dps,Sundown Marsh
752,337.7,303446418,11,Mists of Tirna Scithe,2024-10-28T17:10:57.000Z,1752978,1890999,1,"Xal'atath's Bargain: Ascendant, Fortified, Challenger's Peril, Tyrannical",Yakitori,Paladin,Retribution,dps,Demon Fall Canyon
753,337.7,302875083,11,Mists of Tirna Scithe,2024-10-26T08:42:21.000Z,1753080,1890999,1,"Xal'atath's Bargain: Ascendant, Fortified, Challenger's Peril, Tyrannical",嗯噗,Shaman,Enhancement,dps,Stormscale
753,337.7,302875083,11,Mists of Tirna Scithe,2024-10-26T08:42:21.000Z,1753080,1890999,1,"Xal'atath's Bargain: Ascendant, Fortified, Challenger's Peril, Tyrannical",Xiaoming,Demon Hunter,Vengeance,tank,Chillwind Point
753,337.7,302875083,11,Mists of Tirna Scithe,2024-10-26T08:42:21.000Z,1753080,1890999,1,"Xal'atath's Bargain: Ascendant, Fortified, Challenger's Peril, Tyrannical",默默守候,Warrior,Fury,dps,Menethil
753,337.7,302875083,11,Mists of Tirna Scithe,2024-10-26T08:42:21.000Z,1753080,1890999,1,"Xal'atath's Bargain: Ascendant, Fortified, Challenger's Peril, Tyrannical",喔喔,Priest,Holy,healer,Sundown Marsh
753,337.7,302875083,11,Mists of Tirna Scithe,2024-10-26T08:42:21.000Z,1753080,1890999,1,"Xal'atath's Bargain: Ascendant, Fortified, Challenger's Peril, Tyrannical",火痞卡卡,Mage,Fire,dps,Whisperwind
754,337.7,289721294,11,Mists of Tirna Scithe,2024-11-16T18:16:41.000Z,1753399,1890999,1,"Xal'atath's Bargain: Ascendant, Tyrannical, Challenger's Peril, Fortified",迎風月,Hunter,Survival,dps,World Tree
754,337.7,289721294,11,Mists of Tirna Scithe,2024-11-16T18:16:41.000Z,1753399,1890999,1,"Xal'atath's Bargain: Ascendant, Tyrannical, Challenger's Peril, Fortified",Bonaqua,Shaman,Restoration,healer,World Tree
754,337.7,289721294,11,Mists of Tirna Scithe,2024-11-16T18:16:41.000Z,1753399,1890999,1,"Xal'atath's Bargain: Ascendant, Tyrannical, Challenger's Peril, Fortified",引人入聖,Paladin,Protection,tank,World Tree
754,337.7,289721294,11,Mists of Tirna Scithe,2024-11-16T18:16:41.000Z,1753399,1890999,1,"Xal'atath's Bargain: Ascendant, Tyrannical, Challenger's Peril, Fortified",Jerjerjer,Warlock,Destruction,dps,World Tree
754,337.7,289721294,11,Mists of Tirna Scithe,2024-11-16T18:16:41.000Z,1753399,1890999,1,"Xal'atath's Bargain: Ascendant, Tyrannical, Challenger's Peril, Fortified",自余為膠人,Druid,Balance,dps,World Tree
755,337.7,308298593,11,Mists of Tirna Scithe,2024-11-20T17:18:50.000Z,1753856,1890999,1,"Xal'atath's Bargain: Ascendant, Tyrannical, Challenger's Peril, Fortified",墨泉,Shaman,Elemental,dps,Shadowmoon
755,337.7,308298593,11,Mists of Tirna Scithe,2024-11-20T17:18:50.000Z,1753856,1890999,1,"Xal'atath's Bargain: Ascendant, Tyrannical, Challenger's Peril, Fortified",那魯逅逗,Shaman,Restoration,healer,Arthas
755,337.7,308298593,11,Mists of Tirna Scithe,2024-11-20T17:18:50.000Z,1753856,1890999,1,"Xal'atath's Bargain: Ascendant, Tyrannical, Challenger's Peril, Fortified",月紜花嫣,Druid,Guardian,tank,Whisperwind
755,337.7,308298593,11,Mists of Tirna Scithe,2024-11-20T17:18:50.000Z,1753856,1890999,1,"Xal'atath's Bargain: Ascendant, Tyrannical, Challenger's Peril, Fortified",光週四咪噠,Paladin,Retribution,dps,Shadowmoon
755,337.7,308298593,11,Mists of Tirna Scithe,2024-11-20T17:18:50.000Z,1753856,1890999,1,"Xal'atath's Bargain: Ascendant, Tyrannical, Challenger's Peril, Fortified",看你是不懂喔,Paladin,Retribution,dps,Whisperwind
756,337.7,307886200,11,Mists of Tirna Scithe,2024-11-18T09:25:58.000Z,1754102,1890999,1,"Xal'atath's Bargain: Ascendant, Tyrannical, Challenger's Peril, Fortified",初念淺,Shaman,Restoration,healer,Whisperwind
756,337.7,307886200,11,Mists of Tirna Scithe,2024-11-18T09:25:58.000Z,1754102,1890999,1,"Xal'atath's Bargain: Ascendant, Tyrannical, Challenger's Peril, Fortified",鐵佈衫,Paladin,Retribution,dps,World Tree
756,337.7,307886200,11,Mists of Tirna Scithe,2024-11-18T09:25:58.000Z,1754102,1890999,1,"Xal'atath's Bargain: Ascendant, Tyrannical, Challenger's Peril, Fortified",奧麗給,Warrior,Protection,tank,Whisperwind
756,337.7,307886200,11,Mists of Tirna Scithe,2024-11-18T09:25:58.000Z,1754102,1890999,1,"Xal'atath's Bargain: Ascendant, Tyrannical, Challenger's Peril, Fortified",Cappuccinox,Warlock,Destruction,dps,Arthas
756,337.7,307886200,11,Mists of Tirna Scithe,2024-11-18T09:25:58.000Z,1754102,1890999,1,"Xal'atath's Bargain: Ascendant, Tyrannical, Challenger's Peril, Fortified",Wardell,Shaman,Enhancement,dps,Shadowmoon
757,337.7,302873675,11,Mists of Tirna Scithe,2024-10-26T08:31:14.000Z,1754686,1890999,1,"Xal'atath's Bargain: Ascendant, Fortified, Challenger's Peril, Tyrannical",Papamatcha,Hunter,Survival,dps,Crystalpine Stinger
757,337.7,302873675,11,Mists of Tirna Scithe,2024-10-26T08:31:14.000Z,1754686,1890999,1,"Xal'atath's Bargain: Ascendant, Fortified, Challenger's Peril, Tyrannical",怒拳,Druid,Guardian,tank,Demon Fall Canyon
757,337.7,302873675,11,Mists of Tirna Scithe,2024-10-26T08:31:14.000Z,1754686,1890999,1,"Xal'atath's Bargain: Ascendant, Fortified, Challenger's Peril, Tyrannical",薩索雞,Shaman,Enhancement,dps,Skywall
757,337.7,302873675,11,Mists of Tirna Scithe,2024-10-26T08:31:14.000Z,1754686,1890999,1,"Xal'atath's Bargain: Ascendant, Fortified, Challenger's Peril, Tyrannical",薩塔莉亞,Shaman,Restoration,healer,Skywall
757,337.7,302873675,11,Mists of Tirna Scithe,2024-10-26T08:31:14.000Z,1754686,1890999,1,"Xal'atath's Bargain: Ascendant, Fortified, Challenger's Peril, Tyrannical",Leavemebe,Priest,Shadow,dps,Bleeding Hollow
758,337.7,302392797,11,Mists of Tirna Scithe,2024-10-24T00:50:00.000Z,1756812,1890999,1,"Xal'atath's Bargain: Ascendant, Fortified, Challenger's Peril, Tyrannical",中二的薩滿,Shaman,Elemental,dps,Wrathbringer
758,337.7,302392797,11,Mists of Tirna Scithe,2024-10-24T00:50:00.000Z,1756812,1890999,1,"Xal'atath's Bargain: Ascendant, Fortified, Challenger's Peril, Tyrannical",亞特拉傑爾,Paladin,Retribution,dps,Sundown Marsh
758,337.7,302392797,11,Mists of Tirna Scithe,2024-10-24T00:50:00.000Z,1756812,1890999,1,"Xal'atath's Bargain: Ascendant, Fortified, Challenger's Peril, Tyrannical",Wüstenfuchs,Shaman,Restoration,healer,Frostmane
758,337.7,302392797,11,Mists of Tirna Scithe,2024-10-24T00:50:00.000Z,1756812,1890999,1,"Xal'atath's Bargain: Ascendant, Fortified, Challenger's Peril, Tyrannical",巨莖強森,Warrior,Protection,tank,Dragonmaw
758,337.7,302392797,11,Mists of Tirna Scithe,2024-10-24T00:50:00.000Z,1756812,1890999,1,"Xal'atath's Bargain: Ascendant, Fortified, Challenger's Peril, Tyrannical",Torksha,Death Knight,Unholy,dps,Bleeding Hollow
759,337.6,302498689,11,Mists of Tirna Scithe,2024-10-24T15:33:50.000Z,1757608,1890999,1,"Xal'atath's Bargain: Ascendant, Fortified, Challenger's Peril, Tyrannical",幻滅愛,Warlock,Demonology,dps,Chillwind Point
759,337.6,302498689,11,Mists of Tirna Scithe,2024-10-24T15:33:50.000Z,1757608,1890999,1,"Xal'atath's Bargain: Ascendant, Fortified, Challenger's Peril, Tyrannical",姜雪,Shaman,Restoration,healer,Zealot Blade
759,337.6,302498689,11,Mists of Tirna Scithe,2024-10-24T15:33:50.000Z,1757608,1890999,1,"Xal'atath's Bargain: Ascendant, Fortified, Challenger's Peril, Tyrannical",虎呢,Hunter,Marksmanship,dps,Shadowmoon
759,337.6,302498689,11,Mists of Tirna Scithe,2024-10-24T15:33:50.000Z,1757608,1890999,1,"Xal'atath's Bargain: Ascendant, Fortified, Challenger's Peril, Tyrannical",清淨平等心,Paladin,Retribution,dps,World Tree
759,337.6,302498689,11,Mists of Tirna Scithe,2024-10-24T15:33:50.000Z,1757608,1890999,1,"Xal'atath's Bargain: Ascendant, Fortified, Challenger's Peril, Tyrannical",犬月月,Druid,Guardian,tank,Chillwind Point
760,337.6,302940428,11,Mists of Tirna Scithe,2024-10-26T14:51:51.000Z,1758213,1890999,1,"Xal'atath's Bargain: Ascendant, Fortified, Challenger's Peril, Tyrannical",橘水軒,Shaman,Restoration,healer,Shadowmoon
760,337.6,302940428,11,Mists of Tirna Scithe,2024-10-26T14:51:51.000Z,1758213,1890999,1,"Xal'atath's Bargain: Ascendant, Fortified, Challenger's Peril, Tyrannical",熊怪,Druid,Balance,dps,Arthas
760,337.6,302940428,11,Mists of Tirna Scithe,2024-10-26T14:51:51.000Z,1758213,1890999,1,"Xal'atath's Bargain: Ascendant, Fortified, Challenger's Peril, Tyrannical",綠茶與多多,Warrior,Protection,tank,Shadowmoon
760,337.6,302940428,11,Mists of Tirna Scithe,2024-10-26T14:51:51.000Z,1758213,1890999,1,"Xal'atath's Bargain: Ascendant, Fortified, Challenger's Peril, Tyrannical",Kat,Evoker,Devastation,dps,Quel'dorei
760,337.6,302940428,11,Mists of Tirna Scithe,2024-10-26T14:51:51.000Z,1758213,1890999,1,"Xal'atath's Bargain: Ascendant, Fortified, Challenger's Peril, Tyrannical",烙賽怪-229645647,Paladin,Retribution,dps,Shadowmoon
761,337.6,303420117,11,Mists of Tirna Scithe,2024-10-28T14:02:34.000Z,1761620,1890999,1,"Xal'atath's Bargain: Ascendant, Fortified, Challenger's Peril, Tyrannical",迺基胤幫邦,Evoker,Augmentation,dps,Arthas
761,337.6,303420117,11,Mists of Tirna Scithe,2024-10-28T14:02:34.000Z,1761620,1890999,1,"Xal'atath's Bargain: Ascendant, Fortified, Challenger's Peril, Tyrannical",哆啦一點,Demon Hunter,Havoc,dps,Spirestone
761,337.6,303420117,11,Mists of Tirna Scithe,2024-10-28T14:02:34.000Z,1761620,1890999,1,"Xal'atath's Bargain: Ascendant, Fortified, Challenger's Peril, Tyrannical",幾何小僧,Monk,Mistweaver,healer,Spirestone
761,337.6,303420117,11,Mists of Tirna Scithe,2024-10-28T14:02:34.000Z,1761620,1890999,1,"Xal'atath's Bargain: Ascendant, Fortified, Challenger's Peril, Tyrannical",火藥,Monk,Brewmaster,tank,Frostmane
761,337.6,303420117,11,Mists of Tirna Scithe,2024-10-28T14:02:34.000Z,1761620,1890999,1,"Xal'atath's Bargain: Ascendant, Fortified, Challenger's Peril, Tyrannical",AnonD4A1E32,Paladin,Retribution,dps,Anonymous
762,337.6,302471558,11,Mists of Tirna Scithe,2024-10-24T13:23:28.000Z,1761931,1890999,1,"Xal'atath's Bargain: Ascendant, Fortified, Challenger's Peril, Tyrannical",瓦王的私生子-34104369,Warrior,Protection,tank,Sundown Marsh
762,337.6,302471558,11,Mists of Tirna Scithe,2024-10-24T13:23:28.000Z,1761931,1890999,1,"Xal'atath's Bargain: Ascendant, Fortified, Challenger's Peril, Tyrannical",樹熊出沒注意,Shaman,Restoration,healer,Sundown Marsh
762,337.6,302471558,11,Mists of Tirna Scithe,2024-10-24T13:23:28.000Z,1761931,1890999,1,"Xal'atath's Bargain: Ascendant, Fortified, Challenger's Peril, Tyrannical",百年孤寂,Shaman,Elemental,dps,Quel'dorei
762,337.6,302471558,11,Mists of Tirna Scithe,2024-10-24T13:23:28.000Z,1761931,1890999,1,"Xal'atath's Bargain: Ascendant, Fortified, Challenger's Peril, Tyrannical",今次大檸樂,Paladin,Retribution,dps,Demon Fall Canyon
762,337.6,302471558,11,Mists of Tirna Scithe,2024-10-24T13:23:28.000Z,1761931,1890999,1,"Xal'atath's Bargain: Ascendant, Fortified, Challenger's Peril, Tyrannical",懦夫救星,Death Knight,Unholy,dps,Demon Fall Canyon
763,337.5,303848278,11,Mists of Tirna Scithe,2024-10-30T14:57:02.000Z,1762526,1890999,1,"Xal'atath's Bargain: Ascendant, Fortified, Challenger's Peril, Tyrannical",Lacamisa,Druid,Balance,dps,Chillwind Point
763,337.5,303848278,11,Mists of Tirna Scithe,2024-10-30T14:57:02.000Z,1762526,1890999,1,"Xal'atath's Bargain: Ascendant, Fortified, Challenger's Peril, Tyrannical",牛鬼丸,Warrior,Protection,tank,Chillwind Point
763,337.5,303848278,11,Mists of Tirna Scithe,2024-10-30T14:57:02.000Z,1762526,1890999,1,"Xal'atath's Bargain: Ascendant, Fortified, Challenger's Peril, Tyrannical",似夢卻無夢,Shaman,Restoration,healer,Shadowmoon
763,337.5,303848278,11,Mists of Tirna Scithe,2024-10-30T14:57:02.000Z,1762526,1890999,1,"Xal'atath's Bargain: Ascendant, Fortified, Challenger's Peril, Tyrannical",牧里昂,Warlock,Affliction,dps,Icecrown
763,337.5,303848278,11,Mists of Tirna Scithe,2024-10-30T14:57:02.000Z,1762526,1890999,1,"Xal'atath's Bargain: Ascendant, Fortified, Challenger's Peril, Tyrannical",Lyresk,Shaman,Enhancement,dps,Chillwind Point
764,337.5,307921247,11,Mists of Tirna Scithe,2024-11-18T15:46:36.000Z,1764983,1890999,1,"Xal'atath's Bargain: Ascendant, Tyrannical, Challenger's Peril, Fortified",Altria,Paladin,Protection,tank,Demon Fall Canyon
764,337.5,307921247,11,Mists of Tirna Scithe,2024-11-18T15:46:36.000Z,1764983,1890999,1,"Xal'atath's Bargain: Ascendant, Tyrannical, Challenger's Peril, Fortified",三逼八,Mage,Fire,dps,Demon Fall Canyon
764,337.5,307921247,11,Mists of Tirna Scithe,2024-11-18T15:46:36.000Z,1764983,1890999,1,"Xal'atath's Bargain: Ascendant, Tyrannical, Challenger's Peril, Fortified",一粒銅豌豆,Paladin,Retribution,dps,Sundown Marsh
764,337.5,307921247,11,Mists of Tirna Scithe,2024-11-18T15:46:36.000Z,1764983,1890999,1,"Xal'atath's Bargain: Ascendant, Tyrannical, Challenger's Peril, Fortified",伊塔琳娜,Priest,Discipline,healer,Chillwind Point
764,337.5,307921247,11,Mists of Tirna Scithe,2024-11-18T15:46:36.000Z,1764983,1890999,1,"Xal'atath's Bargain: Ascendant, Tyrannical, Challenger's Peril, Fortified",齋藤亞美里,Shaman,Elemental,dps,Chillwind Point
765,337.5,307502786,11,Mists of Tirna Scithe,2024-11-16T13:54:43.000Z,1765321,1890999,1,"Xal'atath's Bargain: Ascendant, Tyrannical, Challenger's Peril, Fortified",可可冰糖,Warlock,Destruction,dps,Quel'dorei
765,337.5,307502786,11,Mists of Tirna Scithe,2024-11-16T13:54:43.000Z,1765321,1890999,1,"Xal'atath's Bargain: Ascendant, Tyrannical, Challenger's Peril, Fortified",畫星,Shaman,Restoration,healer,Whisperwind
765,337.5,307502786,11,Mists of Tirna Scithe,2024-11-16T13:54:43.000Z,1765321,1890999,1,"Xal'atath's Bargain: Ascendant, Tyrannical, Challenger's Peril, Fortified",實在是太香了,Paladin,Retribution,dps,Demon Fall Canyon
765,337.5,307502786,11,Mists of Tirna Scithe,2024-11-16T13:54:43.000Z,1765321,1890999,1,"Xal'atath's Bargain: Ascendant, Tyrannical, Challenger's Peril, Fortified",妮祿,Paladin,Protection,tank,Quel'dorei
765,337.5,307502786,11,Mists of Tirna Scithe,2024-11-16T13:54:43.000Z,1765321,1890999,1,"Xal'atath's Bargain: Ascendant, Tyrannical, Challenger's Peril, Fortified",夕弦,Shaman,Enhancement,dps,Demon Fall Canyon
766,337.5,297193364,11,Mists of Tirna Scithe,2024-11-16T15:58:36.000Z,1765462,1890999,1,"Xal'atath's Bargain: Ascendant, Tyrannical, Challenger's Peril, Fortified",雜色馬,Death Knight,Blood,tank,Zealot Blade
766,337.5,297193364,11,Mists of Tirna Scithe,2024-11-16T15:58:36.000Z,1765462,1890999,1,"Xal'atath's Bargain: Ascendant, Tyrannical, Challenger's Peril, Fortified",熊武憎,Monk,Windwalker,dps,Zealot Blade
766,337.5,297193364,11,Mists of Tirna Scithe,2024-11-16T15:58:36.000Z,1765462,1890999,1,"Xal'atath's Bargain: Ascendant, Tyrannical, Challenger's Peril, Fortified",櫻之小龍女,Shaman,Restoration,healer,Zealot Blade
766,337.5,297193364,11,Mists of Tirna Scithe,2024-11-16T15:58:36.000Z,1765462,1890999,1,"Xal'atath's Bargain: Ascendant, Tyrannical, Challenger's Peril, Fortified",Winnerian,Evoker,Devastation,dps,Sundown Marsh
766,337.5,297193364,11,Mists of Tirna Scithe,2024-11-16T15:58:36.000Z,1765462,1890999,1,"Xal'atath's Bargain: Ascendant, Tyrannical, Challenger's Peril, Fortified",波波雞,Druid,Balance,dps,Dragonmaw
767,337.5,303658910,11,Mists of Tirna Scithe,2024-10-29T15:26:21.000Z,1766113,1890999,1,"Xal'atath's Bargain: Ascendant, Fortified, Challenger's Peril, Tyrannical",小傳說騎士,Warrior,Protection,tank,Light's Hope
767,337.5,303658910,11,Mists of Tirna Scithe,2024-10-29T15:26:21.000Z,1766113,1890999,1,"Xal'atath's Bargain: Ascendant, Fortified, Challenger's Peril, Tyrannical",Helios,Druid,Restoration,healer,Silverwing Hold
767,337.5,303658910,11,Mists of Tirna Scithe,2024-10-29T15:26:21.000Z,1766113,1890999,1,"Xal'atath's Bargain: Ascendant, Fortified, Challenger's Peril, Tyrannical",江將江將,Shaman,Elemental,dps,Silverwing Hold
767,337.5,303658910,11,Mists of Tirna Scithe,2024-10-29T15:26:21.000Z,1766113,1890999,1,"Xal'atath's Bargain: Ascendant, Fortified, Challenger's Peril, Tyrannical",滄夜月,Shaman,Elemental,dps,Sundown Marsh
767,337.5,303658910,11,Mists of Tirna Scithe,2024-10-29T15:26:21.000Z,1766113,1890999,1,"Xal'atath's Bargain: Ascendant, Fortified, Challenger's Peril, Tyrannical",小傻慢花,Shaman,Elemental,dps,Sundown Marsh
768,337.4,307544432,11,Mists of Tirna Scithe,2024-11-16T18:41:41.000Z,1767622,1890999,1,"Xal'atath's Bargain: Ascendant, Tyrannical, Challenger's Peril, Fortified",肥貓流浪記,Warrior,Protection,tank,Wrathbringer
768,337.4,307544432,11,Mists of Tirna Scithe,2024-11-16T18:41:41.000Z,1767622,1890999,1,"Xal'atath's Bargain: Ascendant, Tyrannical, Challenger's Peril, Fortified",Goodknight,Paladin,Retribution,dps,Crystalpine Stinger
768,337.4,307544432,11,Mists of Tirna Scithe,2024-11-16T18:41:41.000Z,1767622,1890999,1,"Xal'atath's Bargain: Ascendant, Tyrannical, Challenger's Peril, Fortified",夏日綠島,Warlock,Destruction,dps,Arthas
768,337.4,307544432,11,Mists of Tirna Scithe,2024-11-16T18:41:41.000Z,1767622,1890999,1,"Xal'atath's Bargain: Ascendant, Tyrannical, Challenger's Peril, Fortified",貓千代,Shaman,Restoration,healer,Crystalpine Stinger
768,337.4,307544432,11,Mists of Tirna Scithe,2024-11-16T18:41:41.000Z,1767622,1890999,1,"Xal'atath's Bargain: Ascendant, Tyrannical, Challenger's Peril, Fortified",鬼見愁,Death Knight,Frost,dps,Wrathbringer
769,337.4,307425401,11,Mists of Tirna Scithe,2024-11-16T01:54:23.000Z,1767765,1890999,1,"Xal'atath's Bargain: Ascendant, Tyrannical, Challenger's Peril, Fortified",丿卡哇伊灬響,Paladin,Retribution,dps,Demon Fall Canyon
769,337.4,307425401,11,Mists of Tirna Scithe,2024-11-16T01:54:23.000Z,1767765,1890999,1,"Xal'atath's Bargain: Ascendant, Tyrannical, Challenger's Peril, Fortified",星眸,Warlock,Destruction,dps,Spirestone
769,337.4,307425401,11,Mists of Tirna Scithe,2024-11-16T01:54:23.000Z,1767765,1890999,1,"Xal'atath's Bargain: Ascendant, Tyrannical, Challenger's Peril, Fortified",陽春白雪,Shaman,Restoration,healer,Spirestone
769,337.4,307425401,11,Mists of Tirna Scithe,2024-11-16T01:54:23.000Z,1767765,1890999,1,"Xal'atath's Bargain: Ascendant, Tyrannical, Challenger's Peril, Fortified",出門不合裝,Hunter,Beast Mastery,dps,Demon Fall Canyon
769,337.4,307425401,11,Mists of Tirna Scithe,2024-11-16T01:54:23.000Z,1767765,1890999,1,"Xal'atath's Bargain: Ascendant, Tyrannical, Challenger's Peril, Fortified",Remis,Warrior,Protection,tank,Sundown Marsh
770,337.4,302963346,11,Mists of Tirna Scithe,2024-10-26T13:55:50.000Z,1767849,1890999,1,"Xal'atath's Bargain: Ascendant, Fortified, Challenger's Peril, Tyrannical",烤肉仔,Druid,Balance,dps,Crystalpine Stinger
770,337.4,302963346,11,Mists of Tirna Scithe,2024-10-26T13:55:50.000Z,1767849,1890999,1,"Xal'atath's Bargain: Ascendant, Fortified, Challenger's Peril, Tyrannical",默默的想你,Shaman,Restoration,healer,Light's Hope
770,337.4,302963346,11,Mists of Tirna Scithe,2024-10-26T13:55:50.000Z,1767849,1890999,1,"Xal'atath's Bargain: Ascendant, Fortified, Challenger's Peril, Tyrannical",老莫,Paladin,Protection,tank,Light's Hope
770,337.4,302963346,11,Mists of Tirna Scithe,2024-10-26T13:55:50.000Z,1767849,1890999,1,"Xal'atath's Bargain: Ascendant, Fortified, Challenger's Peril, Tyrannical",心之嬡天使,Priest,Shadow,dps,Demon Fall Canyon
770,337.4,302963346,11,Mists of Tirna Scithe,2024-10-26T13:55:50.000Z,1767849,1890999,1,"Xal'atath's Bargain: Ascendant, Fortified, Challenger's Peril, Tyrannical",Stephoneline,Hunter,Beast Mastery,dps,Sundown Marsh
771,337.4,307480036,11,Mists of Tirna Scithe,2024-11-16T10:26:27.000Z,1768663,1890999,1,"Xal'atath's Bargain: Ascendant, Tyrannical, Challenger's Peril, Fortified",海晴兒,Paladin,Retribution,dps,Shadowmoon
771,337.4,307480036,11,Mists of Tirna Scithe,2024-11-16T10:26:27.000Z,1768663,1890999,1,"Xal'atath's Bargain: Ascendant, Tyrannical, Challenger's Peril, Fortified",無量獸佛,Mage,Frost,dps,Stormscale
771,337.4,307480036,11,Mists of Tirna Scithe,2024-11-16T10:26:27.000Z,1768663,1890999,1,"Xal'atath's Bargain: Ascendant, Tyrannical, Challenger's Peril, Fortified",珮洛琳,Paladin,Retribution,dps,Shadowmoon
771,337.4,307480036,11,Mists of Tirna Scithe,2024-11-16T10:26:27.000Z,1768663,1890999,1,"Xal'atath's Bargain: Ascendant, Tyrannical, Challenger's Peril, Fortified",熊小,Priest,Discipline,healer,Zealot Blade
771,337.4,307480036,11,Mists of Tirna Scithe,2024-11-16T10:26:27.000Z,1768663,1890999,1,"Xal'atath's Bargain: Ascendant, Tyrannical, Challenger's Peril, Fortified",再一次迷失,Warrior,Protection,tank,Silverwing Hold
772,337.4,293423287,11,Mists of Tirna Scithe,2024-11-14T16:55:08.000Z,1769315,1890999,1,"Xal'atath's Bargain: Ascendant, Tyrannical, Challenger's Peril, Fortified",美莎莎,Priest,Holy,healer,Skywall
772,337.4,293423287,11,Mists of Tirna Scithe,2024-11-14T16:55:08.000Z,1769315,1890999,1,"Xal'atath's Bargain: Ascendant, Tyrannical, Challenger's Peril, Fortified",春楓,Druid,Guardian,tank,Skywall
772,337.4,293423287,11,Mists of Tirna Scithe,2024-11-14T16:55:08.000Z,1769315,1890999,1,"Xal'atath's Bargain: Ascendant, Tyrannical, Challenger's Peril, Fortified",元素颶風,Shaman,Enhancement,dps,Skywall
772,337.4,293423287,11,Mists of Tirna Scithe,2024-11-14T16:55:08.000Z,1769315,1890999,1,"Xal'atath's Bargain: Ascendant, Tyrannical, Challenger's Peril, Fortified",Devilpisces,Druid,Balance,dps,Quel'dorei
772,337.4,293423287,11,Mists of Tirna Scithe,2024-11-14T16:55:08.000Z,1769315,1890999,1,"Xal'atath's Bargain: Ascendant, Tyrannical, Challenger's Peril, Fortified",尼士,Death Knight,Unholy,dps,Light's Hope
773,337.4,302684111,11,Mists of Tirna Scithe,2024-10-25T15:02:05.000Z,1769462,1890999,1,"Xal'atath's Bargain: Ascendant, Fortified, Challenger's Peril, Tyrannical",小飛電,Shaman,Elemental,dps,Sundown Marsh
773,337.4,302684111,11,Mists of Tirna Scithe,2024-10-25T15:02:05.000Z,1769462,1890999,1,"Xal'atath's Bargain: Ascendant, Fortified, Challenger's Peril, Tyrannical",Seastar,Warrior,Protection,tank,Menethil
773,337.4,302684111,11,Mists of Tirna Scithe,2024-10-25T15:02:05.000Z,1769462,1890999,1,"Xal'atath's Bargain: Ascendant, Fortified, Challenger's Peril, Tyrannical",綾小路,Shaman,Restoration,healer,Icecrown
773,337.4,302684111,11,Mists of Tirna Scithe,2024-10-25T15:02:05.000Z,1769462,1890999,1,"Xal'atath's Bargain: Ascendant, Fortified, Challenger's Peril, Tyrannical",十星魔關羽,Death Knight,Frost,dps,Sundown Marsh
773,337.4,302684111,11,Mists of Tirna Scithe,2024-10-25T15:02:05.000Z,1769462,1890999,1,"Xal'atath's Bargain: Ascendant, Fortified, Challenger's Peril, Tyrannical",Whitelotus,Paladin,Retribution,dps,Sundown Marsh
774,337.4,302887763,11,Mists of Tirna Scithe,2024-10-26T08:08:54.000Z,1769774,1890999,1,"Xal'atath's Bargain: Ascendant, Fortified, Challenger's Peril, Tyrannical",中藥行老闆,Shaman,Restoration,healer,Chillwind Point
774,337.4,302887763,11,Mists of Tirna Scithe,2024-10-26T08:08:54.000Z,1769774,1890999,1,"Xal'atath's Bargain: Ascendant, Fortified, Challenger's Peril, Tyrannical",三連星,Hunter,Marksmanship,dps,Shadowmoon
774,337.4,302887763,11,Mists of Tirna Scithe,2024-10-26T08:08:54.000Z,1769774,1890999,1,"Xal'atath's Bargain: Ascendant, Fortified, Challenger's Peril, Tyrannical",炫花熾,Paladin,Retribution,dps,Light's Hope
774,337.4,302887763,11,Mists of Tirna Scithe,2024-10-26T08:08:54.000Z,1769774,1890999,1,"Xal'atath's Bargain: Ascendant, Fortified, Challenger's Peril, Tyrannical",Shiang,Mage,Arcane,dps,Icecrown
774,337.4,302887763,11,Mists of Tirna Scithe,2024-10-26T08:08:54.000Z,1769774,1890999,1,"Xal'atath's Bargain: Ascendant, Fortified, Challenger's Peril, Tyrannical",夢維若,Demon Hunter,Vengeance,tank,Wrathbringer
775,337.4,308023395,11,Mists of Tirna Scithe,2024-11-18T15:19:08.000Z,1769951,1890999,1,"Xal'atath's Bargain: Ascendant, Tyrannical, Challenger's Peril, Fortified",蹦蹦咖咖,Shaman,Elemental,dps,Bleeding Hollow
775,337.4,308023395,11,Mists of Tirna Scithe,2024-11-18T15:19:08.000Z,1769951,1890999,1,"Xal'atath's Bargain: Ascendant, Tyrannical, Challenger's Peril, Fortified",朴敘俊,Rogue,Assassination,dps,Bleeding Hollow
775,337.4,308023395,11,Mists of Tirna Scithe,2024-11-18T15:19:08.000Z,1769951,1890999,1,"Xal'atath's Bargain: Ascendant, Tyrannical, Challenger's Peril, Fortified",芬利莫得盾,Monk,Brewmaster,tank,World Tree
775,337.4,308023395,11,Mists of Tirna Scithe,2024-11-18T15:19:08.000Z,1769951,1890999,1,"Xal'atath's Bargain: Ascendant, Tyrannical, Challenger's Peril, Fortified",非本人,Warrior,Fury,dps,Bleeding Hollow
775,337.4,308023395,11,Mists of Tirna Scithe,2024-11-18T15:19:08.000Z,1769951,1890999,1,"Xal'atath's Bargain: Ascendant, Tyrannical, Challenger's Peril, Fortified",六璃,Shaman,Restoration,healer,Bleeding Hollow
776,337.4,308111244,11,Mists of Tirna Scithe,2024-11-19T16:26:46.000Z,1770187,1890999,1,"Xal'atath's Bargain: Ascendant, Tyrannical, Challenger's Peril, Fortified",瑪琦,Hunter,Beast Mastery,dps,Chillwind Point
776,337.4,308111244,11,Mists of Tirna Scithe,2024-11-19T16:26:46.000Z,1770187,1890999,1,"Xal'atath's Bargain: Ascendant, Tyrannical, Challenger's Peril, Fortified",真田彩香,Monk,Mistweaver,healer,Bleeding Hollow
776,337.4,308111244,11,Mists of Tirna Scithe,2024-11-19T16:26:46.000Z,1770187,1890999,1,"Xal'atath's Bargain: Ascendant, Tyrannical, Challenger's Peril, Fortified",我很正,Paladin,Protection,tank,Silverwing Hold
776,337.4,308111244,11,Mists of Tirna Scithe,2024-11-19T16:26:46.000Z,1770187,1890999,1,"Xal'atath's Bargain: Ascendant, Tyrannical, Challenger's Peril, Fortified",薩假假,Shaman,Enhancement,dps,Whisperwind
776,337.4,308111244,11,Mists of Tirna Scithe,2024-11-19T16:26:46.000Z,1770187,1890999,1,"Xal'atath's Bargain: Ascendant, Tyrannical, Challenger's Peril, Fortified",波波莉娜,Paladin,Retribution,dps,Silverwing Hold
777,337.3,307167828,11,Mists of Tirna Scithe,2024-11-14T15:12:35.000Z,1773750,1890999,1,"Xal'atath's Bargain: Ascendant, Tyrannical, Challenger's Peril, Fortified",Maruider,Paladin,Retribution,dps,Quel'dorei
777,337.3,307167828,11,Mists of Tirna Scithe,2024-11-14T15:12:35.000Z,1773750,1890999,1,"Xal'atath's Bargain: Ascendant, Tyrannical, Challenger's Peril, Fortified",蒼涼的旋律,Mage,Frost,dps,Menethil
777,337.3,307167828,11,Mists of Tirna Scithe,2024-11-14T15:12:35.000Z,1773750,1890999,1,"Xal'atath's Bargain: Ascendant, Tyrannical, Challenger's Peril, Fortified",龍豫無限囂張,Monk,Brewmaster,tank,Arthas
777,337.3,307167828,11,Mists of Tirna Scithe,2024-11-14T15:12:35.000Z,1773750,1890999,1,"Xal'atath's Bargain: Ascendant, Tyrannical, Challenger's Peril, Fortified",虎咪,Shaman,Restoration,healer,Bleeding Hollow
777,337.3,307167828,11,Mists of Tirna Scithe,2024-11-14T15:12:35.000Z,1773750,1890999,1,"Xal'atath's Bargain: Ascendant, Tyrannical, Challenger's Peril, Fortified",艾佛森,Death Knight,Unholy,dps,Bleeding Hollow
778,337.3,303183304,11,Mists of Tirna Scithe,2024-10-27T12:54:03.000Z,1774256,1890999,1,"Xal'atath's Bargain: Ascendant, Fortified, Challenger's Peril, Tyrannical",靡筑,Rogue,Assassination,dps,Light's Hope
778,337.3,303183304,11,Mists of Tirna Scithe,2024-10-27T12:54:03.000Z,1774256,1890999,1,"Xal'atath's Bargain: Ascendant, Fortified, Challenger's Peril, Tyrannical",窺白,Demon Hunter,Havoc,dps,Light's Hope
778,337.3,303183304,11,Mists of Tirna Scithe,2024-10-27T12:54:03.000Z,1774256,1890999,1,"Xal'atath's Bargain: Ascendant, Fortified, Challenger's Peril, Tyrannical",圖騰亂插大師,Shaman,Restoration,healer,Shadowmoon
778,337.3,303183304,11,Mists of Tirna Scithe,2024-10-27T12:54:03.000Z,1774256,1890999,1,"Xal'atath's Bargain: Ascendant, Fortified, Challenger's Peril, Tyrannical",英格麗特,Warrior,Protection,tank,Light's Hope
778,337.3,303183304,11,Mists of Tirna Scithe,2024-10-27T12:54:03.000Z,1774256,1890999,1,"Xal'atath's Bargain: Ascendant, Fortified, Challenger's Peril, Tyrannical",Nataliee,Warlock,Destruction,dps,Light's Hope
779,337.3,302453950,11,Mists of Tirna Scithe,2024-10-24T10:10:56.000Z,1776244,1890999,1,"Xal'atath's Bargain: Ascendant, Fortified, Challenger's Peril, Tyrannical",三逼八改,Shaman,Elemental,dps,Demon Fall Canyon
779,337.3,302453950,11,Mists of Tirna Scithe,2024-10-24T10:10:56.000Z,1776244,1890999,1,"Xal'atath's Bargain: Ascendant, Fortified, Challenger's Peril, Tyrannical",尖東羅傑,Death Knight,Frost,dps,Menethil
779,337.3,302453950,11,Mists of Tirna Scithe,2024-10-24T10:10:56.000Z,1776244,1890999,1,"Xal'atath's Bargain: Ascendant, Fortified, Challenger's Peril, Tyrannical",舞欣芸,Monk,Mistweaver,healer,Menethil
779,337.3,302453950,11,Mists of Tirna Scithe,2024-10-24T10:10:56.000Z,1776244,1890999,1,"Xal'atath's Bargain: Ascendant, Fortified, Challenger's Peril, Tyrannical",法喜充滿,Paladin,Protection,tank,Frostmane
779,337.3,302453950,11,Mists of Tirna Scithe,2024-10-24T10:10:56.000Z,1776244,1890999,1,"Xal'atath's Bargain: Ascendant, Fortified, Challenger's Peril, Tyrannical",莉莉雅,Mage,Fire,dps,Zealot Blade
780,337.3,302637082,11,Mists of Tirna Scithe,2024-10-25T08:49:00.000Z,1776378,1890999,1,"Xal'atath's Bargain: Ascendant, Fortified, Challenger's Peril, Tyrannical",羅西尼熊貓,Shaman,Elemental,dps,Sundown Marsh
780,337.3,302637082,11,Mists of Tirna Scithe,2024-10-25T08:49:00.000Z,1776378,1890999,1,"Xal'atath's Bargain: Ascendant, Fortified, Challenger's Peril, Tyrannical",屋喵王,Mage,Frost,dps,Chillwind Point
780,337.3,302637082,11,Mists of Tirna Scithe,2024-10-25T08:49:00.000Z,1776378,1890999,1,"Xal'atath's Bargain: Ascendant, Fortified, Challenger's Peril, Tyrannical",Monkeypox,Paladin,Retribution,dps,Dragonmaw
780,337.3,302637082,11,Mists of Tirna Scithe,2024-10-25T08:49:00.000Z,1776378,1890999,1,"Xal'atath's Bargain: Ascendant, Fortified, Challenger's Peril, Tyrannical",哥很牛,Paladin,Protection,tank,Menethil
780,337.3,302637082,11,Mists of Tirna Scithe,2024-10-25T08:49:00.000Z,1776378,1890999,1,"Xal'atath's Bargain: Ascendant, Fortified, Challenger's Peril, Tyrannical",林地漫宿,Shaman,Restoration,healer,Shadowmoon
781,337.3,307330524,11,Mists of Tirna Scithe,2024-11-15T15:44:25.000Z,1776836,1890999,1,"Xal'atath's Bargain: Ascendant, Tyrannical, Challenger's Peril, Fortified",滄桑嘆,Paladin,Holy,healer,Hellscream
781,337.3,307330524,11,Mists of Tirna Scithe,2024-11-15T15:44:25.000Z,1776836,1890999,1,"Xal'atath's Bargain: Ascendant, Tyrannical, Challenger's Peril, Fortified",滅團只剩牛,Paladin,Protection,tank,Hellscream
781,337.3,307330524,11,Mists of Tirna Scithe,2024-11-15T15:44:25.000Z,1776836,1890999,1,"Xal'atath's Bargain: Ascendant, Tyrannical, Challenger's Peril, Fortified",縫粄大盒,Hunter,Survival,dps,World Tree
781,337.3,307330524,11,Mists of Tirna Scithe,2024-11-15T15:44:25.000Z,1776836,1890999,1,"Xal'atath's Bargain: Ascendant, Tyrannical, Challenger's Peril, Fortified",內心有小九六,Mage,Frost,dps,Nightsong
781,337.3,307330524,11,Mists of Tirna Scithe,2024-11-15T15:44:25.000Z,1776836,1890999,1,"Xal'atath's Bargain: Ascendant, Tyrannical, Challenger's Peril, Fortified",紅色人種,Death Knight,Frost,dps,Arthas
782,337.2,302436532,11,Mists of Tirna Scithe,2024-10-24T05:51:38.000Z,1777587,1890999,1,"Xal'atath's Bargain: Ascendant, Fortified, Challenger's Peril, Tyrannical",Whitesummer,Mage,Frost,dps,Icecrown
782,337.2,302436532,11,Mists of Tirna Scithe,2024-10-24T05:51:38.000Z,1777587,1890999,1,"Xal'atath's Bargain: Ascendant, Fortified, Challenger's Peril, Tyrannical",迷狐寶寶,Monk,Mistweaver,healer,Zealot Blade
782,337.2,302436532,11,Mists of Tirna Scithe,2024-10-24T05:51:38.000Z,1777587,1890999,1,"Xal'atath's Bargain: Ascendant, Fortified, Challenger's Peril, Tyrannical",陌刀與玫瑰,Druid,Guardian,tank,Crystalpine Stinger
782,337.2,302436532,11,Mists of Tirna Scithe,2024-10-24T05:51:38.000Z,1777587,1890999,1,"Xal'atath's Bargain: Ascendant, Fortified, Challenger's Peril, Tyrannical",Colo,Paladin,Retribution,dps,Silverwing Hold
782,337.2,302436532,11,Mists of Tirna Scithe,2024-10-24T05:51:38.000Z,1777587,1890999,1,"Xal'atath's Bargain: Ascendant, Fortified, Challenger's Peril, Tyrannical",舒大人,Shaman,Elemental,dps,Whisperwind
783,337.2,307121070,11,Mists of Tirna Scithe,2024-11-14T05:49:39.000Z,1779047,1890999,1,"Xal'atath's Bargain: Ascendant, Tyrannical, Challenger's Peril, Fortified",愛莎莉絲,Paladin,Retribution,dps,Crystalpine Stinger
783,337.2,307121070,11,Mists of Tirna Scithe,2024-11-14T05:49:39.000Z,1779047,1890999,1,"Xal'atath's Bargain: Ascendant, Tyrannical, Challenger's Peril, Fortified",天然安格斯牛,Druid,Restoration,healer,Sundown Marsh
783,337.2,307121070,11,Mists of Tirna Scithe,2024-11-14T05:49:39.000Z,1779047,1890999,1,"Xal'atath's Bargain: Ascendant, Tyrannical, Challenger's Peril, Fortified",包包袋,Paladin,Protection,tank,Sundown Marsh
783,337.2,307121070,11,Mists of Tirna Scithe,2024-11-14T05:49:39.000Z,1779047,1890999,1,"Xal'atath's Bargain: Ascendant, Tyrannical, Challenger's Peril, Fortified",燃滅龍,Evoker,Augmentation,dps,Crystalpine Stinger
783,337.2,307121070,11,Mists of Tirna Scithe,2024-11-14T05:49:39.000Z,1779047,1890999,1,"Xal'atath's Bargain: Ascendant, Tyrannical, Challenger's Peril, Fortified",還有高手,Shaman,Elemental,dps,Shadowmoon
784,337.2,308234190,11,Mists of Tirna Scithe,2024-11-19T16:10:30.000Z,1779447,1890999,1,"Xal'atath's Bargain: Ascendant, Tyrannical, Challenger's Peril, Fortified",奈芙緹緹,Priest,Discipline,healer,Sundown Marsh
784,337.2,308234190,11,Mists of Tirna Scithe,2024-11-19T16:10:30.000Z,1779447,1890999,1,"Xal'atath's Bargain: Ascendant, Tyrannical, Challenger's Peril, Fortified",維尼寫詩,Druid,Balance,dps,Quel'dorei
784,337.2,308234190,11,Mists of Tirna Scithe,2024-11-19T16:10:30.000Z,1779447,1890999,1,"Xal'atath's Bargain: Ascendant, Tyrannical, Challenger's Peril, Fortified",閃亮亮阿法,Paladin,Protection,tank,Sundown Marsh
784,337.2,308234190,11,Mists of Tirna Scithe,2024-11-19T16:10:30.000Z,1779447,1890999,1,"Xal'atath's Bargain: Ascendant, Tyrannical, Challenger's Peril, Fortified",零淚水聲落,Paladin,Retribution,dps,Arthas
784,337.2,308234190,11,Mists of Tirna Scithe,2024-11-19T16:10:30.000Z,1779447,1890999,1,"Xal'atath's Bargain: Ascendant, Tyrannical, Challenger's Peril, Fortified",波士頓龍蝦堡,Evoker,Augmentation,dps,Shadowmoon
785,337.2,303138724,11,Mists of Tirna Scithe,2024-10-27T08:54:30.000Z,1779905,1890999,1,"Xal'atath's Bargain: Ascendant, Fortified, Challenger's Peril, Tyrannical",友善的肥牛,Shaman,Restoration,healer,Wrathbringer
785,337.2,303138724,11,Mists of Tirna Scithe,2024-10-27T08:54:30.000Z,1779905,1890999,1,"Xal'atath's Bargain: Ascendant, Fortified, Challenger's Peril, Tyrannical",凱赫洛斯,Paladin,Retribution,dps,Crystalpine Stinger
785,337.2,303138724,11,Mists of Tirna Scithe,2024-10-27T08:54:30.000Z,1779905,1890999,1,"Xal'atath's Bargain: Ascendant, Fortified, Challenger's Peril, Tyrannical",元吉,Death Knight,Blood,tank,Menethil
785,337.2,303138724,11,Mists of Tirna Scithe,2024-10-27T08:54:30.000Z,1779905,1890999,1,"Xal'atath's Bargain: Ascendant, Fortified, Challenger's Peril, Tyrannical",梅迪爾莉,Hunter,Beast Mastery,dps,Shadowmoon
785,337.2,303138724,11,Mists of Tirna Scithe,2024-10-27T08:54:30.000Z,1779905,1890999,1,"Xal'atath's Bargain: Ascendant, Fortified, Challenger's Peril, Tyrannical",我沒有豆豆,Mage,Arcane,dps,Quel'dorei
786,337.2,299877854,11,Mists of Tirna Scithe,2024-10-27T13:51:51.000Z,1780174,1890999,1,"Xal'atath's Bargain: Ascendant, Fortified, Challenger's Peril, Tyrannical",天使熊,Death Knight,Blood,tank,Shadowmoon
786,337.2,299877854,11,Mists of Tirna Scithe,2024-10-27T13:51:51.000Z,1780174,1890999,1,"Xal'atath's Bargain: Ascendant, Fortified, Challenger's Peril, Tyrannical",Liudavid,Rogue,Outlaw,dps,Shadowmoon
786,337.2,299877854,11,Mists of Tirna Scithe,2024-10-27T13:51:51.000Z,1780174,1890999,1,"Xal'atath's Bargain: Ascendant, Fortified, Challenger's Peril, Tyrannical",我的兔子聯盟,Shaman,Restoration,healer,Shadowmoon
786,337.2,299877854,11,Mists of Tirna Scithe,2024-10-27T13:51:51.000Z,1780174,1890999,1,"Xal'atath's Bargain: Ascendant, Fortified, Challenger's Peril, Tyrannical",風滔,Mage,Frost,dps,Shadowmoon
786,337.2,299877854,11,Mists of Tirna Scithe,2024-10-27T13:51:51.000Z,1780174,1890999,1,"Xal'atath's Bargain: Ascendant, Fortified, Challenger's Peril, Tyrannical",麻枝來打棒球,Druid,Balance,dps,Shadowmoon
787,337.2,302711220,11,Mists of Tirna Scithe,2024-10-25T15:17:36.000Z,1780862,1890999,1,"Xal'atath's Bargain: Ascendant, Fortified, Challenger's Peril, Tyrannical",妡甯,Priest,Shadow,dps,Skywall
787,337.2,302711220,11,Mists of Tirna Scithe,2024-10-25T15:17:36.000Z,1780862,1890999,1,"Xal'atath's Bargain: Ascendant, Fortified, Challenger's Peril, Tyrannical",Ayin,Hunter,Beast Mastery,dps,Crystalpine Stinger
787,337.2,302711220,11,Mists of Tirna Scithe,2024-10-25T15:17:36.000Z,1780862,1890999,1,"Xal'atath's Bargain: Ascendant, Fortified, Challenger's Peril, Tyrannical",一迷璃一,Priest,Holy,healer,Crystalpine Stinger
787,337.2,302711220,11,Mists of Tirna Scithe,2024-10-25T15:17:36.000Z,1780862,1890999,1,"Xal'atath's Bargain: Ascendant, Fortified, Challenger's Peril, Tyrannical",升呢雀草酒仁,Death Knight,Frost,dps,Crystalpine Stinger
787,337.2,302711220,11,Mists of Tirna Scithe,2024-10-25T15:17:36.000Z,1780862,1890999,1,"Xal'atath's Bargain: Ascendant, Fortified, Challenger's Peril, Tyrannical",奧格聖,Paladin,Protection,tank,Crystalpine Stinger
788,337.2,304972551,11,Mists of Tirna Scithe,2024-11-15T16:42:43.000Z,1780995,1890999,1,"Xal'atath's Bargain: Ascendant, Tyrannical, Challenger's Peril, Fortified",薩拉的眼淚,Shaman,Restoration,healer,Arygos
788,337.2,304972551,11,Mists of Tirna Scithe,2024-11-15T16:42:43.000Z,1780995,1890999,1,"Xal'atath's Bargain: Ascendant, Tyrannical, Challenger's Peril, Fortified",雪麗露諾姆,Demon Hunter,Havoc,dps,Arygos
788,337.2,304972551,11,Mists of Tirna Scithe,2024-11-15T16:42:43.000Z,1780995,1890999,1,"Xal'atath's Bargain: Ascendant, Tyrannical, Challenger's Peril, Fortified",花千雪,Warrior,Protection,tank,Order of the Cloud Serpent
788,337.2,304972551,11,Mists of Tirna Scithe,2024-11-15T16:42:43.000Z,1780995,1890999,1,"Xal'atath's Bargain: Ascendant, Tyrannical, Challenger's Peril, Fortified",Shaonnatsu,Shaman,Elemental,dps,Arygos
788,337.2,304972551,11,Mists of Tirna Scithe,2024-11-15T16:42:43.000Z,1780995,1890999,1,"Xal'atath's Bargain: Ascendant, Tyrannical, Challenger's Peril, Fortified",萱芷,Paladin,Retribution,dps,World Tree
789,337.1,308195989,11,Mists of Tirna Scithe,2024-11-20T00:58:15.000Z,1784142,1890999,1,"Xal'atath's Bargain: Ascendant, Tyrannical, Challenger's Peril, Fortified",謙心萬苦,Warlock,Demonology,dps,Sundown Marsh
789,337.1,308195989,11,Mists of Tirna Scithe,2024-11-20T00:58:15.000Z,1784142,1890999,1,"Xal'atath's Bargain: Ascendant, Tyrannical, Challenger's Peril, Fortified",波奇醬融化了,Shaman,Enhancement,dps,Light's Hope
789,337.1,308195989,11,Mists of Tirna Scithe,2024-11-20T00:58:15.000Z,1784142,1890999,1,"Xal'atath's Bargain: Ascendant, Tyrannical, Challenger's Peril, Fortified",Woodypal,Paladin,Protection,tank,Sundown Marsh
789,337.1,308195989,11,Mists of Tirna Scithe,2024-11-20T00:58:15.000Z,1784142,1890999,1,"Xal'atath's Bargain: Ascendant, Tyrannical, Challenger's Peril, Fortified",Artie,Priest,Discipline,healer,Arthas
789,337.1,308195989,11,Mists of Tirna Scithe,2024-11-20T00:58:15.000Z,1784142,1890999,1,"Xal'atath's Bargain: Ascendant, Tyrannical, Challenger's Peril, Fortified",海倫先弄濕,Evoker,Augmentation,dps,Sundown Marsh
790,337.1,302511074,11,Mists of Tirna Scithe,2024-10-24T16:05:57.000Z,1785126,1890999,1,"Xal'atath's Bargain: Ascendant, Fortified, Challenger's Peril, Tyrannical",Aseitas,Paladin,Holy,healer,Wrathbringer
790,337.1,302511074,11,Mists of Tirna Scithe,2024-10-24T16:05:57.000Z,1785126,1890999,1,"Xal'atath's Bargain: Ascendant, Fortified, Challenger's Peril, Tyrannical",Chisato,Hunter,Marksmanship,dps,Crystalpine Stinger
790,337.1,302511074,11,Mists of Tirna Scithe,2024-10-24T16:05:57.000Z,1785126,1890999,1,"Xal'atath's Bargain: Ascendant, Fortified, Challenger's Peril, Tyrannical",Kákárót,Evoker,Augmentation,dps,Crystalpine Stinger
790,337.1,302511074,11,Mists of Tirna Scithe,2024-10-24T16:05:57.000Z,1785126,1890999,1,"Xal'atath's Bargain: Ascendant, Fortified, Challenger's Peril, Tyrannical",Ardyn,Paladin,Protection,tank,Crystalpine Stinger
790,337.1,302511074,11,Mists of Tirna Scithe,2024-10-24T16:05:57.000Z,1785126,1890999,1,"Xal'atath's Bargain: Ascendant, Fortified, Challenger's Peril, Tyrannical",風鈴草,Druid,Feral,dps,Shadowmoon
791,337,302680572,11,Mists of Tirna Scithe,2024-10-25T14:49:30.000Z,1787848,1890999,1,"Xal'atath's Bargain: Ascendant, Fortified, Challenger's Peril, Tyrannical",嘉依卡,Paladin,Retribution,dps,Crystalpine Stinger
791,337,302680572,11,Mists of Tirna Scithe,2024-10-25T14:49:30.000Z,1787848,1890999,1,"Xal'atath's Bargain: Ascendant, Fortified, Challenger's Peril, Tyrannical",六十六個獵人,Hunter,Survival,dps,Crystalpine Stinger
791,337,302680572,11,Mists of Tirna Scithe,2024-10-25T14:49:30.000Z,1787848,1890999,1,"Xal'atath's Bargain: Ascendant, Fortified, Challenger's Peril, Tyrannical",捌十捌號技師,Paladin,Retribution,dps,Crystalpine Stinger
791,337,302680572,11,Mists of Tirna Scithe,2024-10-25T14:49:30.000Z,1787848,1890999,1,"Xal'atath's Bargain: Ascendant, Fortified, Challenger's Peril, Tyrannical",熊貓貓,Shaman,Restoration,healer,Crystalpine Stinger
791,337,302680572,11,Mists of Tirna Scithe,2024-10-25T14:49:30.000Z,1787848,1890999,1,"Xal'atath's Bargain: Ascendant, Fortified, Challenger's Peril, Tyrannical",筱倭瓜,Paladin,Protection,tank,Crystalpine Stinger
792,337,303825184,11,Mists of Tirna Scithe,2024-10-30T11:26:58.000Z,1788397,1890999,1,"Xal'atath's Bargain: Ascendant, Fortified, Challenger's Peril, Tyrannical",愛瑞斯,Warrior,Fury,dps,Light's Hope
792,337,303825184,11,Mists of Tirna Scithe,2024-10-30T11:26:58.000Z,1788397,1890999,1,"Xal'atath's Bargain: Ascendant, Fortified, Challenger's Peril, Tyrannical",咕姑固,Druid,Balance,dps,Shadowmoon
792,337,303825184,11,Mists of Tirna Scithe,2024-10-30T11:26:58.000Z,1788397,1890999,1,"Xal'atath's Bargain: Ascendant, Fortified, Challenger's Peril, Tyrannical",Druidkit,Druid,Guardian,tank,Skywall
792,337,303825184,11,Mists of Tirna Scithe,2024-10-30T11:26:58.000Z,1788397,1890999,1,"Xal'atath's Bargain: Ascendant, Fortified, Challenger's Peril, Tyrannical",舒大人,Shaman,Elemental,dps,Whisperwind
792,337,303825184,11,Mists of Tirna Scithe,2024-10-30T11:26:58.000Z,1788397,1890999,1,"Xal'atath's Bargain: Ascendant, Fortified, Challenger's Peril, Tyrannical",灀灀,Shaman,Restoration,healer,Light's Hope
793,337,303461797,11,Mists of Tirna Scithe,2024-10-28T11:51:47.000Z,1788651,1890999,1,"Xal'atath's Bargain: Ascendant, Fortified, Challenger's Peril, Tyrannical",法克斯滿,Shaman,Enhancement,dps,Bleeding Hollow
793,337,303461797,11,Mists of Tirna Scithe,2024-10-28T11:51:47.000Z,1788651,1890999,1,"Xal'atath's Bargain: Ascendant, Fortified, Challenger's Peril, Tyrannical",開怪雞,Hunter,Beast Mastery,dps,Stormscale
793,337,303461797,11,Mists of Tirna Scithe,2024-10-28T11:51:47.000Z,1788651,1890999,1,"Xal'atath's Bargain: Ascendant, Fortified, Challenger's Peril, Tyrannical",無碼才是王道,Priest,Shadow,dps,Stormscale
793,337,303461797,11,Mists of Tirna Scithe,2024-10-28T11:51:47.000Z,1788651,1890999,1,"Xal'atath's Bargain: Ascendant, Fortified, Challenger's Peril, Tyrannical",月遙遙,Shaman,Restoration,healer,Sundown Marsh
793,337,303461797,11,Mists of Tirna Scithe,2024-10-28T11:51:47.000Z,1788651,1890999,1,"Xal'atath's Bargain: Ascendant, Fortified, Challenger's Peril, Tyrannical",賴清德撲,Druid,Guardian,tank,Bleeding Hollow
794,337,302924808,11,Mists of Tirna Scithe,2024-10-26T13:30:10.000Z,1789273,1890999,1,"Xal'atath's Bargain: Ascendant, Fortified, Challenger's Peril, Tyrannical",Ariadne,Paladin,Retribution,dps,Skywall
794,337,302924808,11,Mists of Tirna Scithe,2024-10-26T13:30:10.000Z,1789273,1890999,1,"Xal'atath's Bargain: Ascendant, Fortified, Challenger's Peril, Tyrannical",萬物皆戰士,Warrior,Protection,tank,World Tree
794,337,302924808,11,Mists of Tirna Scithe,2024-10-26T13:30:10.000Z,1789273,1890999,1,"Xal'atath's Bargain: Ascendant, Fortified, Challenger's Peril, Tyrannical",聽的見嗎,Mage,Frost,dps,Arthas
794,337,302924808,11,Mists of Tirna Scithe,2024-10-26T13:30:10.000Z,1789273,1890999,1,"Xal'atath's Bargain: Ascendant, Fortified, Challenger's Peril, Tyrannical",醬爆雞丁,Paladin,Retribution,dps,Skywall
794,337,302924808,11,Mists of Tirna Scithe,2024-10-26T13:30:10.000Z,1789273,1890999,1,"Xal'atath's Bargain: Ascendant, Fortified, Challenger's Peril, Tyrannical",托斯瑪,Shaman,Restoration,healer,Sundown Marsh
795,337,303161495,11,Mists of Tirna Scithe,2024-10-27T11:47:14.000Z,1790529,1890999,1,"Xal'atath's Bargain: Ascendant, Fortified, Challenger's Peril, Tyrannical",流汗的腳毛,Druid,Balance,dps,Wrathbringer
795,337,303161495,11,Mists of Tirna Scithe,2024-10-27T11:47:14.000Z,1790529,1890999,1,"Xal'atath's Bargain: Ascendant, Fortified, Challenger's Peril, Tyrannical",踏山河啊杰,Hunter,Marksmanship,dps,Shadowmoon
795,337,303161495,11,Mists of Tirna Scithe,2024-10-27T11:47:14.000Z,1790529,1890999,1,"Xal'atath's Bargain: Ascendant, Fortified, Challenger's Peril, Tyrannical",隨風飄拭,Demon Hunter,Havoc,dps,Light's Hope
795,337,303161495,11,Mists of Tirna Scithe,2024-10-27T11:47:14.000Z,1790529,1890999,1,"Xal'atath's Bargain: Ascendant, Fortified, Challenger's Peril, Tyrannical",山高水長,Warrior,Protection,tank,Wrathbringer
795,337,303161495,11,Mists of Tirna Scithe,2024-10-27T11:47:14.000Z,1790529,1890999,1,"Xal'atath's Bargain: Ascendant, Fortified, Challenger's Peril, Tyrannical",肉渣哥,Shaman,Restoration,healer,Hellscream
796,336.9,302963636,11,Mists of Tirna Scithe,2024-10-26T16:22:13.000Z,1794267,1890999,1,"Xal'atath's Bargain: Ascendant, Fortified, Challenger's Peril, Tyrannical",Relaxnight,Warlock,Destruction,dps,Arygos
796,336.9,302963636,11,Mists of Tirna Scithe,2024-10-26T16:22:13.000Z,1794267,1890999,1,"Xal'atath's Bargain: Ascendant, Fortified, Challenger's Peril, Tyrannical",伊蕾恩,Death Knight,Frost,dps,Arygos
796,336.9,302963636,11,Mists of Tirna Scithe,2024-10-26T16:22:13.000Z,1794267,1890999,1,"Xal'atath's Bargain: Ascendant, Fortified, Challenger's Peril, Tyrannical",琴藝獨奏曲,Shaman,Elemental,dps,Sundown Marsh
796,336.9,302963636,11,Mists of Tirna Scithe,2024-10-26T16:22:13.000Z,1794267,1890999,1,"Xal'atath's Bargain: Ascendant, Fortified, Challenger's Peril, Tyrannical",農硫酸,Druid,Restoration,healer,Arygos
796,336.9,302963636,11,Mists of Tirna Scithe,2024-10-26T16:22:13.000Z,1794267,1890999,1,"Xal'atath's Bargain: Ascendant, Fortified, Challenger's Peril, Tyrannical",真紅眼火龍,Warrior,Protection,tank,Arygos
797,336.9,307922357,11,Mists of Tirna Scithe,2024-11-18T14:41:45.000Z,1794530,1890999,1,"Xal'atath's Bargain: Ascendant, Tyrannical, Challenger's Peril, Fortified",紫鈺冰兒,Priest,Discipline,healer,Nightsong
797,336.9,307922357,11,Mists of Tirna Scithe,2024-11-18T14:41:45.000Z,1794530,1890999,1,"Xal'atath's Bargain: Ascendant, Tyrannical, Challenger's Peril, Fortified",Aslin,Paladin,Protection,tank,World Tree
797,336.9,307922357,11,Mists of Tirna Scithe,2024-11-18T14:41:45.000Z,1794530,1890999,1,"Xal'atath's Bargain: Ascendant, Tyrannical, Challenger's Peril, Fortified",一天十八斤,Paladin,Retribution,dps,Stormscale
797,336.9,307922357,11,Mists of Tirna Scithe,2024-11-18T14:41:45.000Z,1794530,1890999,1,"Xal'atath's Bargain: Ascendant, Tyrannical, Challenger's Peril, Fortified",Masamunesix,Warlock,Destruction,dps,Quel'dorei
797,336.9,307922357,11,Mists of Tirna Scithe,2024-11-18T14:41:45.000Z,1794530,1890999,1,"Xal'atath's Bargain: Ascendant, Tyrannical, Challenger's Peril, Fortified",Klto,Shaman,Enhancement,dps,Shadowmoon
798,336.9,307515570,11,Mists of Tirna Scithe,2024-11-16T15:18:29.000Z,1794992,1890999,1,"Xal'atath's Bargain: Ascendant, Tyrannical, Challenger's Peril, Fortified",不能摸的起司,Demon Hunter,Vengeance,tank,Shadowmoon
798,336.9,307515570,11,Mists of Tirna Scithe,2024-11-16T15:18:29.000Z,1794992,1890999,1,"Xal'atath's Bargain: Ascendant, Tyrannical, Challenger's Peril, Fortified",史帝芬周星星,Death Knight,Frost,dps,Whisperwind
798,336.9,307515570,11,Mists of Tirna Scithe,2024-11-16T15:18:29.000Z,1794992,1890999,1,"Xal'atath's Bargain: Ascendant, Tyrannical, Challenger's Peril, Fortified",身高一尺七,Shaman,Restoration,healer,Wrathbringer
798,336.9,307515570,11,Mists of Tirna Scithe,2024-11-16T15:18:29.000Z,1794992,1890999,1,"Xal'atath's Bargain: Ascendant, Tyrannical, Challenger's Peril, Fortified",窩辣法可-230402032,Warlock,Destruction,dps,Sundown Marsh
798,336.9,307515570,11,Mists of Tirna Scithe,2024-11-16T15:18:29.000Z,1794992,1890999,1,"Xal'atath's Bargain: Ascendant, Tyrannical, Challenger's Peril, Fortified",祇惠帑萍,Rogue,Assassination,dps,Arthas
799,336.9,303154881,11,Mists of Tirna Scithe,2024-10-27T06:20:40.000Z,1795524,1890999,1,"Xal'atath's Bargain: Ascendant, Fortified, Challenger's Peril, Tyrannical",芙蕾蒂雅,Priest,Holy,healer,Whisperwind
799,336.9,303154881,11,Mists of Tirna Scithe,2024-10-27T06:20:40.000Z,1795524,1890999,1,"Xal'atath's Bargain: Ascendant, Fortified, Challenger's Peril, Tyrannical",我佛瓷杯,Paladin,Retribution,dps,Shadowmoon
799,336.9,303154881,11,Mists of Tirna Scithe,2024-10-27T06:20:40.000Z,1795524,1890999,1,"Xal'atath's Bargain: Ascendant, Fortified, Challenger's Peril, Tyrannical",萬物皆戰士,Warrior,Protection,tank,World Tree
799,336.9,303154881,11,Mists of Tirna Scithe,2024-10-27T06:20:40.000Z,1795524,1890999,1,"Xal'atath's Bargain: Ascendant, Fortified, Challenger's Peril, Tyrannical",魂不附體,Death Knight,Frost,dps,Zealot Blade
799,336.9,303154881,11,Mists of Tirna Scithe,2024-10-27T06:20:40.000Z,1795524,1890999,1,"Xal'atath's Bargain: Ascendant, Fortified, Challenger's Peril, Tyrannical",電愛要摳摳,Shaman,Elemental,dps,Shadowmoon
800,336.9,303864216,11,Mists of Tirna Scithe,2024-10-30T16:36:45.000Z,1796306,1890999,1,"Xal'atath's Bargain: Ascendant, Fortified, Challenger's Peril, Tyrannical",祖阿妮,Shaman,Restoration,healer,Sundown Marsh
800,336.9,303864216,11,Mists of Tirna Scithe,2024-10-30T16:36:45.000Z,1796306,1890999,1,"Xal'atath's Bargain: Ascendant, Fortified, Challenger's Peril, Tyrannical",可口小波羅,Hunter,Beast Mastery,dps,Skywall
800,336.9,303864216,11,Mists of Tirna Scithe,2024-10-30T16:36:45.000Z,1796306,1890999,1,"Xal'atath's Bargain: Ascendant, Fortified, Challenger's Peril, Tyrannical",Cartierwlk,Warlock,Affliction,dps,Frostmane
800,336.9,303864216,11,Mists of Tirna Scithe,2024-10-30T16:36:45.000Z,1796306,1890999,1,"Xal'atath's Bargain: Ascendant, Fortified, Challenger's Peril, Tyrannical",薩滿胖,Shaman,Elemental,dps,World Tree
800,336.9,303864216,11,Mists of Tirna Scithe,2024-10-30T16:36:45.000Z,1796306,1890999,1,"Xal'atath's Bargain: Ascendant, Fortified, Challenger's Peril, Tyrannical",蘑菇蘑菇,Paladin,Protection,tank,Icecrown
801,336.9,307184824,11,Mists of Tirna Scithe,2024-11-14T17:34:30.000Z,1796378,1890999,1,"Xal'atath's Bargain: Ascendant, Tyrannical, Challenger's Peril, Fortified",呂法蘭絲忒荿,Mage,Arcane,dps,Arygos
801,336.9,307184824,11,Mists of Tirna Scithe,2024-11-14T17:34:30.000Z,1796378,1890999,1,"Xal'atath's Bargain: Ascendant, Tyrannical, Challenger's Peril, Fortified",飛天御劍流,Death Knight,Blood,tank,Bleeding Hollow
801,336.9,307184824,11,Mists of Tirna Scithe,2024-11-14T17:34:30.000Z,1796378,1890999,1,"Xal'atath's Bargain: Ascendant, Tyrannical, Challenger's Peril, Fortified",努努的傲慢,Paladin,Retribution,dps,Bleeding Hollow
801,336.9,307184824,11,Mists of Tirna Scithe,2024-11-14T17:34:30.000Z,1796378,1890999,1,"Xal'atath's Bargain: Ascendant, Tyrannical, Challenger's Peril, Fortified",勾濕卜,Evoker,Preservation,healer,Shadowmoon
801,336.9,307184824,11,Mists of Tirna Scithe,2024-11-14T17:34:30.000Z,1796378,1890999,1,"Xal'atath's Bargain: Ascendant, Tyrannical, Challenger's Peril, Fortified",多汁少女,Paladin,Retribution,dps,Stormscale
802,336.9,307537236,11,Mists of Tirna Scithe,2024-11-16T17:27:13.000Z,1796410,1890999,1,"Xal'atath's Bargain: Ascendant, Tyrannical, Challenger's Peril, Fortified",Tanzanite,Druid,Restoration,healer,Hellscream
802,336.9,307537236,11,Mists of Tirna Scithe,2024-11-16T17:27:13.000Z,1796410,1890999,1,"Xal'atath's Bargain: Ascendant, Tyrannical, Challenger's Peril, Fortified",Antyk,Mage,Arcane,dps,Hellscream
802,336.9,307537236,11,Mists of Tirna Scithe,2024-11-16T17:27:13.000Z,1796410,1890999,1,"Xal'atath's Bargain: Ascendant, Tyrannical, Challenger's Peril, Fortified",摯愛梵高,Paladin,Protection,tank,Quel'dorei
802,336.9,307537236,11,Mists of Tirna Scithe,2024-11-16T17:27:13.000Z,1796410,1890999,1,"Xal'atath's Bargain: Ascendant, Tyrannical, Challenger's Peril, Fortified",Zootopib,Death Knight,Frost,dps,Hellscream
802,336.9,307537236,11,Mists of Tirna Scithe,2024-11-16T17:27:13.000Z,1796410,1890999,1,"Xal'atath's Bargain: Ascendant, Tyrannical, Challenger's Peril, Fortified",悶我,Rogue,Assassination,dps,Wrathbringer
803,336.8,307264337,11,Mists of Tirna Scithe,2024-11-15T03:45:19.000Z,1797818,1890999,1,"Xal'atath's Bargain: Ascendant, Tyrannical, Challenger's Peril, Fortified",歲月留憾,Evoker,Devastation,dps,Demon Fall Canyon
803,336.8,307264337,11,Mists of Tirna Scithe,2024-11-15T03:45:19.000Z,1797818,1890999,1,"Xal'atath's Bargain: Ascendant, Tyrannical, Challenger's Peril, Fortified",Opopopya,Priest,Discipline,healer,Sundown Marsh
803,336.8,307264337,11,Mists of Tirna Scithe,2024-11-15T03:45:19.000Z,1797818,1890999,1,"Xal'atath's Bargain: Ascendant, Tyrannical, Challenger's Peril, Fortified",宮美春車,Demon Hunter,Vengeance,tank,Frostmane
803,336.8,307264337,11,Mists of Tirna Scithe,2024-11-15T03:45:19.000Z,1797818,1890999,1,"Xal'atath's Bargain: Ascendant, Tyrannical, Challenger's Peril, Fortified",Kirkpatirck,Warlock,Affliction,dps,Crystalpine Stinger
803,336.8,307264337,11,Mists of Tirna Scithe,2024-11-15T03:45:19.000Z,1797818,1890999,1,"Xal'atath's Bargain: Ascendant, Tyrannical, Challenger's Peril, Fortified",晚餐妳想,Paladin,Retribution,dps,Arthas
804,336.8,307914722,11,Mists of Tirna Scithe,2024-11-18T14:23:57.000Z,1799358,1890999,1,"Xal'atath's Bargain: Ascendant, Tyrannical, Challenger's Peril, Fortified",魔子,Demon Hunter,Vengeance,tank,Zealot Blade
804,336.8,307914722,11,Mists of Tirna Scithe,2024-11-18T14:23:57.000Z,1799358,1890999,1,"Xal'atath's Bargain: Ascendant, Tyrannical, Challenger's Peril, Fortified",米粉兒,Priest,Discipline,healer,Order of the Cloud Serpent
804,336.8,307914722,11,Mists of Tirna Scithe,2024-11-18T14:23:57.000Z,1799358,1890999,1,"Xal'atath's Bargain: Ascendant, Tyrannical, Challenger's Peril, Fortified",極堊非道,Paladin,Retribution,dps,Zealot Blade
804,336.8,307914722,11,Mists of Tirna Scithe,2024-11-18T14:23:57.000Z,1799358,1890999,1,"Xal'atath's Bargain: Ascendant, Tyrannical, Challenger's Peril, Fortified",硯迴,Hunter,Beast Mastery,dps,Sundown Marsh
804,336.8,307914722,11,Mists of Tirna Scithe,2024-11-18T14:23:57.000Z,1799358,1890999,1,"Xal'atath's Bargain: Ascendant, Tyrannical, Challenger's Peril, Fortified",馬奇紳士,Death Knight,Frost,dps,Spirestone
805,336.8,307917887,11,Mists of Tirna Scithe,2024-11-18T14:41:28.000Z,1801699,1890999,1,"Xal'atath's Bargain: Ascendant, Tyrannical, Challenger's Peril, Fortified",哞姆,Paladin,Retribution,dps,Nightsong
805,336.8,307917887,11,Mists of Tirna Scithe,2024-11-18T14:41:28.000Z,1801699,1890999,1,"Xal'atath's Bargain: Ascendant, Tyrannical, Challenger's Peril, Fortified",惑月,Hunter,Marksmanship,dps,World Tree
805,336.8,307917887,11,Mists of Tirna Scithe,2024-11-18T14:41:28.000Z,1801699,1890999,1,"Xal'atath's Bargain: Ascendant, Tyrannical, Challenger's Peril, Fortified",哈妮將軍,Warrior,Protection,tank,Nightsong
805,336.8,307917887,11,Mists of Tirna Scithe,2024-11-18T14:41:28.000Z,1801699,1890999,1,"Xal'atath's Bargain: Ascendant, Tyrannical, Challenger's Peril, Fortified",帕利迪斯,Druid,Restoration,healer,Nightsong
805,336.8,307917887,11,Mists of Tirna Scithe,2024-11-18T14:41:28.000Z,1801699,1890999,1,"Xal'atath's Bargain: Ascendant, Tyrannical, Challenger's Peril, Fortified",文班亞馬,Mage,Frost,dps,Icecrown
806,336.8,307170772,11,Mists of Tirna Scithe,2024-11-14T15:21:05.000Z,1802056,1890999,1,"Xal'atath's Bargain: Ascendant, Tyrannical, Challenger's Peril, Fortified",Känä,Shaman,Restoration,healer,Wrathbringer
806,336.8,307170772,11,Mists of Tirna Scithe,2024-11-14T15:21:05.000Z,1802056,1890999,1,"Xal'atath's Bargain: Ascendant, Tyrannical, Challenger's Peril, Fortified",去啦比卡超,Hunter,Beast Mastery,dps,Crystalpine Stinger
806,336.8,307170772,11,Mists of Tirna Scithe,2024-11-14T15:21:05.000Z,1802056,1890999,1,"Xal'atath's Bargain: Ascendant, Tyrannical, Challenger's Peril, Fortified",黑獅牛肉麵,Death Knight,Unholy,dps,Crystalpine Stinger
806,336.8,307170772,11,Mists of Tirna Scithe,2024-11-14T15:21:05.000Z,1802056,1890999,1,"Xal'atath's Bargain: Ascendant, Tyrannical, Challenger's Peril, Fortified",流云若雨,Mage,Frost,dps,Crystalpine Stinger
806,336.8,307170772,11,Mists of Tirna Scithe,2024-11-14T15:21:05.000Z,1802056,1890999,1,"Xal'atath's Bargain: Ascendant, Tyrannical, Challenger's Peril, Fortified",Åkï,Death Knight,Blood,tank,Crystalpine Stinger
807,336.7,299590254,11,Mists of Tirna Scithe,2024-10-26T07:10:11.000Z,1803366,1890999,1,"Xal'atath's Bargain: Ascendant, Fortified, Challenger's Peril, Tyrannical",戴虎,Hunter,Survival,dps,Arygos
807,336.7,299590254,11,Mists of Tirna Scithe,2024-10-26T07:10:11.000Z,1803366,1890999,1,"Xal'atath's Bargain: Ascendant, Fortified, Challenger's Peril, Tyrannical",蒂安希婭,Paladin,Retribution,dps,Shadowmoon
807,336.7,299590254,11,Mists of Tirna Scithe,2024-10-26T07:10:11.000Z,1803366,1890999,1,"Xal'atath's Bargain: Ascendant, Fortified, Challenger's Peril, Tyrannical",無極天道,Paladin,Holy,healer,Whisperwind
807,336.7,299590254,11,Mists of Tirna Scithe,2024-10-26T07:10:11.000Z,1803366,1890999,1,"Xal'atath's Bargain: Ascendant, Fortified, Challenger's Peril, Tyrannical",口袋不深,Warlock,Demonology,dps,Chillwind Point
807,336.7,299590254,11,Mists of Tirna Scithe,2024-10-26T07:10:11.000Z,1803366,1890999,1,"Xal'atath's Bargain: Ascendant, Fortified, Challenger's Peril, Tyrannical",寵兒,Paladin,Protection,tank,World Tree
808,336.7,303449971,11,Mists of Tirna Scithe,2024-10-28T17:10:56.000Z,1804050,1890999,1,"Xal'atath's Bargain: Ascendant, Fortified, Challenger's Peril, Tyrannical",Anon70BA0F8,Warlock,Destruction,dps,Anonymous
808,336.7,303449971,11,Mists of Tirna Scithe,2024-10-28T17:10:56.000Z,1804050,1890999,1,"Xal'atath's Bargain: Ascendant, Fortified, Challenger's Peril, Tyrannical",曉曉天,Priest,Discipline,healer,Sundown Marsh
808,336.7,303449971,11,Mists of Tirna Scithe,2024-10-28T17:10:56.000Z,1804050,1890999,1,"Xal'atath's Bargain: Ascendant, Fortified, Challenger's Peril, Tyrannical",Nornis-226680920,Evoker,Augmentation,dps,Shadowmoon
808,336.7,303449971,11,Mists of Tirna Scithe,2024-10-28T17:10:56.000Z,1804050,1890999,1,"Xal'atath's Bargain: Ascendant, Fortified, Challenger's Peril, Tyrannical",AnonD8DFAFD,Warrior,Fury,dps,Anonymous
808,336.7,303449971,11,Mists of Tirna Scithe,2024-10-28T17:10:56.000Z,1804050,1890999,1,"Xal'atath's Bargain: Ascendant, Fortified, Challenger's Peril, Tyrannical",AnonD9171A2,Druid,Guardian,tank,Anonymous
809,336.7,302509421,11,Mists of Tirna Scithe,2024-10-24T17:05:26.000Z,1804431,1890999,1,"Xal'atath's Bargain: Ascendant, Fortified, Challenger's Peril, Tyrannical",伊喵咪-66335224,Shaman,Elemental,dps,Whisperwind
809,336.7,302509421,11,Mists of Tirna Scithe,2024-10-24T17:05:26.000Z,1804431,1890999,1,"Xal'atath's Bargain: Ascendant, Fortified, Challenger's Peril, Tyrannical",Herperusz-117583396,Shaman,Elemental,dps,Quel'dorei
809,336.7,302509421,11,Mists of Tirna Scithe,2024-10-24T17:05:26.000Z,1804431,1890999,1,"Xal'atath's Bargain: Ascendant, Fortified, Challenger's Peril, Tyrannical",史塔巴克斯,Shaman,Restoration,healer,Spirestone
809,336.7,302509421,11,Mists of Tirna Scithe,2024-10-24T17:05:26.000Z,1804431,1890999,1,"Xal'atath's Bargain: Ascendant, Fortified, Challenger's Peril, Tyrannical",好棒喔三點了,Hunter,Survival,dps,Shadowmoon
809,336.7,302509421,11,Mists of Tirna Scithe,2024-10-24T17:05:26.000Z,1804431,1890999,1,"Xal'atath's Bargain: Ascendant, Fortified, Challenger's Peril, Tyrannical",拉芙塔莉雅,Druid,Guardian,tank,Whisperwind
810,336.7,302706901,11,Mists of Tirna Scithe,2024-10-25T15:06:27.000Z,1804878,1890999,1,"Xal'atath's Bargain: Ascendant, Fortified, Challenger's Peril, Tyrannical",歐麥修,Mage,Frost,dps,Wrathbringer
810,336.7,302706901,11,Mists of Tirna Scithe,2024-10-25T15:06:27.000Z,1804878,1890999,1,"Xal'atath's Bargain: Ascendant, Fortified, Challenger's Peril, Tyrannical",雷霆撼動,Warrior,Arms,dps,Chillwind Point
810,336.7,302706901,11,Mists of Tirna Scithe,2024-10-25T15:06:27.000Z,1804878,1890999,1,"Xal'atath's Bargain: Ascendant, Fortified, Challenger's Peril, Tyrannical",封魔劍魂,Warrior,Fury,dps,Crystalpine Stinger
810,336.7,302706901,11,Mists of Tirna Scithe,2024-10-25T15:06:27.000Z,1804878,1890999,1,"Xal'atath's Bargain: Ascendant, Fortified, Challenger's Peril, Tyrannical",亂玩小牧,Priest,Discipline,healer,Sundown Marsh
810,336.7,302706901,11,Mists of Tirna Scithe,2024-10-25T15:06:27.000Z,1804878,1890999,1,"Xal'atath's Bargain: Ascendant, Fortified, Challenger's Peril, Tyrannical",萬神論劍,Warrior,Protection,tank,Arygos
811,336.7,295167853,11,Mists of Tirna Scithe,2024-09-25T11:07:32.000Z,1806192,1890999,1,"Xal'atath's Bargain: Ascendant, Tyrannical, Challenger's Peril, Fortified",大奶歐巴-22361300,Shaman,Elemental,dps,Shadowmoon
811,336.7,295167853,11,Mists of Tirna Scithe,2024-09-25T11:07:32.000Z,1806192,1890999,1,"Xal'atath's Bargain: Ascendant, Tyrannical, Challenger's Peril, Fortified",妮莉妲,Death Knight,Blood,tank,Nightsong
811,336.7,295167853,11,Mists of Tirna Scithe,2024-09-25T11:07:32.000Z,1806192,1890999,1,"Xal'atath's Bargain: Ascendant, Tyrannical, Challenger's Peril, Fortified",盐一萨,Shaman,Restoration,healer,Spirestone
811,336.7,295167853,11,Mists of Tirna Scithe,2024-09-25T11:07:32.000Z,1806192,1890999,1,"Xal'atath's Bargain: Ascendant, Tyrannical, Challenger's Peril, Fortified",義刀流,Paladin,Retribution,dps,Sundown Marsh
811,336.7,295167853,11,Mists of Tirna Scithe,2024-09-25T11:07:32.000Z,1806192,1890999,1,"Xal'atath's Bargain: Ascendant, Tyrannical, Challenger's Peril, Fortified",Yidk,Death Knight,Frost,dps,Sundown Marsh
812,336.7,302672587,11,Mists of Tirna Scithe,2024-10-25T13:00:31.000Z,1806662,1890999,1,"Xal'atath's Bargain: Ascendant, Fortified, Challenger's Peril, Tyrannical",中華嬌子,Shaman,Restoration,healer,Crystalpine Stinger
812,336.7,302672587,11,Mists of Tirna Scithe,2024-10-25T13:00:31.000Z,1806662,1890999,1,"Xal'atath's Bargain: Ascendant, Fortified, Challenger's Peril, Tyrannical",天吶你真騷,Paladin,Retribution,dps,Crystalpine Stinger
812,336.7,302672587,11,Mists of Tirna Scithe,2024-10-25T13:00:31.000Z,1806662,1890999,1,"Xal'atath's Bargain: Ascendant, Fortified, Challenger's Peril, Tyrannical",凝絲竹,Warrior,Protection,tank,Crystalpine Stinger
812,336.7,302672587,11,Mists of Tirna Scithe,2024-10-25T13:00:31.000Z,1806662,1890999,1,"Xal'atath's Bargain: Ascendant, Fortified, Challenger's Peril, Tyrannical",劍少,Paladin,Retribution,dps,World Tree
812,336.7,302672587,11,Mists of Tirna Scithe,2024-10-25T13:00:31.000Z,1806662,1890999,1,"Xal'atath's Bargain: Ascendant, Fortified, Challenger's Peril, Tyrannical",叭叭,Mage,Frost,dps,Crystalpine Stinger
813,336.6,307752280,11,Mists of Tirna Scithe,2024-11-17T17:12:35.000Z,1809329,1890999,1,"Xal'atath's Bargain: Ascendant, Tyrannical, Challenger's Peril, Fortified",Zo,Shaman,Restoration,healer,Nightsong
813,336.6,307752280,11,Mists of Tirna Scithe,2024-11-17T17:12:35.000Z,1809329,1890999,1,"Xal'atath's Bargain: Ascendant, Tyrannical, Challenger's Peril, Fortified",絨絲左輪,Death Knight,Unholy,dps,Bleeding Hollow
813,336.6,307752280,11,Mists of Tirna Scithe,2024-11-17T17:12:35.000Z,1809329,1890999,1,"Xal'atath's Bargain: Ascendant, Tyrannical, Challenger's Peril, Fortified",巫蠱機,Evoker,Augmentation,dps,Bleeding Hollow
813,336.6,307752280,11,Mists of Tirna Scithe,2024-11-17T17:12:35.000Z,1809329,1890999,1,"Xal'atath's Bargain: Ascendant, Tyrannical, Challenger's Peril, Fortified",小寶妮,Paladin,Protection,tank,Nightsong
813,336.6,307752280,11,Mists of Tirna Scithe,2024-11-17T17:12:35.000Z,1809329,1890999,1,"Xal'atath's Bargain: Ascendant, Tyrannical, Challenger's Peril, Fortified",小玥希,Paladin,Retribution,dps,Wrathbringer
814,336.6,303864226,11,Mists of Tirna Scithe,2024-10-30T16:31:11.000Z,1810486,1890999,1,"Xal'atath's Bargain: Ascendant, Fortified, Challenger's Peril, Tyrannical",大秘專用坦,Paladin,Protection,tank,Dragonmaw
814,336.6,303864226,11,Mists of Tirna Scithe,2024-10-30T16:31:11.000Z,1810486,1890999,1,"Xal'atath's Bargain: Ascendant, Fortified, Challenger's Peril, Tyrannical",四月的白羊,Druid,Restoration,healer,Silverwing Hold
814,336.6,303864226,11,Mists of Tirna Scithe,2024-10-30T16:31:11.000Z,1810486,1890999,1,"Xal'atath's Bargain: Ascendant, Fortified, Challenger's Peril, Tyrannical",松鼠紗夏,Death Knight,Frost,dps,World Tree
814,336.6,303864226,11,Mists of Tirna Scithe,2024-10-30T16:31:11.000Z,1810486,1890999,1,"Xal'atath's Bargain: Ascendant, Fortified, Challenger's Peril, Tyrannical",Raeb,Mage,Arcane,dps,Zealot Blade
814,336.6,303864226,11,Mists of Tirna Scithe,2024-10-30T16:31:11.000Z,1810486,1890999,1,"Xal'atath's Bargain: Ascendant, Fortified, Challenger's Peril, Tyrannical",阪口,Shaman,Elemental,dps,Dragonmaw
815,336.6,307515037,11,Mists of Tirna Scithe,2024-11-16T15:13:24.000Z,1810647,1890999,1,"Xal'atath's Bargain: Ascendant, Tyrannical, Challenger's Peril, Fortified",萌柱,Shaman,Enhancement,dps,Menethil
815,336.6,307515037,11,Mists of Tirna Scithe,2024-11-16T15:13:24.000Z,1810647,1890999,1,"Xal'atath's Bargain: Ascendant, Tyrannical, Challenger's Peril, Fortified",赫萊子,Paladin,Holy,healer,Demon Fall Canyon
815,336.6,307515037,11,Mists of Tirna Scithe,2024-11-16T15:13:24.000Z,1810647,1890999,1,"Xal'atath's Bargain: Ascendant, Tyrannical, Challenger's Peril, Fortified",哥布林術士,Mage,Frost,dps,Sundown Marsh
815,336.6,307515037,11,Mists of Tirna Scithe,2024-11-16T15:13:24.000Z,1810647,1890999,1,"Xal'atath's Bargain: Ascendant, Tyrannical, Challenger's Peril, Fortified",菜桃,Priest,Shadow,dps,Sundown Marsh
815,336.6,307515037,11,Mists of Tirna Scithe,2024-11-16T15:13:24.000Z,1810647,1890999,1,"Xal'atath's Bargain: Ascendant, Tyrannical, Challenger's Peril, Fortified",Bangbang,Warrior,Protection,tank,Sundown Marsh
816,336.6,307274924,11,Mists of Tirna Scithe,2024-11-15T05:49:58.000Z,1810798,1890999,1,"Xal'atath's Bargain: Ascendant, Tyrannical, Challenger's Peril, Fortified",小紅啪,Paladin,Retribution,dps,Bleeding Hollow
816,336.6,307274924,11,Mists of Tirna Scithe,2024-11-15T05:49:58.000Z,1810798,1890999,1,"Xal'atath's Bargain: Ascendant, Tyrannical, Challenger's Peril, Fortified",鋼之鍊柑壽師,Warlock,Destruction,dps,Arthas
816,336.6,307274924,11,Mists of Tirna Scithe,2024-11-15T05:49:58.000Z,1810798,1890999,1,"Xal'atath's Bargain: Ascendant, Tyrannical, Challenger's Peril, Fortified",Quar,Druid,Restoration,healer,World Tree
816,336.6,307274924,11,Mists of Tirna Scithe,2024-11-15T05:49:58.000Z,1810798,1890999,1,"Xal'atath's Bargain: Ascendant, Tyrannical, Challenger's Peril, Fortified",鎮魂夜想曲,Shaman,Elemental,dps,Whisperwind
816,336.6,307274924,11,Mists of Tirna Scithe,2024-11-15T05:49:58.000Z,1810798,1890999,1,"Xal'atath's Bargain: Ascendant, Tyrannical, Challenger's Peril, Fortified",乂昊天乂,Demon Hunter,Vengeance,tank,Whisperwind
817,336.6,307157629,11,Mists of Tirna Scithe,2024-11-14T13:45:13.000Z,1812312,1890999,1,"Xal'atath's Bargain: Ascendant, Tyrannical, Challenger's Peril, Fortified",喲呵呵,Warlock,Destruction,dps,Sundown Marsh
817,336.6,307157629,11,Mists of Tirna Scithe,2024-11-14T13:45:13.000Z,1812312,1890999,1,"Xal'atath's Bargain: Ascendant, Tyrannical, Challenger's Peril, Fortified",雞爺,Hunter,Survival,dps,Chillwind Point
817,336.6,307157629,11,Mists of Tirna Scithe,2024-11-14T13:45:13.000Z,1812312,1890999,1,"Xal'atath's Bargain: Ascendant, Tyrannical, Challenger's Peril, Fortified",龍傲天,Warrior,Protection,tank,Frostmane
817,336.6,307157629,11,Mists of Tirna Scithe,2024-11-14T13:45:13.000Z,1812312,1890999,1,"Xal'atath's Bargain: Ascendant, Tyrannical, Challenger's Peril, Fortified",夕弦,Shaman,Enhancement,dps,Demon Fall Canyon
817,336.6,307157629,11,Mists of Tirna Scithe,2024-11-14T13:45:13.000Z,1812312,1890999,1,"Xal'atath's Bargain: Ascendant, Tyrannical, Challenger's Peril, Fortified",Subwayqq,Monk,Mistweaver,healer,Sundown Marsh
818,336.5,307733161,11,Mists of Tirna Scithe,2024-11-17T15:14:45.000Z,1813141,1890999,1,"Xal'atath's Bargain: Ascendant, Tyrannical, Challenger's Peril, Fortified",古河早苗,Priest,Discipline,healer,Shadowmoon
818,336.5,307733161,11,Mists of Tirna Scithe,2024-11-17T15:14:45.000Z,1813141,1890999,1,"Xal'atath's Bargain: Ascendant, Tyrannical, Challenger's Peril, Fortified",愛若瑪,Priest,Shadow,dps,Crystalpine Stinger
818,336.5,307733161,11,Mists of Tirna Scithe,2024-11-17T15:14:45.000Z,1813141,1890999,1,"Xal'atath's Bargain: Ascendant, Tyrannical, Challenger's Peril, Fortified",艾瑞卡,Priest,Shadow,dps,Nightsong
818,336.5,307733161,11,Mists of Tirna Scithe,2024-11-17T15:14:45.000Z,1813141,1890999,1,"Xal'atath's Bargain: Ascendant, Tyrannical, Challenger's Peril, Fortified",Diorama,Death Knight,Blood,tank,Arthas
818,336.5,307733161,11,Mists of Tirna Scithe,2024-11-17T15:14:45.000Z,1813141,1890999,1,"Xal'atath's Bargain: Ascendant, Tyrannical, Challenger's Peril, Fortified",花生起司球,Paladin,Retribution,dps,Chillwind Point
819,336.5,307307548,11,Mists of Tirna Scithe,2024-11-15T12:43:51.000Z,1813268,1890999,1,"Xal'atath's Bargain: Ascendant, Tyrannical, Challenger's Peril, Fortified",拉鏈會夾到,Death Knight,Unholy,dps,Light's Hope
819,336.5,307307548,11,Mists of Tirna Scithe,2024-11-15T12:43:51.000Z,1813268,1890999,1,"Xal'atath's Bargain: Ascendant, Tyrannical, Challenger's Peril, Fortified",Noahpriest,Priest,Discipline,healer,Arthas
819,336.5,307307548,11,Mists of Tirna Scithe,2024-11-15T12:43:51.000Z,1813268,1890999,1,"Xal'atath's Bargain: Ascendant, Tyrannical, Challenger's Peril, Fortified",蘭女變態大叔,Demon Hunter,Vengeance,tank,Shadowmoon
819,336.5,307307548,11,Mists of Tirna Scithe,2024-11-15T12:43:51.000Z,1813268,1890999,1,"Xal'atath's Bargain: Ascendant, Tyrannical, Challenger's Peril, Fortified",精靈寶寶,Rogue,Assassination,dps,Sundown Marsh
819,336.5,307307548,11,Mists of Tirna Scithe,2024-11-15T12:43:51.000Z,1813268,1890999,1,"Xal'atath's Bargain: Ascendant, Tyrannical, Challenger's Peril, Fortified",想念戰慄,Shaman,Enhancement,dps,Sundown Marsh
820,336.5,307305004,11,Mists of Tirna Scithe,2024-11-15T12:15:12.000Z,1814368,1890999,1,"Xal'atath's Bargain: Ascendant, Tyrannical, Challenger's Peril, Fortified",柳橙丁,Mage,Arcane,dps,Zealot Blade
820,336.5,307305004,11,Mists of Tirna Scithe,2024-11-15T12:15:12.000Z,1814368,1890999,1,"Xal'atath's Bargain: Ascendant, Tyrannical, Challenger's Peril, Fortified",芙蕾蒂雅,Priest,Holy,healer,Whisperwind
820,336.5,307305004,11,Mists of Tirna Scithe,2024-11-15T12:15:12.000Z,1814368,1890999,1,"Xal'atath's Bargain: Ascendant, Tyrannical, Challenger's Peril, Fortified",孤瑀,Paladin,Protection,tank,Bleeding Hollow
820,336.5,307305004,11,Mists of Tirna Scithe,2024-11-15T12:15:12.000Z,1814368,1890999,1,"Xal'atath's Bargain: Ascendant, Tyrannical, Challenger's Peril, Fortified",血騎熊貓,Death Knight,Unholy,dps,Arygos
820,336.5,307305004,11,Mists of Tirna Scithe,2024-11-15T12:15:12.000Z,1814368,1890999,1,"Xal'atath's Bargain: Ascendant, Tyrannical, Challenger's Peril, Fortified",Valkslayer,Hunter,Beast Mastery,dps,Zealot Blade
821,336.5,307306813,11,Mists of Tirna Scithe,2024-11-15T12:34:17.000Z,1814798,1890999,1,"Xal'atath's Bargain: Ascendant, Tyrannical, Challenger's Peril, Fortified",狸子手握圖騰,Shaman,Restoration,healer,Demon Fall Canyon
821,336.5,307306813,11,Mists of Tirna Scithe,2024-11-15T12:34:17.000Z,1814798,1890999,1,"Xal'atath's Bargain: Ascendant, Tyrannical, Challenger's Peril, Fortified",Ariana,Hunter,Beast Mastery,dps,Krol Blade
821,336.5,307306813,11,Mists of Tirna Scithe,2024-11-15T12:34:17.000Z,1814798,1890999,1,"Xal'atath's Bargain: Ascendant, Tyrannical, Challenger's Peril, Fortified",Moriaty,Warrior,Protection,tank,Krol Blade
821,336.5,307306813,11,Mists of Tirna Scithe,2024-11-15T12:34:17.000Z,1814798,1890999,1,"Xal'atath's Bargain: Ascendant, Tyrannical, Challenger's Peril, Fortified",菲拉雷斯,Paladin,Retribution,dps,Crystalpine Stinger
821,336.5,307306813,11,Mists of Tirna Scithe,2024-11-15T12:34:17.000Z,1814798,1890999,1,"Xal'atath's Bargain: Ascendant, Tyrannical, Challenger's Peril, Fortified",林丶董,Rogue,Assassination,dps,Crystalpine Stinger
822,336.5,308089762,11,Mists of Tirna Scithe,2024-11-19T15:58:47.000Z,1814888,1890999,1,"Xal'atath's Bargain: Ascendant, Tyrannical, Challenger's Peril, Fortified",高壓電塔,Shaman,Enhancement,dps,Silverwing Hold
822,336.5,308089762,11,Mists of Tirna Scithe,2024-11-19T15:58:47.000Z,1814888,1890999,1,"Xal'atath's Bargain: Ascendant, Tyrannical, Challenger's Peril, Fortified",藤友,Druid,Balance,dps,Arthas
822,336.5,308089762,11,Mists of Tirna Scithe,2024-11-19T15:58:47.000Z,1814888,1890999,1,"Xal'atath's Bargain: Ascendant, Tyrannical, Challenger's Peril, Fortified",Tingpriest,Priest,Discipline,healer,Shadowmoon
822,336.5,308089762,11,Mists of Tirna Scithe,2024-11-19T15:58:47.000Z,1814888,1890999,1,"Xal'atath's Bargain: Ascendant, Tyrannical, Challenger's Peril, Fortified",麵包姐,Hunter,Beast Mastery,dps,Demon Fall Canyon
822,336.5,308089762,11,Mists of Tirna Scithe,2024-11-19T15:58:47.000Z,1814888,1890999,1,"Xal'atath's Bargain: Ascendant, Tyrannical, Challenger's Peril, Fortified",看看你的尾巴,Death Knight,Blood,tank,Sundown Marsh
823,336.5,281984446,11,Mists of Tirna Scithe,2024-10-25T14:47:45.000Z,1815317,1890999,1,"Xal'atath's Bargain: Ascendant, Fortified, Challenger's Peril, Tyrannical",乂火雲邪神乂,Warrior,Fury,dps,Nightsong
823,336.5,281984446,11,Mists of Tirna Scithe,2024-10-25T14:47:45.000Z,1815317,1890999,1,"Xal'atath's Bargain: Ascendant, Fortified, Challenger's Peril, Tyrannical",伊拉諾,Shaman,Restoration,healer,Dragonmaw
823,336.5,281984446,11,Mists of Tirna Scithe,2024-10-25T14:47:45.000Z,1815317,1890999,1,"Xal'atath's Bargain: Ascendant, Fortified, Challenger's Peril, Tyrannical",風起,Demon Hunter,Havoc,dps,Crystalpine Stinger
823,336.5,281984446,11,Mists of Tirna Scithe,2024-10-25T14:47:45.000Z,1815317,1890999,1,"Xal'atath's Bargain: Ascendant, Fortified, Challenger's Peril, Tyrannical",元帥豬八戒,Paladin,Protection,tank,Stormscale
823,336.5,281984446,11,Mists of Tirna Scithe,2024-10-25T14:47:45.000Z,1815317,1890999,1,"Xal'atath's Bargain: Ascendant, Fortified, Challenger's Peril, Tyrannical",沐辰菲雪,Warlock,Demonology,dps,Dragonmaw
824,336.5,303234113,11,Mists of Tirna Scithe,2024-10-27T14:41:55.000Z,1815516,1890999,1,"Xal'atath's Bargain: Ascendant, Fortified, Challenger's Peril, Tyrannical",Bape,Mage,Frost,dps,Chillwind Point
824,336.5,303234113,11,Mists of Tirna Scithe,2024-10-27T14:41:55.000Z,1815516,1890999,1,"Xal'atath's Bargain: Ascendant, Fortified, Challenger's Peril, Tyrannical",默度砂,Shaman,Restoration,healer,World Tree
824,336.5,303234113,11,Mists of Tirna Scithe,2024-10-27T14:41:55.000Z,1815516,1890999,1,"Xal'atath's Bargain: Ascendant, Fortified, Challenger's Peril, Tyrannical",轟你老母,Warlock,Affliction,dps,Chillwind Point
824,336.5,303234113,11,Mists of Tirna Scithe,2024-10-27T14:41:55.000Z,1815516,1890999,1,"Xal'atath's Bargain: Ascendant, Fortified, Challenger's Peril, Tyrannical",Haiann,Warrior,Protection,tank,Nightsong
824,336.5,303234113,11,Mists of Tirna Scithe,2024-10-27T14:41:55.000Z,1815516,1890999,1,"Xal'atath's Bargain: Ascendant, Fortified, Challenger's Peril, Tyrannical",梅莉迪絲,Paladin,Retribution,dps,Spirestone
825,336.5,294602976,11,Mists of Tirna Scithe,2024-10-25T19:09:42.000Z,1817697,1890999,1,"Xal'atath's Bargain: Ascendant, Fortified, Challenger's Peril, Tyrannical",考斯莫斯,Warrior,Protection,tank,Nightsong
825,336.5,294602976,11,Mists of Tirna Scithe,2024-10-25T19:09:42.000Z,1817697,1890999,1,"Xal'atath's Bargain: Ascendant, Fortified, Challenger's Peril, Tyrannical",井上由莉耶,Hunter,Survival,dps,Nightsong
825,336.5,294602976,11,Mists of Tirna Scithe,2024-10-25T19:09:42.000Z,1817697,1890999,1,"Xal'atath's Bargain: Ascendant, Fortified, Challenger's Peril, Tyrannical",秋绾云,Death Knight,Frost,dps,Nightsong
825,336.5,294602976,11,Mists of Tirna Scithe,2024-10-25T19:09:42.000Z,1817697,1890999,1,"Xal'atath's Bargain: Ascendant, Fortified, Challenger's Peril, Tyrannical",Naymas,Shaman,Restoration,healer,Nightsong
825,336.5,294602976,11,Mists of Tirna Scithe,2024-10-25T19:09:42.000Z,1817697,1890999,1,"Xal'atath's Bargain: Ascendant, Fortified, Challenger's Peril, Tyrannical",風評被害,Death Knight,Frost,dps,Nightsong
826,336.4,307767517,11,Mists of Tirna Scithe,2024-11-17T18:38:40.000Z,1818018,1890999,1,"Xal'atath's Bargain: Ascendant, Tyrannical, Challenger's Peril, Fortified",寧采臣,Priest,Discipline,healer,Bleeding Hollow
826,336.4,307767517,11,Mists of Tirna Scithe,2024-11-17T18:38:40.000Z,1818018,1890999,1,"Xal'atath's Bargain: Ascendant, Tyrannical, Challenger's Peril, Fortified",冽光,Paladin,Protection,tank,Light's Hope
826,336.4,307767517,11,Mists of Tirna Scithe,2024-11-17T18:38:40.000Z,1818018,1890999,1,"Xal'atath's Bargain: Ascendant, Tyrannical, Challenger's Peril, Fortified",德拉諾熱可可,Warrior,Arms,dps,Hellscream
826,336.4,307767517,11,Mists of Tirna Scithe,2024-11-17T18:38:40.000Z,1818018,1890999,1,"Xal'atath's Bargain: Ascendant, Tyrannical, Challenger's Peril, Fortified",燒起來的老六,Mage,Fire,dps,Demon Fall Canyon
826,336.4,307767517,11,Mists of Tirna Scithe,2024-11-17T18:38:40.000Z,1818018,1890999,1,"Xal'atath's Bargain: Ascendant, Tyrannical, Challenger's Peril, Fortified",森上梅有前,Death Knight,Frost,dps,Icecrown
827,336.4,307293703,11,Mists of Tirna Scithe,2024-11-15T09:33:27.000Z,1818233,1890999,1,"Xal'atath's Bargain: Ascendant, Tyrannical, Challenger's Peril, Fortified",觴旎,Rogue,Assassination,dps,Nightsong
827,336.4,307293703,11,Mists of Tirna Scithe,2024-11-15T09:33:27.000Z,1818233,1890999,1,"Xal'atath's Bargain: Ascendant, Tyrannical, Challenger's Peril, Fortified",安达祖娜,Paladin,Retribution,dps,Arthas
827,336.4,307293703,11,Mists of Tirna Scithe,2024-11-15T09:33:27.000Z,1818233,1890999,1,"Xal'atath's Bargain: Ascendant, Tyrannical, Challenger's Peril, Fortified",虚幻,Shaman,Restoration,healer,Dragonmaw
827,336.4,307293703,11,Mists of Tirna Scithe,2024-11-15T09:33:27.000Z,1818233,1890999,1,"Xal'atath's Bargain: Ascendant, Tyrannical, Challenger's Peril, Fortified",Striker,Paladin,Protection,tank,Arthas
827,336.4,307293703,11,Mists of Tirna Scithe,2024-11-15T09:33:27.000Z,1818233,1890999,1,"Xal'atath's Bargain: Ascendant, Tyrannical, Challenger's Peril, Fortified",Nkes,Shaman,Enhancement,dps,Sundown Marsh
828,336.3,302910652,11,Mists of Tirna Scithe,2024-10-26T10:38:39.000Z,1827135,1890999,1,"Xal'atath's Bargain: Ascendant, Fortified, Challenger's Peril, Tyrannical",中藥行老闆,Shaman,Restoration,healer,Chillwind Point
828,336.3,302910652,11,Mists of Tirna Scithe,2024-10-26T10:38:39.000Z,1827135,1890999,1,"Xal'atath's Bargain: Ascendant, Fortified, Challenger's Peril, Tyrannical",新手射手,Hunter,Beast Mastery,dps,Menethil
828,336.3,302910652,11,Mists of Tirna Scithe,2024-10-26T10:38:39.000Z,1827135,1890999,1,"Xal'atath's Bargain: Ascendant, Fortified, Challenger's Peril, Tyrannical",小夜羽,Mage,Arcane,dps,Shadowmoon
828,336.3,302910652,11,Mists of Tirna Scithe,2024-10-26T10:38:39.000Z,1827135,1890999,1,"Xal'atath's Bargain: Ascendant, Fortified, Challenger's Peril, Tyrannical",Homelanderhs,Death Knight,Frost,dps,Wrathbringer
828,336.3,302910652,11,Mists of Tirna Scithe,2024-10-26T10:38:39.000Z,1827135,1890999,1,"Xal'atath's Bargain: Ascendant, Fortified, Challenger's Peril, Tyrannical",山高水長,Warrior,Protection,tank,Wrathbringer
829,336.3,307530111,11,Mists of Tirna Scithe,2024-11-16T16:03:37.000Z,1827339,1890999,1,"Xal'atath's Bargain: Ascendant, Tyrannical, Challenger's Peril, Fortified",對呀,Shaman,Elemental,dps,Dragonmaw
829,336.3,307530111,11,Mists of Tirna Scithe,2024-11-16T16:03:37.000Z,1827339,1890999,1,"Xal'atath's Bargain: Ascendant, Tyrannical, Challenger's Peril, Fortified",無敵驚驚,Paladin,Protection,tank,Nightsong
829,336.3,307530111,11,Mists of Tirna Scithe,2024-11-16T16:03:37.000Z,1827339,1890999,1,"Xal'atath's Bargain: Ascendant, Tyrannical, Challenger's Peril, Fortified",澳門線上賭場,Druid,Balance,dps,Nightsong
829,336.3,307530111,11,Mists of Tirna Scithe,2024-11-16T16:03:37.000Z,1827339,1890999,1,"Xal'atath's Bargain: Ascendant, Tyrannical, Challenger's Peril, Fortified",醉花音,Mage,Arcane,dps,Zealot Blade
829,336.3,307530111,11,Mists of Tirna Scithe,2024-11-16T16:03:37.000Z,1827339,1890999,1,"Xal'atath's Bargain: Ascendant, Tyrannical, Challenger's Peril, Fortified",Cissiela,Priest,Holy,healer,Nightsong
830,336.2,303138552,11,Mists of Tirna Scithe,2024-10-27T06:57:43.000Z,1829016,1890999,1,"Xal'atath's Bargain: Ascendant, Fortified, Challenger's Peril, Tyrannical",Missfunny,Death Knight,Frost,dps,Chillwind Point
830,336.2,303138552,11,Mists of Tirna Scithe,2024-10-27T06:57:43.000Z,1829016,1890999,1,"Xal'atath's Bargain: Ascendant, Fortified, Challenger's Peril, Tyrannical",舒燦然,Paladin,Holy,healer,Chillwind Point
830,336.2,303138552,11,Mists of Tirna Scithe,2024-10-27T06:57:43.000Z,1829016,1890999,1,"Xal'atath's Bargain: Ascendant, Fortified, Challenger's Peril, Tyrannical",Maksim,Warrior,Protection,tank,Chillwind Point
830,336.2,303138552,11,Mists of Tirna Scithe,2024-10-27T06:57:43.000Z,1829016,1890999,1,"Xal'atath's Bargain: Ascendant, Fortified, Challenger's Peril, Tyrannical",稻香,Shaman,Elemental,dps,Chillwind Point
830,336.2,303138552,11,Mists of Tirna Scithe,2024-10-27T06:57:43.000Z,1829016,1890999,1,"Xal'atath's Bargain: Ascendant, Fortified, Challenger's Peril, Tyrannical",伊瑟莉雅,Paladin,Retribution,dps,Whisperwind
831,336.2,302882687,11,Mists of Tirna Scithe,2024-10-26T09:25:37.000Z,1829492,1890999,1,"Xal'atath's Bargain: Ascendant, Fortified, Challenger's Peril, Tyrannical",維龍迪爾,Hunter,Beast Mastery,dps,Shadowmoon
831,336.2,302882687,11,Mists of Tirna Scithe,2024-10-26T09:25:37.000Z,1829492,1890999,1,"Xal'atath's Bargain: Ascendant, Fortified, Challenger's Peril, Tyrannical",九月繁花,Shaman,Elemental,dps,Whisperwind
831,336.2,302882687,11,Mists of Tirna Scithe,2024-10-26T09:25:37.000Z,1829492,1890999,1,"Xal'atath's Bargain: Ascendant, Fortified, Challenger's Peril, Tyrannical",銀羽飛飛,Warrior,Protection,tank,Wrathbringer
831,336.2,302882687,11,Mists of Tirna Scithe,2024-10-26T09:25:37.000Z,1829492,1890999,1,"Xal'atath's Bargain: Ascendant, Fortified, Challenger's Peril, Tyrannical",Anon726105D,Priest,Holy,healer,Anonymous
831,336.2,302882687,11,Mists of Tirna Scithe,2024-10-26T09:25:37.000Z,1829492,1890999,1,"Xal'atath's Bargain: Ascendant, Fortified, Challenger's Peril, Tyrannical",半世浮生,Paladin,Retribution,dps,World Tree
832,336.2,307674796,11,Mists of Tirna Scithe,2024-11-17T07:28:42.000Z,1832072,1890999,1,"Xal'atath's Bargain: Ascendant, Tyrannical, Challenger's Peril, Fortified",小狐丸冬風,Shaman,Restoration,healer,Light's Hope
832,336.2,307674796,11,Mists of Tirna Scithe,2024-11-17T07:28:42.000Z,1832072,1890999,1,"Xal'atath's Bargain: Ascendant, Tyrannical, Challenger's Peril, Fortified",Eternalblaze,Mage,Frost,dps,Arthas
832,336.2,307674796,11,Mists of Tirna Scithe,2024-11-17T07:28:42.000Z,1832072,1890999,1,"Xal'atath's Bargain: Ascendant, Tyrannical, Challenger's Peril, Fortified",會飛的小妞,Demon Hunter,Vengeance,tank,Arthas
832,336.2,307674796,11,Mists of Tirna Scithe,2024-11-17T07:28:42.000Z,1832072,1890999,1,"Xal'atath's Bargain: Ascendant, Tyrannical, Challenger's Peril, Fortified",狂信終點,Paladin,Retribution,dps,Quel'dorei
832,336.2,307674796,11,Mists of Tirna Scithe,2024-11-17T07:28:42.000Z,1832072,1890999,1,"Xal'atath's Bargain: Ascendant, Tyrannical, Challenger's Peril, Fortified",Dessert,Rogue,Assassination,dps,Chillwind Point
833,336.1,294141620,11,Mists of Tirna Scithe,2024-10-27T08:31:14.000Z,1834349,1890999,1,"Xal'atath's Bargain: Ascendant, Fortified, Challenger's Peril, Tyrannical",欸你過來一下,Death Knight,Blood,tank,Wrathbringer
833,336.1,294141620,11,Mists of Tirna Scithe,2024-10-27T08:31:14.000Z,1834349,1890999,1,"Xal'atath's Bargain: Ascendant, Fortified, Challenger's Peril, Tyrannical",Rommy,Rogue,Assassination,dps,Wrathbringer
833,336.1,294141620,11,Mists of Tirna Scithe,2024-10-27T08:31:14.000Z,1834349,1890999,1,"Xal'atath's Bargain: Ascendant, Fortified, Challenger's Peril, Tyrannical",Pymastr,Mage,Arcane,dps,Sundown Marsh
833,336.1,294141620,11,Mists of Tirna Scithe,2024-10-27T08:31:14.000Z,1834349,1890999,1,"Xal'atath's Bargain: Ascendant, Fortified, Challenger's Peril, Tyrannical",Aohayo,Demon Hunter,Havoc,dps,Wrathbringer
833,336.1,294141620,11,Mists of Tirna Scithe,2024-10-27T08:31:14.000Z,1834349,1890999,1,"Xal'atath's Bargain: Ascendant, Fortified, Challenger's Peril, Tyrannical",Rizaadon,Evoker,Preservation,healer,Wrathbringer
834,336.1,302885936,11,Mists of Tirna Scithe,2024-10-26T10:12:00.000Z,1835069,1890999,1,"Xal'atath's Bargain: Ascendant, Fortified, Challenger's Peril, Tyrannical",稅稅平安,Paladin,Retribution,dps,Bleeding Hollow
834,336.1,302885936,11,Mists of Tirna Scithe,2024-10-26T10:12:00.000Z,1835069,1890999,1,"Xal'atath's Bargain: Ascendant, Fortified, Challenger's Peril, Tyrannical",幻桐,Hunter,Beast Mastery,dps,Bleeding Hollow
834,336.1,302885936,11,Mists of Tirna Scithe,2024-10-26T10:12:00.000Z,1835069,1890999,1,"Xal'atath's Bargain: Ascendant, Fortified, Challenger's Peril, Tyrannical",靜嬪-223894808,Shaman,Restoration,healer,Bleeding Hollow
834,336.1,302885936,11,Mists of Tirna Scithe,2024-10-26T10:12:00.000Z,1835069,1890999,1,"Xal'atath's Bargain: Ascendant, Fortified, Challenger's Peril, Tyrannical",贊助,Warrior,Protection,tank,Frostmane
834,336.1,302885936,11,Mists of Tirna Scithe,2024-10-26T10:12:00.000Z,1835069,1890999,1,"Xal'atath's Bargain: Ascendant, Fortified, Challenger's Peril, Tyrannical",菲琳,Evoker,Augmentation,dps,Sundown Marsh
835,336.1,294201325,11,Mists of Tirna Scithe,2024-09-22T08:07:44.000Z,1835577,1890999,1,"Xal'atath's Bargain: Ascendant, Tyrannical, Challenger's Peril, Fortified",阿宅人生,Shaman,Restoration,healer,Arthas
835,336.1,294201325,11,Mists of Tirna Scithe,2024-09-22T08:07:44.000Z,1835577,1890999,1,"Xal'atath's Bargain: Ascendant, Tyrannical, Challenger's Peril, Fortified",格雷特凱撒,Paladin,Protection,tank,Whisperwind
835,336.1,294201325,11,Mists of Tirna Scithe,2024-09-22T08:07:44.000Z,1835577,1890999,1,"Xal'atath's Bargain: Ascendant, Tyrannical, Challenger's Peril, Fortified",Vinn,Mage,Frost,dps,Sundown Marsh
835,336.1,294201325,11,Mists of Tirna Scithe,2024-09-22T08:07:44.000Z,1835577,1890999,1,"Xal'atath's Bargain: Ascendant, Tyrannical, Challenger's Peril, Fortified",Bluewaste,Shaman,Elemental,dps,Zealot Blade
835,336.1,294201325,11,Mists of Tirna Scithe,2024-09-22T08:07:44.000Z,1835577,1890999,1,"Xal'atath's Bargain: Ascendant, Tyrannical, Challenger's Peril, Fortified",雪花焉落時,Druid,Balance,dps,Nightsong
836,336,303641355,11,Mists of Tirna Scithe,2024-10-28T15:52:36.000Z,1838974,1890999,1,"Xal'atath's Bargain: Ascendant, Fortified, Challenger's Peril, Tyrannical",術不術,Warlock,Demonology,dps,Icecrown
836,336,303641355,11,Mists of Tirna Scithe,2024-10-28T15:52:36.000Z,1838974,1890999,1,"Xal'atath's Bargain: Ascendant, Fortified, Challenger's Peril, Tyrannical",靛筱楓,Demon Hunter,Vengeance,tank,Icecrown
836,336,303641355,11,Mists of Tirna Scithe,2024-10-28T15:52:36.000Z,1838974,1890999,1,"Xal'atath's Bargain: Ascendant, Fortified, Challenger's Peril, Tyrannical",水樽,Mage,Frost,dps,Quel'dorei
836,336,303641355,11,Mists of Tirna Scithe,2024-10-28T15:52:36.000Z,1838974,1890999,1,"Xal'atath's Bargain: Ascendant, Fortified, Challenger's Peril, Tyrannical",渡久地,Death Knight,Unholy,dps,Hellscream
836,336,303641355,11,Mists of Tirna Scithe,2024-10-28T15:52:36.000Z,1838974,1890999,1,"Xal'atath's Bargain: Ascendant, Fortified, Challenger's Peril, Tyrannical",安柏拉-230166878,Monk,Mistweaver,healer,Spirestone
837,336,307175792,11,Mists of Tirna Scithe,2024-11-14T16:40:52.000Z,1839036,1890999,1,"Xal'atath's Bargain: Ascendant, Tyrannical, Challenger's Peril, Fortified",一滾木頭,Death Knight,Frost,dps,Arygos
837,336,307175792,11,Mists of Tirna Scithe,2024-11-14T16:40:52.000Z,1839036,1890999,1,"Xal'atath's Bargain: Ascendant, Tyrannical, Challenger's Peril, Fortified",希蕾緹亞,Priest,Discipline,healer,Spirestone
837,336,307175792,11,Mists of Tirna Scithe,2024-11-14T16:40:52.000Z,1839036,1890999,1,"Xal'atath's Bargain: Ascendant, Tyrannical, Challenger's Peril, Fortified",寧采臣,Priest,Shadow,dps,Bleeding Hollow
837,336,307175792,11,Mists of Tirna Scithe,2024-11-14T16:40:52.000Z,1839036,1890999,1,"Xal'atath's Bargain: Ascendant, Tyrannical, Challenger's Peril, Fortified",媽嘎獵人,Hunter,Beast Mastery,dps,Crystalpine Stinger
837,336,307175792,11,Mists of Tirna Scithe,2024-11-14T16:40:52.000Z,1839036,1890999,1,"Xal'atath's Bargain: Ascendant, Tyrannical, Challenger's Peril, Fortified",极力渲染,Paladin,Protection,tank,Crystalpine Stinger
838,336,302934254,11,Mists of Tirna Scithe,2024-10-26T13:38:15.000Z,1839498,1890999,1,"Xal'atath's Bargain: Ascendant, Fortified, Challenger's Peril, Tyrannical",Targaryen,Evoker,Augmentation,dps,Wrathbringer
838,336,302934254,11,Mists of Tirna Scithe,2024-10-26T13:38:15.000Z,1839498,1890999,1,"Xal'atath's Bargain: Ascendant, Fortified, Challenger's Peril, Tyrannical",二隊薩滿,Evoker,Preservation,healer,Wrathbringer
838,336,302934254,11,Mists of Tirna Scithe,2024-10-26T13:38:15.000Z,1839498,1890999,1,"Xal'atath's Bargain: Ascendant, Fortified, Challenger's Peril, Tyrannical",Minjeong,Warrior,Protection,tank,Wrathbringer
838,336,302934254,11,Mists of Tirna Scithe,2024-10-26T13:38:15.000Z,1839498,1890999,1,"Xal'atath's Bargain: Ascendant, Fortified, Challenger's Peril, Tyrannical",鬼頭明里,Evoker,Devastation,dps,Wrathbringer
838,336,302934254,11,Mists of Tirna Scithe,2024-10-26T13:38:15.000Z,1839498,1890999,1,"Xal'atath's Bargain: Ascendant, Fortified, Challenger's Peril, Tyrannical",神秘的聾子,Warlock,Affliction,dps,Sundown Marsh
839,336,307125773,11,Mists of Tirna Scithe,2024-11-14T06:43:22.000Z,1839627,1890999,1,"Xal'atath's Bargain: Ascendant, Tyrannical, Challenger's Peril, Fortified",田小玥,Priest,Discipline,healer,Wrathbringer
839,336,307125773,11,Mists of Tirna Scithe,2024-11-14T06:43:22.000Z,1839627,1890999,1,"Xal'atath's Bargain: Ascendant, Tyrannical, Challenger's Peril, Fortified",丫米格魯丫,Warlock,Destruction,dps,Sundown Marsh
839,336,307125773,11,Mists of Tirna Scithe,2024-11-14T06:43:22.000Z,1839627,1890999,1,"Xal'atath's Bargain: Ascendant, Tyrannical, Challenger's Peril, Fortified",風霜雪月,Paladin,Protection,tank,Crystalpine Stinger
839,336,307125773,11,Mists of Tirna Scithe,2024-11-14T06:43:22.000Z,1839627,1890999,1,"Xal'atath's Bargain: Ascendant, Tyrannical, Challenger's Peril, Fortified",一個鄉民,Druid,Feral,dps,Wrathbringer
839,336,307125773,11,Mists of Tirna Scithe,2024-11-14T06:43:22.000Z,1839627,1890999,1,"Xal'atath's Bargain: Ascendant, Tyrannical, Challenger's Peril, Fortified",蔴糬,Hunter,Beast Mastery,dps,Demon Fall Canyon
840,336,303470973,11,Mists of Tirna Scithe,2024-10-28T19:56:32.000Z,1840386,1890999,1,"Xal'atath's Bargain: Ascendant, Fortified, Challenger's Peril, Tyrannical",牛奮,Druid,Guardian,tank,Wrathbringer
840,336,303470973,11,Mists of Tirna Scithe,2024-10-28T19:56:32.000Z,1840386,1890999,1,"Xal'atath's Bargain: Ascendant, Fortified, Challenger's Peril, Tyrannical",整容,Rogue,Assassination,dps,Arthas
840,336,303470973,11,Mists of Tirna Scithe,2024-10-28T19:56:32.000Z,1840386,1890999,1,"Xal'atath's Bargain: Ascendant, Fortified, Challenger's Peril, Tyrannical",巧達欸逼耊,Paladin,Retribution,dps,Skywall
840,336,303470973,11,Mists of Tirna Scithe,2024-10-28T19:56:32.000Z,1840386,1890999,1,"Xal'atath's Bargain: Ascendant, Fortified, Challenger's Peril, Tyrannical",瑪雅特,Shaman,Restoration,healer,Zealot Blade
840,336,303470973,11,Mists of Tirna Scithe,2024-10-28T19:56:32.000Z,1840386,1890999,1,"Xal'atath's Bargain: Ascendant, Fortified, Challenger's Peril, Tyrannical",小寶貝,Warrior,Fury,dps,Stormscale
841,336,299839310,11,Mists of Tirna Scithe,2024-11-15T13:34:26.000Z,1840477,1890999,1,"Xal'atath's Bargain: Ascendant, Tyrannical, Challenger's Peril, Fortified",櫂隱,Shaman,Restoration,healer,World Tree
841,336,299839310,11,Mists of Tirna Scithe,2024-11-15T13:34:26.000Z,1840477,1890999,1,"Xal'atath's Bargain: Ascendant, Tyrannical, Challenger's Peril, Fortified",天極神界,Warrior,Fury,dps,World Tree
841,336,299839310,11,Mists of Tirna Scithe,2024-11-15T13:34:26.000Z,1840477,1890999,1,"Xal'atath's Bargain: Ascendant, Tyrannical, Challenger's Peril, Fortified",卡桑德菈,Death Knight,Blood,tank,World Tree
841,336,299839310,11,Mists of Tirna Scithe,2024-11-15T13:34:26.000Z,1840477,1890999,1,"Xal'atath's Bargain: Ascendant, Tyrannical, Challenger's Peril, Fortified",惑月,Hunter,Marksmanship,dps,World Tree
841,336,299839310,11,Mists of Tirna Scithe,2024-11-15T13:34:26.000Z,1840477,1890999,1,"Xal'atath's Bargain: Ascendant, Tyrannical, Challenger's Peril, Fortified",終於輸出了,Death Knight,Frost,dps,World Tree
842,336,308291598,11,Mists of Tirna Scithe,2024-11-20T15:42:11.000Z,1841011,1890999,1,"Xal'atath's Bargain: Ascendant, Tyrannical, Challenger's Peril, Fortified",夜纏星,Warlock,Destruction,dps,Shadowmoon
842,336,308291598,11,Mists of Tirna Scithe,2024-11-20T15:42:11.000Z,1841011,1890999,1,"Xal'atath's Bargain: Ascendant, Tyrannical, Challenger's Peril, Fortified",晶羽玥影,Druid,Balance,dps,Shadowmoon
842,336,308291598,11,Mists of Tirna Scithe,2024-11-20T15:42:11.000Z,1841011,1890999,1,"Xal'atath's Bargain: Ascendant, Tyrannical, Challenger's Peril, Fortified",雷翁夢行者,Warrior,Fury,dps,Shadowmoon
842,336,308291598,11,Mists of Tirna Scithe,2024-11-20T15:42:11.000Z,1841011,1890999,1,"Xal'atath's Bargain: Ascendant, Tyrannical, Challenger's Peril, Fortified",貓太公,Shaman,Restoration,healer,Shadowmoon
842,336,308291598,11,Mists of Tirna Scithe,2024-11-20T15:42:11.000Z,1841011,1890999,1,"Xal'atath's Bargain: Ascendant, Tyrannical, Challenger's Peril, Fortified",月下兔,Paladin,Protection,tank,Shadowmoon
843,336,303124016,11,Mists of Tirna Scithe,2024-10-27T06:39:33.000Z,1841512,1890999,1,"Xal'atath's Bargain: Ascendant, Fortified, Challenger's Peril, Tyrannical",爹卡路恰,Death Knight,Blood,tank,Sundown Marsh
843,336,303124016,11,Mists of Tirna Scithe,2024-10-27T06:39:33.000Z,1841512,1890999,1,"Xal'atath's Bargain: Ascendant, Fortified, Challenger's Peril, Tyrannical",Ronindh,Demon Hunter,Havoc,dps,Zealot Blade
843,336,303124016,11,Mists of Tirna Scithe,2024-10-27T06:39:33.000Z,1841512,1890999,1,"Xal'atath's Bargain: Ascendant, Fortified, Challenger's Peril, Tyrannical",泰斯特羅莎,Paladin,Holy,healer,Demon Fall Canyon
843,336,303124016,11,Mists of Tirna Scithe,2024-10-27T06:39:33.000Z,1841512,1890999,1,"Xal'atath's Bargain: Ascendant, Fortified, Challenger's Peril, Tyrannical",枺玥,Hunter,Survival,dps,Demon Fall Canyon
843,336,303124016,11,Mists of Tirna Scithe,2024-10-27T06:39:33.000Z,1841512,1890999,1,"Xal'atath's Bargain: Ascendant, Fortified, Challenger's Peril, Tyrannical",Freddyliu,Rogue,Assassination,dps,Silverwing Hold
844,335.9,302519070,11,Mists of Tirna Scithe,2024-10-24T16:43:52.000Z,1843110,1890999,1,"Xal'atath's Bargain: Ascendant, Fortified, Challenger's Peril, Tyrannical",薛諾,Death Knight,Frost,dps,Shadowmoon
844,335.9,302519070,11,Mists of Tirna Scithe,2024-10-24T16:43:52.000Z,1843110,1890999,1,"Xal'atath's Bargain: Ascendant, Fortified, Challenger's Peril, Tyrannical",冰若顏,Priest,Holy,healer,Demon Fall Canyon
844,335.9,302519070,11,Mists of Tirna Scithe,2024-10-24T16:43:52.000Z,1843110,1890999,1,"Xal'atath's Bargain: Ascendant, Fortified, Challenger's Peril, Tyrannical",Renas,Shaman,Elemental,dps,Whisperwind
844,335.9,302519070,11,Mists of Tirna Scithe,2024-10-24T16:43:52.000Z,1843110,1890999,1,"Xal'atath's Bargain: Ascendant, Fortified, Challenger's Peril, Tyrannical",Wikipedia,Paladin,Retribution,dps,Wrathbringer
844,335.9,302519070,11,Mists of Tirna Scithe,2024-10-24T16:43:52.000Z,1843110,1890999,1,"Xal'atath's Bargain: Ascendant, Fortified, Challenger's Peril, Tyrannical",這碗面,Warrior,Protection,tank,Whisperwind
845,335.9,308246516,11,Mists of Tirna Scithe,2024-11-20T07:35:46.000Z,1843866,1890999,1,"Xal'atath's Bargain: Ascendant, Tyrannical, Challenger's Peril, Fortified",米奈希爾之子,Warrior,Arms,dps,Shadowmoon
845,335.9,308246516,11,Mists of Tirna Scithe,2024-11-20T07:35:46.000Z,1843866,1890999,1,"Xal'atath's Bargain: Ascendant, Tyrannical, Challenger's Peril, Fortified",Destinyend,Druid,Guardian,tank,Shadowmoon
845,335.9,308246516,11,Mists of Tirna Scithe,2024-11-20T07:35:46.000Z,1843866,1890999,1,"Xal'atath's Bargain: Ascendant, Tyrannical, Challenger's Peril, Fortified",暴躁的小喵,Shaman,Enhancement,dps,Shadowmoon
845,335.9,308246516,11,Mists of Tirna Scithe,2024-11-20T07:35:46.000Z,1843866,1890999,1,"Xal'atath's Bargain: Ascendant, Tyrannical, Challenger's Peril, Fortified",超級獨行俠,Hunter,Beast Mastery,dps,Shadowmoon
845,335.9,308246516,11,Mists of Tirna Scithe,2024-11-20T07:35:46.000Z,1843866,1890999,1,"Xal'atath's Bargain: Ascendant, Tyrannical, Challenger's Peril, Fortified",四根包爽,Shaman,Restoration,healer,Shadowmoon
846,335.9,301899511,11,Mists of Tirna Scithe,2024-10-27T14:33:41.000Z,1845691,1890999,1,"Xal'atath's Bargain: Ascendant, Fortified, Challenger's Peril, Tyrannical",超級恢復機,Shaman,Elemental,dps,Arygos
846,335.9,301899511,11,Mists of Tirna Scithe,2024-10-27T14:33:41.000Z,1845691,1890999,1,"Xal'atath's Bargain: Ascendant, Fortified, Challenger's Peril, Tyrannical",Salvadora,Priest,Discipline,healer,Zealot Blade
846,335.9,301899511,11,Mists of Tirna Scithe,2024-10-27T14:33:41.000Z,1845691,1890999,1,"Xal'atath's Bargain: Ascendant, Fortified, Challenger's Peril, Tyrannical",童心未泯,Evoker,Augmentation,dps,Bleeding Hollow
846,335.9,301899511,11,Mists of Tirna Scithe,2024-10-27T14:33:41.000Z,1845691,1890999,1,"Xal'atath's Bargain: Ascendant, Fortified, Challenger's Peril, Tyrannical",塵埃惡魔,Demon Hunter,Vengeance,tank,Chillwind Point
846,335.9,301899511,11,Mists of Tirna Scithe,2024-10-27T14:33:41.000Z,1845691,1890999,1,"Xal'atath's Bargain: Ascendant, Fortified, Challenger's Peril, Tyrannical",交際花紅棍,Death Knight,Frost,dps,Bleeding Hollow
847,335.9,307181128,11,Mists of Tirna Scithe,2024-11-14T17:29:02.000Z,1846680,1890999,1,"Xal'atath's Bargain: Ascendant, Tyrannical, Challenger's Peril, Fortified",Abigail,Priest,Discipline,healer,Order of the Cloud Serpent
847,335.9,307181128,11,Mists of Tirna Scithe,2024-11-14T17:29:02.000Z,1846680,1890999,1,"Xal'atath's Bargain: Ascendant, Tyrannical, Challenger's Peril, Fortified",一初音未來一,Warrior,Arms,dps,Shadowmoon
847,335.9,307181128,11,Mists of Tirna Scithe,2024-11-14T17:29:02.000Z,1846680,1890999,1,"Xal'atath's Bargain: Ascendant, Tyrannical, Challenger's Peril, Fortified",Angeralastor,Demon Hunter,Vengeance,tank,Icecrown
847,335.9,307181128,11,Mists of Tirna Scithe,2024-11-14T17:29:02.000Z,1846680,1890999,1,"Xal'atath's Bargain: Ascendant, Tyrannical, Challenger's Peril, Fortified",無情瓦力基德,Paladin,Retribution,dps,Icecrown
847,335.9,307181128,11,Mists of Tirna Scithe,2024-11-14T17:29:02.000Z,1846680,1890999,1,"Xal'atath's Bargain: Ascendant, Tyrannical, Challenger's Peril, Fortified",莎莎伊夏,Shaman,Elemental,dps,Zealot Blade
848,335.9,303179337,11,Mists of Tirna Scithe,2024-10-27T13:14:57.000Z,1847768,1890999,1,"Xal'atath's Bargain: Ascendant, Fortified, Challenger's Peril, Tyrannical",粗魯兄貴,Mage,Frost,dps,Crystalpine Stinger
848,335.9,303179337,11,Mists of Tirna Scithe,2024-10-27T13:14:57.000Z,1847768,1890999,1,"Xal'atath's Bargain: Ascendant, Fortified, Challenger's Peril, Tyrannical",映如雪,Warlock,Destruction,dps,World Tree
848,335.9,303179337,11,Mists of Tirna Scithe,2024-10-27T13:14:57.000Z,1847768,1890999,1,"Xal'atath's Bargain: Ascendant, Fortified, Challenger's Peril, Tyrannical",李狗蛋,Priest,Holy,healer,Chillwind Point
848,335.9,303179337,11,Mists of Tirna Scithe,2024-10-27T13:14:57.000Z,1847768,1890999,1,"Xal'atath's Bargain: Ascendant, Fortified, Challenger's Peril, Tyrannical",超派鐵拳二,Shaman,Elemental,dps,Zealot Blade
848,335.9,303179337,11,Mists of Tirna Scithe,2024-10-27T13:14:57.000Z,1847768,1890999,1,"Xal'atath's Bargain: Ascendant, Fortified, Challenger's Peril, Tyrannical",喵喵星貓耳朵,Demon Hunter,Vengeance,tank,Sundown Marsh
849,335.9,307128568,11,Mists of Tirna Scithe,2024-11-14T07:13:41.000Z,1848012,1890999,1,"Xal'atath's Bargain: Ascendant, Tyrannical, Challenger's Peril, Fortified",Kalista,Demon Hunter,Havoc,dps,Sundown Marsh
849,335.9,307128568,11,Mists of Tirna Scithe,2024-11-14T07:13:41.000Z,1848012,1890999,1,"Xal'atath's Bargain: Ascendant, Tyrannical, Challenger's Peril, Fortified",Julyr,Warrior,Protection,tank,Demon Fall Canyon
849,335.9,307128568,11,Mists of Tirna Scithe,2024-11-14T07:13:41.000Z,1848012,1890999,1,"Xal'atath's Bargain: Ascendant, Tyrannical, Challenger's Peril, Fortified",Nedudu,Druid,Balance,dps,Quel'dorei
849,335.9,307128568,11,Mists of Tirna Scithe,2024-11-14T07:13:41.000Z,1848012,1890999,1,"Xal'atath's Bargain: Ascendant, Tyrannical, Challenger's Peril, Fortified",萬古千星,Shaman,Restoration,healer,Arthas
849,335.9,307128568,11,Mists of Tirna Scithe,2024-11-14T07:13:41.000Z,1848012,1890999,1,"Xal'atath's Bargain: Ascendant, Tyrannical, Challenger's Peril, Fortified",幻楓攸,Mage,Frost,dps,Nightsong
850,335.8,308389504,11,Mists of Tirna Scithe,2024-11-20T17:47:20.000Z,1848222,1890999,1,"Xal'atath's Bargain: Ascendant, Tyrannical, Challenger's Peril, Fortified",Matkearney,Death Knight,Unholy,dps,Demon Fall Canyon
850,335.8,308389504,11,Mists of Tirna Scithe,2024-11-20T17:47:20.000Z,1848222,1890999,1,"Xal'atath's Bargain: Ascendant, Tyrannical, Challenger's Peril, Fortified",Bifrost,Death Knight,Blood,tank,Icecrown
850,335.8,308389504,11,Mists of Tirna Scithe,2024-11-20T17:47:20.000Z,1848222,1890999,1,"Xal'atath's Bargain: Ascendant, Tyrannical, Challenger's Peril, Fortified",Caballero,Paladin,Retribution,dps,Spirestone
850,335.8,308389504,11,Mists of Tirna Scithe,2024-11-20T17:47:20.000Z,1848222,1890999,1,"Xal'atath's Bargain: Ascendant, Tyrannical, Challenger's Peril, Fortified",培根火腿蛋,Paladin,Retribution,dps,Shadowmoon
850,335.8,308389504,11,Mists of Tirna Scithe,2024-11-20T17:47:20.000Z,1848222,1890999,1,"Xal'atath's Bargain: Ascendant, Tyrannical, Challenger's Peril, Fortified",收集落葉的貓,Priest,Holy,healer,Zealot Blade
851,335.8,307143278,11,Mists of Tirna Scithe,2024-11-14T11:21:03.000Z,1849359,1890999,1,"Xal'atath's Bargain: Ascendant, Tyrannical, Challenger's Peril, Fortified",不相信聖光,Death Knight,Blood,tank,Icecrown
851,335.8,307143278,11,Mists of Tirna Scithe,2024-11-14T11:21:03.000Z,1849359,1890999,1,"Xal'atath's Bargain: Ascendant, Tyrannical, Challenger's Peril, Fortified",扎扎,Mage,Frost,dps,Whisperwind
851,335.8,307143278,11,Mists of Tirna Scithe,2024-11-14T11:21:03.000Z,1849359,1890999,1,"Xal'atath's Bargain: Ascendant, Tyrannical, Challenger's Peril, Fortified",找不到南北,Paladin,Retribution,dps,Whisperwind
851,335.8,307143278,11,Mists of Tirna Scithe,2024-11-14T11:21:03.000Z,1849359,1890999,1,"Xal'atath's Bargain: Ascendant, Tyrannical, Challenger's Peril, Fortified",Netherland,Priest,Holy,healer,Demon Fall Canyon
851,335.8,307143278,11,Mists of Tirna Scithe,2024-11-14T11:21:03.000Z,1849359,1890999,1,"Xal'atath's Bargain: Ascendant, Tyrannical, Challenger's Peril, Fortified",大麻古茶坊,Evoker,Devastation,dps,Quel'dorei
852,335.8,302916138,11,Mists of Tirna Scithe,2024-10-26T11:02:31.000Z,1850403,1890999,1,"Xal'atath's Bargain: Ascendant, Fortified, Challenger's Peril, Tyrannical",未兮,Demon Hunter,Havoc,dps,Crystalpine Stinger
852,335.8,302916138,11,Mists of Tirna Scithe,2024-10-26T11:02:31.000Z,1850403,1890999,1,"Xal'atath's Bargain: Ascendant, Fortified, Challenger's Peril, Tyrannical",大彄呆,Rogue,Assassination,dps,Sundown Marsh
852,335.8,302916138,11,Mists of Tirna Scithe,2024-10-26T11:02:31.000Z,1850403,1890999,1,"Xal'atath's Bargain: Ascendant, Fortified, Challenger's Peril, Tyrannical",紫芒星痕,Warrior,Protection,tank,Sundown Marsh
852,335.8,302916138,11,Mists of Tirna Scithe,2024-10-26T11:02:31.000Z,1850403,1890999,1,"Xal'atath's Bargain: Ascendant, Fortified, Challenger's Peril, Tyrannical",鄧鴻敢,Shaman,Elemental,dps,Sundown Marsh
852,335.8,302916138,11,Mists of Tirna Scithe,2024-10-26T11:02:31.000Z,1850403,1890999,1,"Xal'atath's Bargain: Ascendant, Fortified, Challenger's Peril, Tyrannical",怜瞳,Druid,Restoration,healer,Chillwind Point
853,335.7,307914740,11,Mists of Tirna Scithe,2024-11-18T14:23:58.000Z,1853799,1890999,1,"Xal'atath's Bargain: Ascendant, Tyrannical, Challenger's Peril, Fortified",狂暴野牛人,Warrior,Protection,tank,Demon Fall Canyon
853,335.7,307914740,11,Mists of Tirna Scithe,2024-11-18T14:23:58.000Z,1853799,1890999,1,"Xal'atath's Bargain: Ascendant, Tyrannical, Challenger's Peril, Fortified",Whitepegoo,Paladin,Retribution,dps,Arthas
853,335.7,307914740,11,Mists of Tirna Scithe,2024-11-18T14:23:58.000Z,1853799,1890999,1,"Xal'atath's Bargain: Ascendant, Tyrannical, Challenger's Peril, Fortified",元熊,Monk,Mistweaver,healer,Bleeding Hollow
853,335.7,307914740,11,Mists of Tirna Scithe,2024-11-18T14:23:58.000Z,1853799,1890999,1,"Xal'atath's Bargain: Ascendant, Tyrannical, Challenger's Peril, Fortified",冰骸,Mage,Frost,dps,Menethil
853,335.7,307914740,11,Mists of Tirna Scithe,2024-11-18T14:23:58.000Z,1853799,1890999,1,"Xal'atath's Bargain: Ascendant, Tyrannical, Challenger's Peril, Fortified",來插墓碑的,Shaman,Elemental,dps,Shadowmoon
854,335.7,307315450,11,Mists of Tirna Scithe,2024-11-15T13:49:34.000Z,1853941,1890999,1,"Xal'atath's Bargain: Ascendant, Tyrannical, Challenger's Peril, Fortified",風華絢舞,Paladin,Retribution,dps,Stormscale
854,335.7,307315450,11,Mists of Tirna Scithe,2024-11-15T13:49:34.000Z,1853941,1890999,1,"Xal'atath's Bargain: Ascendant, Tyrannical, Challenger's Peril, Fortified",茉莉香香荳,Monk,Mistweaver,healer,Nightsong
854,335.7,307315450,11,Mists of Tirna Scithe,2024-11-15T13:49:34.000Z,1853941,1890999,1,"Xal'atath's Bargain: Ascendant, Tyrannical, Challenger's Peril, Fortified",糖可可,Monk,Windwalker,dps,Chillwind Point
854,335.7,307315450,11,Mists of Tirna Scithe,2024-11-15T13:49:34.000Z,1853941,1890999,1,"Xal'atath's Bargain: Ascendant, Tyrannical, Challenger's Peril, Fortified",七歲的奕智,Death Knight,Blood,tank,Chillwind Point
854,335.7,307315450,11,Mists of Tirna Scithe,2024-11-15T13:49:34.000Z,1853941,1890999,1,"Xal'atath's Bargain: Ascendant, Tyrannical, Challenger's Peril, Fortified",Noonkamshama,Shaman,Elemental,dps,Chillwind Point
855,335.7,307513171,11,Mists of Tirna Scithe,2024-11-16T15:06:32.000Z,1855041,1890999,1,"Xal'atath's Bargain: Ascendant, Tyrannical, Challenger's Peril, Fortified",Kokomi,Death Knight,Blood,tank,World Tree
855,335.7,307513171,11,Mists of Tirna Scithe,2024-11-16T15:06:32.000Z,1855041,1890999,1,"Xal'atath's Bargain: Ascendant, Tyrannical, Challenger's Peril, Fortified",邂逅,Death Knight,Frost,dps,World Tree
855,335.7,307513171,11,Mists of Tirna Scithe,2024-11-16T15:06:32.000Z,1855041,1890999,1,"Xal'atath's Bargain: Ascendant, Tyrannical, Challenger's Peril, Fortified",黑皮貓貓,Shaman,Restoration,healer,World Tree
855,335.7,307513171,11,Mists of Tirna Scithe,2024-11-16T15:06:32.000Z,1855041,1890999,1,"Xal'atath's Bargain: Ascendant, Tyrannical, Challenger's Peril, Fortified",雪初晨,Paladin,Retribution,dps,Arygos
855,335.7,307513171,11,Mists of Tirna Scithe,2024-11-16T15:06:32.000Z,1855041,1890999,1,"Xal'atath's Bargain: Ascendant, Tyrannical, Challenger's Peril, Fortified",蛋之哀傷,Death Knight,Frost,dps,World Tree
856,335.7,300152038,11,Mists of Tirna Scithe,2024-10-27T13:59:44.000Z,1855476,1890999,1,"Xal'atath's Bargain: Ascendant, Fortified, Challenger's Peril, Tyrannical",貝恩噗噗,Warrior,Protection,tank,Light's Hope
856,335.7,300152038,11,Mists of Tirna Scithe,2024-10-27T13:59:44.000Z,1855476,1890999,1,"Xal'atath's Bargain: Ascendant, Fortified, Challenger's Peril, Tyrannical",烈奧尼達,Paladin,Retribution,dps,Whisperwind
856,335.7,300152038,11,Mists of Tirna Scithe,2024-10-27T13:59:44.000Z,1855476,1890999,1,"Xal'atath's Bargain: Ascendant, Fortified, Challenger's Peril, Tyrannical",Erzae,Evoker,Preservation,healer,Wrathbringer
856,335.7,300152038,11,Mists of Tirna Scithe,2024-10-27T13:59:44.000Z,1855476,1890999,1,"Xal'atath's Bargain: Ascendant, Fortified, Challenger's Peril, Tyrannical",天殺的手好短,Evoker,Augmentation,dps,Skywall
856,335.7,300152038,11,Mists of Tirna Scithe,2024-10-27T13:59:44.000Z,1855476,1890999,1,"Xal'atath's Bargain: Ascendant, Fortified, Challenger's Peril, Tyrannical",雲潞,Death Knight,Unholy,dps,Quel'dorei
857,335.7,307635681,11,Mists of Tirna Scithe,2024-11-17T01:32:05.000Z,1855594,1890999,1,"Xal'atath's Bargain: Ascendant, Tyrannical, Challenger's Peril, Fortified",殺我不會掉寶,Monk,Mistweaver,healer,Quel'dorei
857,335.7,307635681,11,Mists of Tirna Scithe,2024-11-17T01:32:05.000Z,1855594,1890999,1,"Xal'atath's Bargain: Ascendant, Tyrannical, Challenger's Peril, Fortified",紫菜肉鬆夾餅,Hunter,Survival,dps,Sundown Marsh
857,335.7,307635681,11,Mists of Tirna Scithe,2024-11-17T01:32:05.000Z,1855594,1890999,1,"Xal'atath's Bargain: Ascendant, Tyrannical, Challenger's Peril, Fortified",泡在雨裏的熊,Demon Hunter,Vengeance,tank,Crystalpine Stinger
857,335.7,307635681,11,Mists of Tirna Scithe,2024-11-17T01:32:05.000Z,1855594,1890999,1,"Xal'atath's Bargain: Ascendant, Tyrannical, Challenger's Peril, Fortified",一進,Paladin,Retribution,dps,Silverwing Hold
857,335.7,307635681,11,Mists of Tirna Scithe,2024-11-17T01:32:05.000Z,1855594,1890999,1,"Xal'atath's Bargain: Ascendant, Tyrannical, Challenger's Peril, Fortified",屎王姿懿,Warlock,Destruction,dps,World Tree
858,335.6,307409231,11,Mists of Tirna Scithe,2024-11-15T23:41:58.000Z,1859021,1890999,1,"Xal'atath's Bargain: Ascendant, Tyrannical, Challenger's Peril, Fortified",心水奶爸,Warrior,Protection,tank,Stormscale
858,335.6,307409231,11,Mists of Tirna Scithe,2024-11-15T23:41:58.000Z,1859021,1890999,1,"Xal'atath's Bargain: Ascendant, Tyrannical, Challenger's Peril, Fortified",丿卡哇伊灬響,Paladin,Retribution,dps,Demon Fall Canyon
858,335.6,307409231,11,Mists of Tirna Scithe,2024-11-15T23:41:58.000Z,1859021,1890999,1,"Xal'atath's Bargain: Ascendant, Tyrannical, Challenger's Peril, Fortified",玫瑰情人夢,Mage,Frost,dps,Chillwind Point
858,335.6,307409231,11,Mists of Tirna Scithe,2024-11-15T23:41:58.000Z,1859021,1890999,1,"Xal'atath's Bargain: Ascendant, Tyrannical, Challenger's Peril, Fortified",動態平衡,Shaman,Restoration,healer,Shadowmoon
858,335.6,307409231,11,Mists of Tirna Scithe,2024-11-15T23:41:58.000Z,1859021,1890999,1,"Xal'atath's Bargain: Ascendant, Tyrannical, Challenger's Peril, Fortified",病迪凱,Death Knight,Frost,dps,Crystalpine Stinger
859,335.6,307674850,11,Mists of Tirna Scithe,2024-11-17T07:55:56.000Z,1861127,1890999,1,"Xal'atath's Bargain: Ascendant, Tyrannical, Challenger's Peril, Fortified",聖光女孩,Paladin,Retribution,dps,Sundown Marsh
859,335.6,307674850,11,Mists of Tirna Scithe,2024-11-17T07:55:56.000Z,1861127,1890999,1,"Xal'atath's Bargain: Ascendant, Tyrannical, Challenger's Peril, Fortified",Anamaximoff,Mage,Frost,dps,Sundown Marsh
859,335.6,307674850,11,Mists of Tirna Scithe,2024-11-17T07:55:56.000Z,1861127,1890999,1,"Xal'atath's Bargain: Ascendant, Tyrannical, Challenger's Peril, Fortified",Kuverymuch,Warlock,Demonology,dps,Chillwind Point
859,335.6,307674850,11,Mists of Tirna Scithe,2024-11-17T07:55:56.000Z,1861127,1890999,1,"Xal'atath's Bargain: Ascendant, Tyrannical, Challenger's Peril, Fortified",Warma,Paladin,Holy,healer,Nightsong
859,335.6,307674850,11,Mists of Tirna Scithe,2024-11-17T07:55:56.000Z,1861127,1890999,1,"Xal'atath's Bargain: Ascendant, Tyrannical, Challenger's Peril, Fortified",Kerkland,Warrior,Protection,tank,Nightsong
860,335.6,307124263,11,Mists of Tirna Scithe,2024-11-14T07:03:12.000Z,1861386,1890999,1,"Xal'atath's Bargain: Ascendant, Tyrannical, Challenger's Peril, Fortified",比讚會變身,Hunter,Beast Mastery,dps,Shadowmoon
860,335.6,307124263,11,Mists of Tirna Scithe,2024-11-14T07:03:12.000Z,1861386,1890999,1,"Xal'atath's Bargain: Ascendant, Tyrannical, Challenger's Peril, Fortified",殭屍熊,Warlock,Destruction,dps,Shadowmoon
860,335.6,307124263,11,Mists of Tirna Scithe,2024-11-14T07:03:12.000Z,1861386,1890999,1,"Xal'atath's Bargain: Ascendant, Tyrannical, Challenger's Peril, Fortified",灌骰兔,Priest,Discipline,healer,Shadowmoon
860,335.6,307124263,11,Mists of Tirna Scithe,2024-11-14T07:03:12.000Z,1861386,1890999,1,"Xal'atath's Bargain: Ascendant, Tyrannical, Challenger's Peril, Fortified",魷魚阿甘,Hunter,Beast Mastery,dps,Shadowmoon
860,335.6,307124263,11,Mists of Tirna Scithe,2024-11-14T07:03:12.000Z,1861386,1890999,1,"Xal'atath's Bargain: Ascendant, Tyrannical, Challenger's Peril, Fortified",Skydhh,Demon Hunter,Vengeance,tank,Shadowmoon
861,335.6,307699730,11,Mists of Tirna Scithe,2024-11-17T11:28:16.000Z,1861454,1890999,1,"Xal'atath's Bargain: Ascendant, Tyrannical, Challenger's Peril, Fortified",薇塔克洛提德,Priest,Holy,healer,Menethil
861,335.6,307699730,11,Mists of Tirna Scithe,2024-11-17T11:28:16.000Z,1861454,1890999,1,"Xal'atath's Bargain: Ascendant, Tyrannical, Challenger's Peril, Fortified",好小野馬,Mage,Frost,dps,Light's Hope
861,335.6,307699730,11,Mists of Tirna Scithe,2024-11-17T11:28:16.000Z,1861454,1890999,1,"Xal'atath's Bargain: Ascendant, Tyrannical, Challenger's Peril, Fortified",天空剛剛好,Paladin,Retribution,dps,Nightsong
861,335.6,307699730,11,Mists of Tirna Scithe,2024-11-17T11:28:16.000Z,1861454,1890999,1,"Xal'atath's Bargain: Ascendant, Tyrannical, Challenger's Peril, Fortified",Yunikoz,Druid,Guardian,tank,Sundown Marsh
861,335.6,307699730,11,Mists of Tirna Scithe,2024-11-17T11:28:16.000Z,1861454,1890999,1,"Xal'atath's Bargain: Ascendant, Tyrannical, Challenger's Peril, Fortified",查奇奧斯,Shaman,Elemental,dps,Sundown Marsh
862,335.5,302710446,11,Mists of Tirna Scithe,2024-10-25T17:53:06.000Z,1863398,1890999,1,"Xal'atath's Bargain: Ascendant, Fortified, Challenger's Peril, Tyrannical",Woodoo,Death Knight,Unholy,dps,Silverwing Hold
862,335.5,302710446,11,Mists of Tirna Scithe,2024-10-25T17:53:06.000Z,1863398,1890999,1,"Xal'atath's Bargain: Ascendant, Fortified, Challenger's Peril, Tyrannical",希坦喵嗚,Paladin,Retribution,dps,World Tree
862,335.5,302710446,11,Mists of Tirna Scithe,2024-10-25T17:53:06.000Z,1863398,1890999,1,"Xal'atath's Bargain: Ascendant, Fortified, Challenger's Peril, Tyrannical",澄淨閃耀,Death Knight,Blood,tank,World Tree
862,335.5,302710446,11,Mists of Tirna Scithe,2024-10-25T17:53:06.000Z,1863398,1890999,1,"Xal'atath's Bargain: Ascendant, Fortified, Challenger's Peril, Tyrannical",禹大爺,Shaman,Restoration,healer,World Tree
862,335.5,302710446,11,Mists of Tirna Scithe,2024-10-25T17:53:06.000Z,1863398,1890999,1,"Xal'atath's Bargain: Ascendant, Fortified, Challenger's Peril, Tyrannical",惡法輪迴,Warlock,Destruction,dps,Shadowmoon
863,335.5,308304716,11,Mists of Tirna Scithe,2024-11-20T15:15:18.000Z,1864094,1890999,1,"Xal'atath's Bargain: Ascendant, Tyrannical, Challenger's Peril, Fortified",人潮洶湧,Mage,Frost,dps,Demon Fall Canyon
863,335.5,308304716,11,Mists of Tirna Scithe,2024-11-20T15:15:18.000Z,1864094,1890999,1,"Xal'atath's Bargain: Ascendant, Tyrannical, Challenger's Peril, Fortified",不事王侯,Warrior,Protection,tank,Menethil
863,335.5,308304716,11,Mists of Tirna Scithe,2024-11-20T15:15:18.000Z,1864094,1890999,1,"Xal'atath's Bargain: Ascendant, Tyrannical, Challenger's Peril, Fortified",區欠區欠,Hunter,Survival,dps,Quel'dorei
863,335.5,308304716,11,Mists of Tirna Scithe,2024-11-20T15:15:18.000Z,1864094,1890999,1,"Xal'atath's Bargain: Ascendant, Tyrannical, Challenger's Peril, Fortified",閃電是隻貓,Paladin,Retribution,dps,World Tree
863,335.5,308304716,11,Mists of Tirna Scithe,2024-11-20T15:15:18.000Z,1864094,1890999,1,"Xal'atath's Bargain: Ascendant, Tyrannical, Challenger's Peril, Fortified",Shun,Priest,Discipline,healer,Sundown Marsh
864,335.5,303450125,11,Mists of Tirna Scithe,2024-10-28T16:16:00.000Z,1864347,1890999,1,"Xal'atath's Bargain: Ascendant, Fortified, Challenger's Peril, Tyrannical",最最牛,Shaman,Elemental,dps,Chillwind Point
864,335.5,303450125,11,Mists of Tirna Scithe,2024-10-28T16:16:00.000Z,1864347,1890999,1,"Xal'atath's Bargain: Ascendant, Fortified, Challenger's Peril, Tyrannical",Bakamage,Mage,Fire,dps,Hellscream
864,335.5,303450125,11,Mists of Tirna Scithe,2024-10-28T16:16:00.000Z,1864347,1890999,1,"Xal'atath's Bargain: Ascendant, Fortified, Challenger's Peril, Tyrannical",Scintillate,Warlock,Demonology,dps,Shadowmoon
864,335.5,303450125,11,Mists of Tirna Scithe,2024-10-28T16:16:00.000Z,1864347,1890999,1,"Xal'atath's Bargain: Ascendant, Fortified, Challenger's Peril, Tyrannical",盧娜,Druid,Restoration,healer,Frostmane
864,335.5,303450125,11,Mists of Tirna Scithe,2024-10-28T16:16:00.000Z,1864347,1890999,1,"Xal'atath's Bargain: Ascendant, Fortified, Challenger's Peril, Tyrannical",寂寞的遊俠,Paladin,Protection,tank,Arthas
865,335.5,307772048,11,Mists of Tirna Scithe,2024-11-17T18:34:07.000Z,1864594,1890999,1,"Xal'atath's Bargain: Ascendant, Tyrannical, Challenger's Peril, Fortified",熊熊也忘記,Priest,Discipline,healer,Sundown Marsh
865,335.5,307772048,11,Mists of Tirna Scithe,2024-11-17T18:34:07.000Z,1864594,1890999,1,"Xal'atath's Bargain: Ascendant, Tyrannical, Challenger's Peril, Fortified",Davidd,Evoker,Augmentation,dps,Sundown Marsh
865,335.5,307772048,11,Mists of Tirna Scithe,2024-11-17T18:34:07.000Z,1864594,1890999,1,"Xal'atath's Bargain: Ascendant, Tyrannical, Challenger's Peril, Fortified",Dun,Death Knight,Unholy,dps,Silverwing Hold
865,335.5,307772048,11,Mists of Tirna Scithe,2024-11-17T18:34:07.000Z,1864594,1890999,1,"Xal'atath's Bargain: Ascendant, Tyrannical, Challenger's Peril, Fortified",Nichirin,Warrior,Protection,tank,Shadowmoon
865,335.5,307772048,11,Mists of Tirna Scithe,2024-11-17T18:34:07.000Z,1864594,1890999,1,"Xal'atath's Bargain: Ascendant, Tyrannical, Challenger's Peril, Fortified",名稱甭難想,Shaman,Enhancement,dps,Sundown Marsh
866,335.5,307649967,11,Mists of Tirna Scithe,2024-11-17T03:59:19.000Z,1864786,1890999,1,"Xal'atath's Bargain: Ascendant, Tyrannical, Challenger's Peril, Fortified",北極小白熊,Monk,Mistweaver,healer,Frostmane
866,335.5,307649967,11,Mists of Tirna Scithe,2024-11-17T03:59:19.000Z,1864786,1890999,1,"Xal'atath's Bargain: Ascendant, Tyrannical, Challenger's Peril, Fortified",艾醬的走狗-106496958,Warrior,Protection,tank,Frostmane
866,335.5,307649967,11,Mists of Tirna Scithe,2024-11-17T03:59:19.000Z,1864786,1890999,1,"Xal'atath's Bargain: Ascendant, Tyrannical, Challenger's Peril, Fortified",Dragoonyan,Evoker,Augmentation,dps,Sundown Marsh
866,335.5,307649967,11,Mists of Tirna Scithe,2024-11-17T03:59:19.000Z,1864786,1890999,1,"Xal'atath's Bargain: Ascendant, Tyrannical, Challenger's Peril, Fortified",白毛萝莉,Shaman,Enhancement,dps,Shadowmoon
866,335.5,307649967,11,Mists of Tirna Scithe,2024-11-17T03:59:19.000Z,1864786,1890999,1,"Xal'atath's Bargain: Ascendant, Tyrannical, Challenger's Peril, Fortified",小丸煮,Death Knight,Frost,dps,Bleeding Hollow
867,335.5,307275131,11,Mists of Tirna Scithe,2024-11-15T05:26:31.000Z,1865688,1890999,1,"Xal'atath's Bargain: Ascendant, Tyrannical, Challenger's Peril, Fortified",包子薇妮,Hunter,Survival,dps,Arthas
867,335.5,307275131,11,Mists of Tirna Scithe,2024-11-15T05:26:31.000Z,1865688,1890999,1,"Xal'atath's Bargain: Ascendant, Tyrannical, Challenger's Peril, Fortified",貓娘,Warrior,Fury,dps,Skywall
867,335.5,307275131,11,Mists of Tirna Scithe,2024-11-15T05:26:31.000Z,1865688,1890999,1,"Xal'atath's Bargain: Ascendant, Tyrannical, Challenger's Peril, Fortified",Felixevoker,Evoker,Augmentation,dps,Sundown Marsh
867,335.5,307275131,11,Mists of Tirna Scithe,2024-11-15T05:26:31.000Z,1865688,1890999,1,"Xal'atath's Bargain: Ascendant, Tyrannical, Challenger's Peril, Fortified",熊性禿,Druid,Guardian,tank,Skywall
867,335.5,307275131,11,Mists of Tirna Scithe,2024-11-15T05:26:31.000Z,1865688,1890999,1,"Xal'atath's Bargain: Ascendant, Tyrannical, Challenger's Peril, Fortified",薩攏摩,Shaman,Restoration,healer,Skywall
868,335.5,293466314,11,Mists of Tirna Scithe,2024-10-27T17:26:12.000Z,1865731,1890999,1,"Xal'atath's Bargain: Ascendant, Fortified, Challenger's Peril, Tyrannical",不怕被圍毆啦,Hunter,Beast Mastery,dps,Sundown Marsh
868,335.5,293466314,11,Mists of Tirna Scithe,2024-10-27T17:26:12.000Z,1865731,1890999,1,"Xal'atath's Bargain: Ascendant, Fortified, Challenger's Peril, Tyrannical",Skogvaniz,Paladin,Holy,healer,Sundown Marsh
868,335.5,293466314,11,Mists of Tirna Scithe,2024-10-27T17:26:12.000Z,1865731,1890999,1,"Xal'atath's Bargain: Ascendant, Fortified, Challenger's Peril, Tyrannical",菢菢,Demon Hunter,Vengeance,tank,Sundown Marsh
868,335.5,293466314,11,Mists of Tirna Scithe,2024-10-27T17:26:12.000Z,1865731,1890999,1,"Xal'atath's Bargain: Ascendant, Fortified, Challenger's Peril, Tyrannical",雪心冰瑩,Priest,Shadow,dps,World Tree
868,335.5,293466314,11,Mists of Tirna Scithe,2024-10-27T17:26:12.000Z,1865731,1890999,1,"Xal'atath's Bargain: Ascendant, Fortified, Challenger's Peril, Tyrannical",小熊麵包,Mage,Frost,dps,Sundown Marsh
869,335.5,307522017,11,Mists of Tirna Scithe,2024-11-16T15:30:36.000Z,1867049,1890999,1,"Xal'atath's Bargain: Ascendant, Tyrannical, Challenger's Peril, Fortified",板口雨子,Death Knight,Frost,dps,Shadowmoon
869,335.5,307522017,11,Mists of Tirna Scithe,2024-11-16T15:30:36.000Z,1867049,1890999,1,"Xal'atath's Bargain: Ascendant, Tyrannical, Challenger's Peril, Fortified",君王,Evoker,Augmentation,dps,Hellscream
869,335.5,307522017,11,Mists of Tirna Scithe,2024-11-16T15:30:36.000Z,1867049,1890999,1,"Xal'atath's Bargain: Ascendant, Tyrannical, Challenger's Peril, Fortified",Yokasora,Mage,Frost,dps,Shadowmoon
869,335.5,307522017,11,Mists of Tirna Scithe,2024-11-16T15:30:36.000Z,1867049,1890999,1,"Xal'atath's Bargain: Ascendant, Tyrannical, Challenger's Peril, Fortified",清晨的日落,Paladin,Holy,healer,Dragonmaw
869,335.5,307522017,11,Mists of Tirna Scithe,2024-11-16T15:30:36.000Z,1867049,1890999,1,"Xal'atath's Bargain: Ascendant, Tyrannical, Challenger's Peril, Fortified",冰沙焦糖可可,Demon Hunter,Vengeance,tank,Shadowmoon
870,335.5,293551728,11,Mists of Tirna Scithe,2024-09-23T16:42:20.000Z,1867449,1890999,1,"Xal'atath's Bargain: Ascendant, Tyrannical, Challenger's Peril, Fortified",就只是雜魚,Warrior,Protection,tank,Bleeding Hollow
870,335.5,293551728,11,Mists of Tirna Scithe,2024-09-23T16:42:20.000Z,1867449,1890999,1,"Xal'atath's Bargain: Ascendant, Tyrannical, Challenger's Peril, Fortified",抹茶果凍-61464259,Shaman,Elemental,dps,Bleeding Hollow
870,335.5,293551728,11,Mists of Tirna Scithe,2024-09-23T16:42:20.000Z,1867449,1890999,1,"Xal'atath's Bargain: Ascendant, Tyrannical, Challenger's Peril, Fortified",燒燬-67536936,Mage,Arcane,dps,Frostmane
870,335.5,293551728,11,Mists of Tirna Scithe,2024-09-23T16:42:20.000Z,1867449,1890999,1,"Xal'atath's Bargain: Ascendant, Tyrannical, Challenger's Peril, Fortified",Martingarrix,Death Knight,Frost,dps,Frostmane
870,335.5,293551728,11,Mists of Tirna Scithe,2024-09-23T16:42:20.000Z,1867449,1890999,1,"Xal'atath's Bargain: Ascendant, Tyrannical, Challenger's Peril, Fortified",Kenji,Paladin,Holy,healer,Stormscale
871,335.5,301475731,11,Mists of Tirna Scithe,2024-10-28T17:06:18.000Z,1867516,1890999,1,"Xal'atath's Bargain: Ascendant, Fortified, Challenger's Peril, Tyrannical",朴敘俊,Rogue,Assassination,dps,Bleeding Hollow
871,335.5,301475731,11,Mists of Tirna Scithe,2024-10-28T17:06:18.000Z,1867516,1890999,1,"Xal'atath's Bargain: Ascendant, Fortified, Challenger's Peril, Tyrannical",黑油,Monk,Windwalker,dps,Nightsong
871,335.5,301475731,11,Mists of Tirna Scithe,2024-10-28T17:06:18.000Z,1867516,1890999,1,"Xal'atath's Bargain: Ascendant, Fortified, Challenger's Peril, Tyrannical",囧兒騎士,Paladin,Retribution,dps,Zealot Blade
871,335.5,301475731,11,Mists of Tirna Scithe,2024-10-28T17:06:18.000Z,1867516,1890999,1,"Xal'atath's Bargain: Ascendant, Fortified, Challenger's Peril, Tyrannical",非本人,Warrior,Protection,tank,Bleeding Hollow
871,335.5,301475731,11,Mists of Tirna Scithe,2024-10-28T17:06:18.000Z,1867516,1890999,1,"Xal'atath's Bargain: Ascendant, Fortified, Challenger's Peril, Tyrannical",六璃,Shaman,Restoration,healer,Bleeding Hollow
872,335.5,308084302,11,Mists of Tirna Scithe,2024-11-19T15:09:56.000Z,1868008,1890999,1,"Xal'atath's Bargain: Ascendant, Tyrannical, Challenger's Peril, Fortified",賽拉圖,Death Knight,Unholy,dps,Wrathbringer
872,335.5,308084302,11,Mists of Tirna Scithe,2024-11-19T15:09:56.000Z,1868008,1890999,1,"Xal'atath's Bargain: Ascendant, Tyrannical, Challenger's Peril, Fortified",花貓,Shaman,Restoration,healer,Sundown Marsh
872,335.5,308084302,11,Mists of Tirna Scithe,2024-11-19T15:09:56.000Z,1868008,1890999,1,"Xal'atath's Bargain: Ascendant, Tyrannical, Challenger's Peril, Fortified",蘇拉他女人,Paladin,Protection,tank,Sundown Marsh
872,335.5,308084302,11,Mists of Tirna Scithe,2024-11-19T15:09:56.000Z,1868008,1890999,1,"Xal'atath's Bargain: Ascendant, Tyrannical, Challenger's Peril, Fortified",口圭革力,Druid,Balance,dps,Stormscale
872,335.5,308084302,11,Mists of Tirna Scithe,2024-11-19T15:09:56.000Z,1868008,1890999,1,"Xal'atath's Bargain: Ascendant, Tyrannical, Challenger's Peril, Fortified",綠小焰,Mage,Frost,dps,Stormscale
873,335.4,299069676,11,Mists of Tirna Scithe,2024-10-25T14:01:15.000Z,1870686,1890999,1,"Xal'atath's Bargain: Ascendant, Fortified, Challenger's Peril, Tyrannical",亨德冽克,Mage,Frost,dps,Chillwind Point
873,335.4,299069676,11,Mists of Tirna Scithe,2024-10-25T14:01:15.000Z,1870686,1890999,1,"Xal'atath's Bargain: Ascendant, Fortified, Challenger's Peril, Tyrannical",Nefeltari,Shaman,Restoration,healer,Chillwind Point
873,335.4,299069676,11,Mists of Tirna Scithe,2024-10-25T14:01:15.000Z,1870686,1890999,1,"Xal'atath's Bargain: Ascendant, Fortified, Challenger's Peril, Tyrannical",腮紅,Paladin,Retribution,dps,Crystalpine Stinger
873,335.4,299069676,11,Mists of Tirna Scithe,2024-10-25T14:01:15.000Z,1870686,1890999,1,"Xal'atath's Bargain: Ascendant, Fortified, Challenger's Peril, Tyrannical",翎羽,Death Knight,Blood,tank,Chillwind Point
873,335.4,299069676,11,Mists of Tirna Scithe,2024-10-25T14:01:15.000Z,1870686,1890999,1,"Xal'atath's Bargain: Ascendant, Fortified, Challenger's Peril, Tyrannical",阿斯特蘭小豹,Death Knight,Unholy,dps,Icecrown
874,335.3,297188354,11,Mists of Tirna Scithe,2024-10-29T14:28:15.000Z,1873966,1890999,1,"Xal'atath's Bargain: Ascendant, Fortified, Challenger's Peril, Tyrannical",爺爺來了,Warrior,Protection,tank,Light's Hope
874,335.3,297188354,11,Mists of Tirna Scithe,2024-10-29T14:28:15.000Z,1873966,1890999,1,"Xal'atath's Bargain: Ascendant, Fortified, Challenger's Peril, Tyrannical",植物奶,Druid,Balance,dps,Light's Hope
874,335.3,297188354,11,Mists of Tirna Scithe,2024-10-29T14:28:15.000Z,1873966,1890999,1,"Xal'atath's Bargain: Ascendant, Fortified, Challenger's Peril, Tyrannical",Dector,Shaman,Enhancement,dps,Light's Hope
874,335.3,297188354,11,Mists of Tirna Scithe,2024-10-29T14:28:15.000Z,1873966,1890999,1,"Xal'atath's Bargain: Ascendant, Fortified, Challenger's Peril, Tyrannical",Shadowrider,Druid,Restoration,healer,Light's Hope
874,335.3,297188354,11,Mists of Tirna Scithe,2024-10-29T14:28:15.000Z,1873966,1890999,1,"Xal'atath's Bargain: Ascendant, Fortified, Challenger's Peril, Tyrannical",Deldy,Evoker,Devastation,dps,Light's Hope
875,335.3,293399122,11,Mists of Tirna Scithe,2024-09-20T16:25:59.000Z,1875932,1890999,1,"Xal'atath's Bargain: Ascendant, Tyrannical, Challenger's Peril, Fortified",夜空之希望,Shaman,Restoration,healer,Nightsong
875,335.3,293399122,11,Mists of Tirna Scithe,2024-09-20T16:25:59.000Z,1875932,1890999,1,"Xal'atath's Bargain: Ascendant, Tyrannical, Challenger's Peril, Fortified",魔希,Evoker,Devastation,dps,Frostmane
875,335.3,293399122,11,Mists of Tirna Scithe,2024-09-20T16:25:59.000Z,1875932,1890999,1,"Xal'atath's Bargain: Ascendant, Tyrannical, Challenger's Peril, Fortified",不羈的醒與醉,Warrior,Fury,dps,Frostmane
875,335.3,293399122,11,Mists of Tirna Scithe,2024-09-20T16:25:59.000Z,1875932,1890999,1,"Xal'atath's Bargain: Ascendant, Tyrannical, Challenger's Peril, Fortified",恐怖牛伯伯,Death Knight,Blood,tank,Arygos
875,335.3,293399122,11,Mists of Tirna Scithe,2024-09-20T16:25:59.000Z,1875932,1890999,1,"Xal'atath's Bargain: Ascendant, Tyrannical, Challenger's Peril, Fortified",新資料夾五,Warlock,Demonology,dps,Frostmane
876,335.3,302438970,11,Mists of Tirna Scithe,2024-10-24T07:17:13.000Z,1876018,1890999,1,"Xal'atath's Bargain: Ascendant, Fortified, Challenger's Peril, Tyrannical",五告蔡,Death Knight,Blood,tank,Shadowmoon
876,335.3,302438970,11,Mists of Tirna Scithe,2024-10-24T07:17:13.000Z,1876018,1890999,1,"Xal'atath's Bargain: Ascendant, Fortified, Challenger's Peril, Tyrannical",Tkio,Death Knight,Unholy,dps,Menethil
876,335.3,302438970,11,Mists of Tirna Scithe,2024-10-24T07:17:13.000Z,1876018,1890999,1,"Xal'atath's Bargain: Ascendant, Fortified, Challenger's Peril, Tyrannical",腎光的下半身,Paladin,Retribution,dps,Shadowmoon
876,335.3,302438970,11,Mists of Tirna Scithe,2024-10-24T07:17:13.000Z,1876018,1890999,1,"Xal'atath's Bargain: Ascendant, Fortified, Challenger's Peril, Tyrannical",青青寶貝,Shaman,Restoration,healer,Chillwind Point
876,335.3,302438970,11,Mists of Tirna Scithe,2024-10-24T07:17:13.000Z,1876018,1890999,1,"Xal'atath's Bargain: Ascendant, Fortified, Challenger's Peril, Tyrannical",毀滅的花兒,Warlock,Demonology,dps,Frostmane
877,335.3,307330308,11,Mists of Tirna Scithe,2024-11-15T15:58:44.000Z,1876860,1890999,1,"Xal'atath's Bargain: Ascendant, Tyrannical, Challenger's Peril, Fortified",阿琦,Paladin,Protection,tank,Arthas
877,335.3,307330308,11,Mists of Tirna Scithe,2024-11-15T15:58:44.000Z,1876860,1890999,1,"Xal'atath's Bargain: Ascendant, Tyrannical, Challenger's Peril, Fortified",庫莫那,Shaman,Restoration,healer,Arthas
877,335.3,307330308,11,Mists of Tirna Scithe,2024-11-15T15:58:44.000Z,1876860,1890999,1,"Xal'atath's Bargain: Ascendant, Tyrannical, Challenger's Peril, Fortified",麥扣滑穌牛,Shaman,Enhancement,dps,Icecrown
877,335.3,307330308,11,Mists of Tirna Scithe,2024-11-15T15:58:44.000Z,1876860,1890999,1,"Xal'atath's Bargain: Ascendant, Tyrannical, Challenger's Peril, Fortified",Honoka,Hunter,Survival,dps,Arthas
877,335.3,307330308,11,Mists of Tirna Scithe,2024-11-15T15:58:44.000Z,1876860,1890999,1,"Xal'atath's Bargain: Ascendant, Tyrannical, Challenger's Peril, Fortified",年糕喵喵,Evoker,Augmentation,dps,Arthas
878,335.3,307152883,11,Mists of Tirna Scithe,2024-11-14T13:21:09.000Z,1877124,1890999,1,"Xal'atath's Bargain: Ascendant, Tyrannical, Challenger's Peril, Fortified",漾小凜,Shaman,Elemental,dps,Sundown Marsh
878,335.3,307152883,11,Mists of Tirna Scithe,2024-11-14T13:21:09.000Z,1877124,1890999,1,"Xal'atath's Bargain: Ascendant, Tyrannical, Challenger's Peril, Fortified",嘉神川諾艾兒,Shaman,Restoration,healer,Icecrown
878,335.3,307152883,11,Mists of Tirna Scithe,2024-11-14T13:21:09.000Z,1877124,1890999,1,"Xal'atath's Bargain: Ascendant, Tyrannical, Challenger's Peril, Fortified",義刀流,Paladin,Retribution,dps,Sundown Marsh
878,335.3,307152883,11,Mists of Tirna Scithe,2024-11-14T13:21:09.000Z,1877124,1890999,1,"Xal'atath's Bargain: Ascendant, Tyrannical, Challenger's Peril, Fortified",蘭女變態大叔,Demon Hunter,Vengeance,tank,Shadowmoon
878,335.3,307152883,11,Mists of Tirna Scithe,2024-11-14T13:21:09.000Z,1877124,1890999,1,"Xal'atath's Bargain: Ascendant, Tyrannical, Challenger's Peril, Fortified",文藝委員,Death Knight,Frost,dps,Crystalpine Stinger
879,335.2,308286182,11,Mists of Tirna Scithe,2024-11-19T15:50:31.000Z,1878422,1890999,1,"Xal'atath's Bargain: Ascendant, Tyrannical, Challenger's Peril, Fortified",利威爾兵長,Paladin,Protection,tank,Light's Hope
879,335.2,308286182,11,Mists of Tirna Scithe,2024-11-19T15:50:31.000Z,1878422,1890999,1,"Xal'atath's Bargain: Ascendant, Tyrannical, Challenger's Peril, Fortified",Emiliy,Druid,Restoration,healer,Skywall
879,335.2,308286182,11,Mists of Tirna Scithe,2024-11-19T15:50:31.000Z,1878422,1890999,1,"Xal'atath's Bargain: Ascendant, Tyrannical, Challenger's Peril, Fortified",大丈夫萌呆奶,Hunter,Beast Mastery,dps,Light's Hope
879,335.2,308286182,11,Mists of Tirna Scithe,2024-11-19T15:50:31.000Z,1878422,1890999,1,"Xal'atath's Bargain: Ascendant, Tyrannical, Challenger's Peril, Fortified",Peachmage,Mage,Frost,dps,Light's Hope
879,335.2,308286182,11,Mists of Tirna Scithe,2024-11-19T15:50:31.000Z,1878422,1890999,1,"Xal'atath's Bargain: Ascendant, Tyrannical, Challenger's Peril, Fortified",逢坂大河,Paladin,Retribution,dps,Light's Hope
880,335.2,307866110,11,Mists of Tirna Scithe,2024-11-18T04:52:43.000Z,1880563,1890999,1,"Xal'atath's Bargain: Ascendant, Tyrannical, Challenger's Peril, Fortified",抽取式衛生紙,Warrior,Protection,tank,Crystalpine Stinger
880,335.2,307866110,11,Mists of Tirna Scithe,2024-11-18T04:52:43.000Z,1880563,1890999,1,"Xal'atath's Bargain: Ascendant, Tyrannical, Challenger's Peril, Fortified",紅燒排骨,Warrior,Fury,dps,Wrathbringer
880,335.2,307866110,11,Mists of Tirna Scithe,2024-11-18T04:52:43.000Z,1880563,1890999,1,"Xal'atath's Bargain: Ascendant, Tyrannical, Challenger's Peril, Fortified",平平衡衡德,Druid,Balance,dps,Shadowmoon
880,335.2,307866110,11,Mists of Tirna Scithe,2024-11-18T04:52:43.000Z,1880563,1890999,1,"Xal'atath's Bargain: Ascendant, Tyrannical, Challenger's Peril, Fortified",米若,Priest,Discipline,healer,Shadowmoon
880,335.2,307866110,11,Mists of Tirna Scithe,2024-11-18T04:52:43.000Z,1880563,1890999,1,"Xal'atath's Bargain: Ascendant, Tyrannical, Challenger's Peril, Fortified",艾蕾麗雅,Mage,Frost,dps,Menethil
881,335.2,302945004,11,Mists of Tirna Scithe,2024-10-26T11:12:23.000Z,1881571,1890999,1,"Xal'atath's Bargain: Ascendant, Fortified, Challenger's Peril, Tyrannical",炸彈喵,Death Knight,Unholy,dps,World Tree
881,335.2,302945004,11,Mists of Tirna Scithe,2024-10-26T11:12:23.000Z,1881571,1890999,1,"Xal'atath's Bargain: Ascendant, Fortified, Challenger's Peril, Tyrannical",Neroze,Rogue,Assassination,dps,World Tree
881,335.2,302945004,11,Mists of Tirna Scithe,2024-10-26T11:12:23.000Z,1881571,1890999,1,"Xal'atath's Bargain: Ascendant, Fortified, Challenger's Peril, Tyrannical",周小狗,Mage,Arcane,dps,Chillwind Point
881,335.2,302945004,11,Mists of Tirna Scithe,2024-10-26T11:12:23.000Z,1881571,1890999,1,"Xal'atath's Bargain: Ascendant, Fortified, Challenger's Peril, Tyrannical",山高水長,Warrior,Protection,tank,Wrathbringer
881,335.2,302945004,11,Mists of Tirna Scithe,2024-10-26T11:12:23.000Z,1881571,1890999,1,"Xal'atath's Bargain: Ascendant, Fortified, Challenger's Peril, Tyrannical",藍莓優格,Shaman,Restoration,healer,Whisperwind
882,335.2,308129907,11,Mists of Tirna Scithe,2024-11-19T17:26:14.000Z,1883256,1890999,1,"Xal'atath's Bargain: Ascendant, Tyrannical, Challenger's Peril, Fortified",灰毛哈士奇,Warlock,Destruction,dps,Sundown Marsh
882,335.2,308129907,11,Mists of Tirna Scithe,2024-11-19T17:26:14.000Z,1883256,1890999,1,"Xal'atath's Bargain: Ascendant, Tyrannical, Challenger's Peril, Fortified",囧興,Mage,Frost,dps,Shadowmoon
882,335.2,308129907,11,Mists of Tirna Scithe,2024-11-19T17:26:14.000Z,1883256,1890999,1,"Xal'atath's Bargain: Ascendant, Tyrannical, Challenger's Peril, Fortified",Crishna,Death Knight,Unholy,dps,Sundown Marsh
882,335.2,308129907,11,Mists of Tirna Scithe,2024-11-19T17:26:14.000Z,1883256,1890999,1,"Xal'atath's Bargain: Ascendant, Tyrannical, Challenger's Peril, Fortified",Ccbro,Warrior,Protection,tank,Sundown Marsh
882,335.2,308129907,11,Mists of Tirna Scithe,2024-11-19T17:26:14.000Z,1883256,1890999,1,"Xal'atath's Bargain: Ascendant, Tyrannical, Challenger's Peril, Fortified",Swingpalpo,Paladin,Holy,healer,Sundown Marsh
883,335.1,303854389,11,Mists of Tirna Scithe,2024-10-30T15:22:18.000Z,1884973,1890999,1,"Xal'atath's Bargain: Ascendant, Fortified, Challenger's Peril, Tyrannical",屎奇,Death Knight,Frost,dps,Sundown Marsh
883,335.1,303854389,11,Mists of Tirna Scithe,2024-10-30T15:22:18.000Z,1884973,1890999,1,"Xal'atath's Bargain: Ascendant, Fortified, Challenger's Peril, Tyrannical",飛飛愛兔子,Rogue,Assassination,dps,Light's Hope
883,335.1,303854389,11,Mists of Tirna Scithe,2024-10-30T15:22:18.000Z,1884973,1890999,1,"Xal'atath's Bargain: Ascendant, Fortified, Challenger's Peril, Tyrannical",Rosas,Paladin,Holy,healer,Sundown Marsh
883,335.1,303854389,11,Mists of Tirna Scithe,2024-10-30T15:22:18.000Z,1884973,1890999,1,"Xal'atath's Bargain: Ascendant, Fortified, Challenger's Peril, Tyrannical",米蟲玄師,Shaman,Elemental,dps,Sundown Marsh
883,335.1,303854389,11,Mists of Tirna Scithe,2024-10-30T15:22:18.000Z,1884973,1890999,1,"Xal'atath's Bargain: Ascendant, Fortified, Challenger's Peril, Tyrannical",開龍脊用胯,Monk,Brewmaster,tank,Whisperwind
884,335.1,308082861,11,Mists of Tirna Scithe,2024-11-19T13:49:10.000Z,1885542,1890999,1,"Xal'atath's Bargain: Ascendant, Tyrannical, Challenger's Peril, Fortified",爺爺來了,Warrior,Protection,tank,Light's Hope
884,335.1,308082861,11,Mists of Tirna Scithe,2024-11-19T13:49:10.000Z,1885542,1890999,1,"Xal'atath's Bargain: Ascendant, Tyrannical, Challenger's Peril, Fortified",Dector,Shaman,Enhancement,dps,Light's Hope
884,335.1,308082861,11,Mists of Tirna Scithe,2024-11-19T13:49:10.000Z,1885542,1890999,1,"Xal'atath's Bargain: Ascendant, Tyrannical, Challenger's Peril, Fortified",暗箭虛無,Hunter,Beast Mastery,dps,Light's Hope
884,335.1,308082861,11,Mists of Tirna Scithe,2024-11-19T13:49:10.000Z,1885542,1890999,1,"Xal'atath's Bargain: Ascendant, Tyrannical, Challenger's Peril, Fortified",Shadowrider,Druid,Restoration,healer,Light's Hope
884,335.1,308082861,11,Mists of Tirna Scithe,2024-11-19T13:49:10.000Z,1885542,1890999,1,"Xal'atath's Bargain: Ascendant, Tyrannical, Challenger's Peril, Fortified",恩地,Warrior,Fury,dps,Light's Hope
885,335.1,307889150,11,Mists of Tirna Scithe,2024-11-18T09:01:33.000Z,1886756,1890999,1,"Xal'atath's Bargain: Ascendant, Tyrannical, Challenger's Peril, Fortified",聖火降魔錄,Priest,Holy,healer,Shadowmoon
885,335.1,307889150,11,Mists of Tirna Scithe,2024-11-18T09:01:33.000Z,1886756,1890999,1,"Xal'atath's Bargain: Ascendant, Tyrannical, Challenger's Peril, Fortified",Anon36BA923,Demon Hunter,Vengeance,tank,Anonymous
885,335.1,307889150,11,Mists of Tirna Scithe,2024-11-18T09:01:33.000Z,1886756,1890999,1,"Xal'atath's Bargain: Ascendant, Tyrannical, Challenger's Peril, Fortified",無法度,Mage,Frost,dps,Light's Hope
885,335.1,307889150,11,Mists of Tirna Scithe,2024-11-18T09:01:33.000Z,1886756,1890999,1,"Xal'atath's Bargain: Ascendant, Tyrannical, Challenger's Peril, Fortified",Cylan,Hunter,Marksmanship,dps,World Tree
885,335.1,307889150,11,Mists of Tirna Scithe,2024-11-18T09:01:33.000Z,1886756,1890999,1,"Xal'atath's Bargain: Ascendant, Tyrannical, Challenger's Peril, Fortified",Wikipedia,Paladin,Retribution,dps,Wrathbringer
886,335.1,307325132,11,Mists of Tirna Scithe,2024-11-15T15:23:13.000Z,1887507,1890999,1,"Xal'atath's Bargain: Ascendant, Tyrannical, Challenger's Peril, Fortified",夭壽瘦,Shaman,Restoration,healer,Skywall
886,335.1,307325132,11,Mists of Tirna Scithe,2024-11-15T15:23:13.000Z,1887507,1890999,1,"Xal'atath's Bargain: Ascendant, Tyrannical, Challenger's Peril, Fortified",八十五渡咕,Paladin,Protection,tank,Hellscream
886,335.1,307325132,11,Mists of Tirna Scithe,2024-11-15T15:23:13.000Z,1887507,1890999,1,"Xal'atath's Bargain: Ascendant, Tyrannical, Challenger's Peril, Fortified",Ninolucis,Priest,Shadow,dps,Wrathbringer
886,335.1,307325132,11,Mists of Tirna Scithe,2024-11-15T15:23:13.000Z,1887507,1890999,1,"Xal'atath's Bargain: Ascendant, Tyrannical, Challenger's Peril, Fortified",大周天天仙功,Paladin,Retribution,dps,Wrathbringer
886,335.1,307325132,11,Mists of Tirna Scithe,2024-11-15T15:23:13.000Z,1887507,1890999,1,"Xal'atath's Bargain: Ascendant, Tyrannical, Challenger's Peril, Fortified",名字真難取啊,Hunter,Beast Mastery,dps,Crystalpine Stinger
887,335,303429860,11,Mists of Tirna Scithe,2024-10-28T13:25:06.000Z,1889708,1890999,1,"Xal'atath's Bargain: Ascendant, Fortified, Challenger's Peril, Tyrannical",地瓜綠,Priest,Holy,healer,Menethil
887,335,303429860,11,Mists of Tirna Scithe,2024-10-28T13:25:06.000Z,1889708,1890999,1,"Xal'atath's Bargain: Ascendant, Fortified, Challenger's Peril, Tyrannical",嗷薩斯烈酒,Death Knight,Unholy,dps,Sundown Marsh
887,335,303429860,11,Mists of Tirna Scithe,2024-10-28T13:25:06.000Z,1889708,1890999,1,"Xal'atath's Bargain: Ascendant, Fortified, Challenger's Peril, Tyrannical",伊莉莎白二世,Paladin,Retribution,dps,Silverwing Hold
887,335,303429860,11,Mists of Tirna Scithe,2024-10-28T13:25:06.000Z,1889708,1890999,1,"Xal'atath's Bargain: Ascendant, Fortified, Challenger's Peril, Tyrannical",霓羽,Druid,Guardian,tank,Crystalpine Stinger
887,335,303429860,11,Mists of Tirna Scithe,2024-10-28T13:25:06.000Z,1889708,1890999,1,"Xal'atath's Bargain: Ascendant, Fortified, Challenger's Peril, Tyrannical",阿朗,Shaman,Elemental,dps,Hellscream
888,335,307355048,11,Mists of Tirna Scithe,2024-11-15T19:00:42.000Z,1890615,1890999,1,"Xal'atath's Bargain: Ascendant, Tyrannical, Challenger's Peril, Fortified",等月淚,Shaman,Restoration,healer,Shadowmoon
888,335,307355048,11,Mists of Tirna Scithe,2024-11-15T19:00:42.000Z,1890615,1890999,1,"Xal'atath's Bargain: Ascendant, Tyrannical, Challenger's Peril, Fortified",依阿華,Paladin,Retribution,dps,Shadowmoon
888,335,307355048,11,Mists of Tirna Scithe,2024-11-15T19:00:42.000Z,1890615,1890999,1,"Xal'atath's Bargain: Ascendant, Tyrannical, Challenger's Peril, Fortified",Bambibb,Shaman,Elemental,dps,Nightsong
888,335,307355048,11,Mists of Tirna Scithe,2024-11-15T19:00:42.000Z,1890615,1890999,1,"Xal'atath's Bargain: Ascendant, Tyrannical, Challenger's Peril, Fortified",Marspin,Death Knight,Frost,dps,Nightsong
888,335,307355048,11,Mists of Tirna Scithe,2024-11-15T19:00:42.000Z,1890615,1890999,1,"Xal'atath's Bargain: Ascendant, Tyrannical, Challenger's Peril, Fortified",小雪衝鋒釋放,Warrior,Protection,tank,Sundown Marsh
889,335,308082833,11,Mists of Tirna Scithe,2024-11-19T14:34:30.000Z,1890750,1890999,1,"Xal'atath's Bargain: Ascendant, Tyrannical, Challenger's Peril, Fortified",聖光給我橘,Paladin,Retribution,dps,Shadowmoon
889,335,308082833,11,Mists of Tirna Scithe,2024-11-19T14:34:30.000Z,1890750,1890999,1,"Xal'atath's Bargain: Ascendant, Tyrannical, Challenger's Peril, Fortified",即劣,Hunter,Beast Mastery,dps,Light's Hope
889,335,308082833,11,Mists of Tirna Scithe,2024-11-19T14:34:30.000Z,1890750,1890999,1,"Xal'atath's Bargain: Ascendant, Tyrannical, Challenger's Peril, Fortified",茉莉香香荳,Monk,Brewmaster,tank,Nightsong
889,335,308082833,11,Mists of Tirna Scithe,2024-11-19T14:34:30.000Z,1890750,1890999,1,"Xal'atath's Bargain: Ascendant, Tyrannical, Challenger's Peril, Fortified",小舒果,Shaman,Elemental,dps,Quel'dorei
889,335,308082833,11,Mists of Tirna Scithe,2024-11-19T14:34:30.000Z,1890750,1890999,1,"Xal'atath's Bargain: Ascendant, Tyrannical, Challenger's Peril, Fortified",光浩,Shaman,Restoration,healer,Shadowmoon
890,335,307444240,11,Mists of Tirna Scithe,2024-11-16T04:46:16.000Z,1890964,1890999,1,"Xal'atath's Bargain: Ascendant, Tyrannical, Challenger's Peril, Fortified",Sett,Death Knight,Blood,tank,Whisperwind
890,335,307444240,11,Mists of Tirna Scithe,2024-11-16T04:46:16.000Z,1890964,1890999,1,"Xal'atath's Bargain: Ascendant, Tyrannical, Challenger's Peril, Fortified",威靈頓,Death Knight,Frost,dps,Sundown Marsh
890,335,307444240,11,Mists of Tirna Scithe,2024-11-16T04:46:16.000Z,1890964,1890999,1,"Xal'atath's Bargain: Ascendant, Tyrannical, Challenger's Peril, Fortified",刮痧小吉牧師,Priest,Discipline,healer,Wrathbringer
890,335,307444240,11,Mists of Tirna Scithe,2024-11-16T04:46:16.000Z,1890964,1890999,1,"Xal'atath's Bargain: Ascendant, Tyrannical, Challenger's Peril, Fortified",牆頭草,Shaman,Enhancement,dps,Whisperwind
890,335,307444240,11,Mists of Tirna Scithe,2024-11-16T04:46:16.000Z,1890964,1890999,1,"Xal'atath's Bargain: Ascendant, Tyrannical, Challenger's Peril, Fortified",琉光沓,Druid,Balance,dps,Spirestone
891,335,308306625,10,Mists of Tirna Scithe,2024-11-20T17:38:38.000Z,1016364,1890999,3,"Xal'atath's Bargain: Ascendant, Tyrannical, Challenger's Peril, Fortified",夏蘇勒哈,Hunter,Survival,dps,Whisperwind
891,335,308306625,10,Mists of Tirna Scithe,2024-11-20T17:38:38.000Z,1016364,1890999,3,"Xal'atath's Bargain: Ascendant, Tyrannical, Challenger's Peril, Fortified",大鳥小甜心,Mage,Arcane,dps,Shadowmoon
891,335,308306625,10,Mists of Tirna Scithe,2024-11-20T17:38:38.000Z,1016364,1890999,3,"Xal'atath's Bargain: Ascendant, Tyrannical, Challenger's Peril, Fortified",Aeki,Evoker,Preservation,healer,Quel'dorei
891,335,308306625,10,Mists of Tirna Scithe,2024-11-20T17:38:38.000Z,1016364,1890999,3,"Xal'atath's Bargain: Ascendant, Tyrannical, Challenger's Peril, Fortified",姜太公,Paladin,Protection,tank,Icecrown
891,335,308306625,10,Mists of Tirna Scithe,2024-11-20T17:38:38.000Z,1016364,1890999,3,"Xal'atath's Bargain: Ascendant, Tyrannical, Challenger's Peril, Fortified",哞力安那,Shaman,Enhancement,dps,Shadowmoon
892,335,308118700,10,Mists of Tirna Scithe,2024-11-19T17:20:31.000Z,1045105,1890999,3,"Xal'atath's Bargain: Ascendant, Tyrannical, Challenger's Peril, Fortified",Jibarogue,Rogue,Outlaw,dps,World Tree
892,335,308118700,10,Mists of Tirna Scithe,2024-11-19T17:20:31.000Z,1045105,1890999,3,"Xal'atath's Bargain: Ascendant, Tyrannical, Challenger's Peril, Fortified",老玩具,Paladin,Protection,tank,Arygos
892,335,308118700,10,Mists of Tirna Scithe,2024-11-19T17:20:31.000Z,1045105,1890999,3,"Xal'atath's Bargain: Ascendant, Tyrannical, Challenger's Peril, Fortified",Bydmage,Mage,Frost,dps,Frostmane
892,335,308118700,10,Mists of Tirna Scithe,2024-11-19T17:20:31.000Z,1045105,1890999,3,"Xal'atath's Bargain: Ascendant, Tyrannical, Challenger's Peril, Fortified",Sintharia,Priest,Discipline,healer,Arygos
892,335,308118700,10,Mists of Tirna Scithe,2024-11-19T17:20:31.000Z,1045105,1890999,3,"Xal'atath's Bargain: Ascendant, Tyrannical, Challenger's Peril, Fortified",比司姬,Druid,Balance,dps,Arygos
893,335,307326534,10,Mists of Tirna Scithe,2024-11-15T15:07:32.000Z,1057790,1890999,3,"Xal'atath's Bargain: Ascendant, Tyrannical, Challenger's Peril, Fortified",Frostypal,Paladin,Retribution,dps,Arygos
893,335,307326534,10,Mists of Tirna Scithe,2024-11-15T15:07:32.000Z,1057790,1890999,3,"Xal'atath's Bargain: Ascendant, Tyrannical, Challenger's Peril, Fortified",怒眼雷震,Shaman,Enhancement,dps,Shadowmoon
893,335,307326534,10,Mists of Tirna Scithe,2024-11-15T15:07:32.000Z,1057790,1890999,3,"Xal'atath's Bargain: Ascendant, Tyrannical, Challenger's Peril, Fortified",魔人啾啾,Paladin,Protection,tank,Shadowmoon
893,335,307326534,10,Mists of Tirna Scithe,2024-11-15T15:07:32.000Z,1057790,1890999,3,"Xal'atath's Bargain: Ascendant, Tyrannical, Challenger's Peril, Fortified",Vicrogue,Rogue,Assassination,dps,Shadowmoon
893,335,307326534,10,Mists of Tirna Scithe,2024-11-15T15:07:32.000Z,1057790,1890999,3,"Xal'atath's Bargain: Ascendant, Tyrannical, Challenger's Peril, Fortified",Muchan,Priest,Discipline,healer,Hellscream
894,335,308282761,10,Mists of Tirna Scithe,2024-11-20T15:13:27.000Z,1060964,1890999,3,"Xal'atath's Bargain: Ascendant, Tyrannical, Challenger's Peril, Fortified",阿爾佛雷德,Priest,Discipline,healer,Shadowmoon
894,335,308282761,10,Mists of Tirna Scithe,2024-11-20T15:13:27.000Z,1060964,1890999,3,"Xal'atath's Bargain: Ascendant, Tyrannical, Challenger's Peril, Fortified",如璃百守,Paladin,Protection,tank,Shadowmoon
894,335,308282761,10,Mists of Tirna Scithe,2024-11-20T15:13:27.000Z,1060964,1890999,3,"Xal'atath's Bargain: Ascendant, Tyrannical, Challenger's Peril, Fortified",Sstill,Warrior,Fury,dps,Wrathbringer
894,335,308282761,10,Mists of Tirna Scithe,2024-11-20T15:13:27.000Z,1060964,1890999,3,"Xal'atath's Bargain: Ascendant, Tyrannical, Challenger's Peril, Fortified",天神道,Death Knight,Frost,dps,Shadowmoon
894,335,308282761,10,Mists of Tirna Scithe,2024-11-20T15:13:27.000Z,1060964,1890999,3,"Xal'atath's Bargain: Ascendant, Tyrannical, Challenger's Peril, Fortified",樂町鴨,Shaman,Enhancement,dps,Whisperwind
895,335,307357742,10,Mists of Tirna Scithe,2024-11-15T19:10:21.000Z,1065230,1890999,3,"Xal'atath's Bargain: Ascendant, Tyrannical, Challenger's Peril, Fortified",Anon365210F,Hunter,Survival,dps,Anonymous
895,335,307357742,10,Mists of Tirna Scithe,2024-11-15T19:10:21.000Z,1065230,1890999,3,"Xal'atath's Bargain: Ascendant, Tyrannical, Challenger's Peril, Fortified",三井忠勝,Paladin,Protection,tank,Sundown Marsh
895,335,307357742,10,Mists of Tirna Scithe,2024-11-15T19:10:21.000Z,1065230,1890999,3,"Xal'atath's Bargain: Ascendant, Tyrannical, Challenger's Peril, Fortified",蟲魚,Warlock,Demonology,dps,Nightsong
895,335,307357742,10,Mists of Tirna Scithe,2024-11-15T19:10:21.000Z,1065230,1890999,3,"Xal'atath's Bargain: Ascendant, Tyrannical, Challenger's Peril, Fortified",五股小里長,Rogue,Assassination,dps,Silverwing Hold
895,335,307357742,10,Mists of Tirna Scithe,2024-11-15T19:10:21.000Z,1065230,1890999,3,"Xal'atath's Bargain: Ascendant, Tyrannical, Challenger's Peril, Fortified",鑰匙翹翹了,Shaman,Restoration,healer,Shadowmoon
896,335,308282761,10,Mists of Tirna Scithe,2024-11-20T15:35:17.000Z,1073555,1890999,3,"Xal'atath's Bargain: Ascendant, Tyrannical, Challenger's Peril, Fortified",阿爾佛雷德,Priest,Discipline,healer,Shadowmoon
896,335,308282761,10,Mists of Tirna Scithe,2024-11-20T15:35:17.000Z,1073555,1890999,3,"Xal'atath's Bargain: Ascendant, Tyrannical, Challenger's Peril, Fortified",如璃百守,Paladin,Protection,tank,Shadowmoon
896,335,308282761,10,Mists of Tirna Scithe,2024-11-20T15:35:17.000Z,1073555,1890999,3,"Xal'atath's Bargain: Ascendant, Tyrannical, Challenger's Peril, Fortified",Sstill,Warrior,Fury,dps,Wrathbringer
896,335,308282761,10,Mists of Tirna Scithe,2024-11-20T15:35:17.000Z,1073555,1890999,3,"Xal'atath's Bargain: Ascendant, Tyrannical, Challenger's Peril, Fortified",天神道,Death Knight,Frost,dps,Shadowmoon
896,335,308282761,10,Mists of Tirna Scithe,2024-11-20T15:35:17.000Z,1073555,1890999,3,"Xal'atath's Bargain: Ascendant, Tyrannical, Challenger's Peril, Fortified",樂町鴨,Shaman,Enhancement,dps,Whisperwind
897,335,307508901,10,Mists of Tirna Scithe,2024-11-16T14:21:52.000Z,1093415,1890999,3,"Xal'atath's Bargain: Ascendant, Tyrannical, Challenger's Peril, Fortified",我怕沒你在,Shaman,Enhancement,dps,Spirestone
897,335,307508901,10,Mists of Tirna Scithe,2024-11-16T14:21:52.000Z,1093415,1890999,3,"Xal'atath's Bargain: Ascendant, Tyrannical, Challenger's Peril, Fortified",水潤鵝,Evoker,Augmentation,dps,Wrathbringer
897,335,307508901,10,Mists of Tirna Scithe,2024-11-16T14:21:52.000Z,1093415,1890999,3,"Xal'atath's Bargain: Ascendant, Tyrannical, Challenger's Peril, Fortified",天使熊熊,Priest,Discipline,healer,Spirestone
897,335,307508901,10,Mists of Tirna Scithe,2024-11-16T14:21:52.000Z,1093415,1890999,3,"Xal'atath's Bargain: Ascendant, Tyrannical, Challenger's Peril, Fortified",看來過倒別,Demon Hunter,Havoc,dps,Wrathbringer
897,335,307508901,10,Mists of Tirna Scithe,2024-11-16T14:21:52.000Z,1093415,1890999,3,"Xal'atath's Bargain: Ascendant, Tyrannical, Challenger's Peril, Fortified",溢水行蹤,Paladin,Protection,tank,Spirestone
898,335,307098683,10,Mists of Tirna Scithe,2024-11-14T01:31:10.000Z,1094430,1890999,3,"Xal'atath's Bargain: Ascendant, Tyrannical, Challenger's Peril, Fortified",咕姑固,Druid,Balance,dps,Shadowmoon
898,335,307098683,10,Mists of Tirna Scithe,2024-11-14T01:31:10.000Z,1094430,1890999,3,"Xal'atath's Bargain: Ascendant, Tyrannical, Challenger's Peril, Fortified",Alglol,Paladin,Protection,tank,Shadowmoon
898,335,307098683,10,Mists of Tirna Scithe,2024-11-14T01:31:10.000Z,1094430,1890999,3,"Xal'atath's Bargain: Ascendant, Tyrannical, Challenger's Peril, Fortified",曉怪獸,Priest,Discipline,healer,Spirestone
898,335,307098683,10,Mists of Tirna Scithe,2024-11-14T01:31:10.000Z,1094430,1890999,3,"Xal'atath's Bargain: Ascendant, Tyrannical, Challenger's Peril, Fortified",齁哩靠,Paladin,Retribution,dps,Wrathbringer
898,335,307098683,10,Mists of Tirna Scithe,2024-11-14T01:31:10.000Z,1094430,1890999,3,"Xal'atath's Bargain: Ascendant, Tyrannical, Challenger's Peril, Fortified",暗牙學姊-230101638,Mage,Frost,dps,Shadowmoon
899,335,308292337,10,Mists of Tirna Scithe,2024-11-20T16:42:46.000Z,1099398,1890999,3,"Xal'atath's Bargain: Ascendant, Tyrannical, Challenger's Peril, Fortified",阿爾貝裏希,Priest,Discipline,healer,Shadowmoon
899,335,308292337,10,Mists of Tirna Scithe,2024-11-20T16:42:46.000Z,1099398,1890999,3,"Xal'atath's Bargain: Ascendant, Tyrannical, Challenger's Peril, Fortified",如璃百守,Paladin,Protection,tank,Shadowmoon
899,335,308292337,10,Mists of Tirna Scithe,2024-11-20T16:42:46.000Z,1099398,1890999,3,"Xal'atath's Bargain: Ascendant, Tyrannical, Challenger's Peril, Fortified",Sstill,Warrior,Fury,dps,Wrathbringer
899,335,308292337,10,Mists of Tirna Scithe,2024-11-20T16:42:46.000Z,1099398,1890999,3,"Xal'atath's Bargain: Ascendant, Tyrannical, Challenger's Peril, Fortified",天神道,Death Knight,Frost,dps,Shadowmoon
899,335,308292337,10,Mists of Tirna Scithe,2024-11-20T16:42:46.000Z,1099398,1890999,3,"Xal'atath's Bargain: Ascendant, Tyrannical, Challenger's Peril, Fortified",樂町鴨,Shaman,Enhancement,dps,Whisperwind
900,335,302518039,10,Mists of Tirna Scithe,2024-10-24T17:41:06.000Z,1101333,1890999,3,"Xal'atath's Bargain: Ascendant, Fortified, Challenger's Peril, Tyrannical",戰神核廢料,Death Knight,Frost,dps,Wrathbringer
900,335,302518039,10,Mists of Tirna Scithe,2024-10-24T17:41:06.000Z,1101333,1890999,3,"Xal'atath's Bargain: Ascendant, Fortified, Challenger's Peril, Tyrannical",Chillman,Shaman,Enhancement,dps,Wrathbringer
900,335,302518039,10,Mists of Tirna Scithe,2024-10-24T17:41:06.000Z,1101333,1890999,3,"Xal'atath's Bargain: Ascendant, Fortified, Challenger's Peril, Tyrannical",全能力一百,Hunter,Beast Mastery,dps,Zealot Blade
900,335,302518039,10,Mists of Tirna Scithe,2024-10-24T17:41:06.000Z,1101333,1890999,3,"Xal'atath's Bargain: Ascendant, Fortified, Challenger's Peril, Tyrannical",朱赤緹狐,Monk,Mistweaver,healer,Arygos
900,335,302518039,10,Mists of Tirna Scithe,2024-10-24T17:41:06.000Z,1101333,1890999,3,"Xal'atath's Bargain: Ascendant, Fortified, Challenger's Peril, Tyrannical",小寶貝,Warrior,Protection,tank,Stormscale
901,335,307488241,10,Mists of Tirna Scithe,2024-11-16T11:59:45.000Z,1112227,1890999,3,"Xal'atath's Bargain: Ascendant, Tyrannical, Challenger's Peril, Fortified",我怕沒你在,Shaman,Enhancement,dps,Spirestone
901,335,307488241,10,Mists of Tirna Scithe,2024-11-16T11:59:45.000Z,1112227,1890999,3,"Xal'atath's Bargain: Ascendant, Tyrannical, Challenger's Peril, Fortified",天使熊熊,Priest,Discipline,healer,Spirestone
901,335,307488241,10,Mists of Tirna Scithe,2024-11-16T11:59:45.000Z,1112227,1890999,3,"Xal'atath's Bargain: Ascendant, Tyrannical, Challenger's Peril, Fortified",琉光沓,Druid,Balance,dps,Spirestone
901,335,307488241,10,Mists of Tirna Scithe,2024-11-16T11:59:45.000Z,1112227,1890999,3,"Xal'atath's Bargain: Ascendant, Tyrannical, Challenger's Peril, Fortified",看來過倒,Evoker,Augmentation,dps,Wrathbringer
901,335,307488241,10,Mists of Tirna Scithe,2024-11-16T11:59:45.000Z,1112227,1890999,3,"Xal'atath's Bargain: Ascendant, Tyrannical, Challenger's Peril, Fortified",溢水行蹤,Paladin,Protection,tank,Spirestone
902,335,307306636,10,Mists of Tirna Scithe,2024-11-15T12:10:50.000Z,1113294,1890999,3,"Xal'atath's Bargain: Ascendant, Tyrannical, Challenger's Peril, Fortified",猴猴薩滿,Shaman,Enhancement,dps,Skywall
902,335,307306636,10,Mists of Tirna Scithe,2024-11-15T12:10:50.000Z,1113294,1890999,3,"Xal'atath's Bargain: Ascendant, Tyrannical, Challenger's Peril, Fortified",集氣肥鳥,Druid,Balance,dps,Sundown Marsh
902,335,307306636,10,Mists of Tirna Scithe,2024-11-15T12:10:50.000Z,1113294,1890999,3,"Xal'atath's Bargain: Ascendant, Tyrannical, Challenger's Peril, Fortified",凱里厄文,Paladin,Holy,healer,Nightsong
902,335,307306636,10,Mists of Tirna Scithe,2024-11-15T12:10:50.000Z,1113294,1890999,3,"Xal'atath's Bargain: Ascendant, Tyrannical, Challenger's Peril, Fortified",伊藤韓伝,Death Knight,Blood,tank,Sundown Marsh
902,335,307306636,10,Mists of Tirna Scithe,2024-11-15T12:10:50.000Z,1113294,1890999,3,"Xal'atath's Bargain: Ascendant, Tyrannical, Challenger's Peril, Fortified",烤鴨捲餅,Paladin,Retribution,dps,Skywall
903,335,307895002,10,Mists of Tirna Scithe,2024-11-18T11:11:42.000Z,1123244,1890999,3,"Xal'atath's Bargain: Ascendant, Tyrannical, Challenger's Peril, Fortified",猴猴薩滿,Shaman,Enhancement,dps,Skywall
903,335,307895002,10,Mists of Tirna Scithe,2024-11-18T11:11:42.000Z,1123244,1890999,3,"Xal'atath's Bargain: Ascendant, Tyrannical, Challenger's Peril, Fortified",殘風夜雪,Demon Hunter,Vengeance,tank,Quel'dorei
903,335,307895002,10,Mists of Tirna Scithe,2024-11-18T11:11:42.000Z,1123244,1890999,3,"Xal'atath's Bargain: Ascendant, Tyrannical, Challenger's Peril, Fortified",Elmog,Mage,Frost,dps,Arygos
903,335,307895002,10,Mists of Tirna Scithe,2024-11-18T11:11:42.000Z,1123244,1890999,3,"Xal'atath's Bargain: Ascendant, Tyrannical, Challenger's Peril, Fortified",櫻桃鴨鴨,Hunter,Survival,dps,Skywall
903,335,307895002,10,Mists of Tirna Scithe,2024-11-18T11:11:42.000Z,1123244,1890999,3,"Xal'atath's Bargain: Ascendant, Tyrannical, Challenger's Peril, Fortified",Muchan,Priest,Discipline,healer,Hellscream
904,335,303647055,10,Mists of Tirna Scithe,2024-10-29T14:18:42.000Z,1125590,1890999,3,"Xal'atath's Bargain: Ascendant, Fortified, Challenger's Peril, Tyrannical",哀豔,Priest,Discipline,healer,Shadowmoon
904,335,303647055,10,Mists of Tirna Scithe,2024-10-29T14:18:42.000Z,1125590,1890999,3,"Xal'atath's Bargain: Ascendant, Fortified, Challenger's Peril, Tyrannical",Peropero,Warrior,Protection,tank,Quel'dorei
904,335,303647055,10,Mists of Tirna Scithe,2024-10-29T14:18:42.000Z,1125590,1890999,3,"Xal'atath's Bargain: Ascendant, Fortified, Challenger's Peril, Tyrannical",Holyfish,Druid,Balance,dps,Arygos
904,335,303647055,10,Mists of Tirna Scithe,2024-10-29T14:18:42.000Z,1125590,1890999,3,"Xal'atath's Bargain: Ascendant, Fortified, Challenger's Peril, Tyrannical",Elmos,Shaman,Enhancement,dps,Arygos
904,335,303647055,10,Mists of Tirna Scithe,2024-10-29T14:18:42.000Z,1125590,1890999,3,"Xal'atath's Bargain: Ascendant, Fortified, Challenger's Peril, Tyrannical",恐康康星人-227062783,Demon Hunter,Vengeance,tank,Nightsong
905,335,308299349,10,Mists of Tirna Scithe,2024-11-20T16:45:24.000Z,1129957,1890999,3,"Xal'atath's Bargain: Ascendant, Tyrannical, Challenger's Peril, Fortified",Delonte,Warlock,Demonology,dps,Shadowmoon
905,335,308299349,10,Mists of Tirna Scithe,2024-11-20T16:45:24.000Z,1129957,1890999,3,"Xal'atath's Bargain: Ascendant, Tyrannical, Challenger's Peril, Fortified",知你冷暖,Demon Hunter,Vengeance,tank,Whisperwind
905,335,308299349,10,Mists of Tirna Scithe,2024-11-20T16:45:24.000Z,1129957,1890999,3,"Xal'atath's Bargain: Ascendant, Tyrannical, Challenger's Peril, Fortified",Ching,Priest,Discipline,healer,Quel'dorei
905,335,308299349,10,Mists of Tirna Scithe,2024-11-20T16:45:24.000Z,1129957,1890999,3,"Xal'atath's Bargain: Ascendant, Tyrannical, Challenger's Peril, Fortified",Røzasm,Shaman,Enhancement,dps,Whisperwind
905,335,308299349,10,Mists of Tirna Scithe,2024-11-20T16:45:24.000Z,1129957,1890999,3,"Xal'atath's Bargain: Ascendant, Tyrannical, Challenger's Peril, Fortified",Chinpal,Paladin,Retribution,dps,Shadowmoon
906,335,308079722,10,Mists of Tirna Scithe,2024-11-19T14:26:22.000Z,1132421,1890999,3,"Xal'atath's Bargain: Ascendant, Tyrannical, Challenger's Peril, Fortified",紅蓮格林,Paladin,Protection,tank,Silverwing Hold
906,335,308079722,10,Mists of Tirna Scithe,2024-11-19T14:26:22.000Z,1132421,1890999,3,"Xal'atath's Bargain: Ascendant, Tyrannical, Challenger's Peril, Fortified",零下幾分鐘,Hunter,Survival,dps,Sundown Marsh
906,335,308079722,10,Mists of Tirna Scithe,2024-11-19T14:26:22.000Z,1132421,1890999,3,"Xal'atath's Bargain: Ascendant, Tyrannical, Challenger's Peril, Fortified",樂富肥德,Shaman,Enhancement,dps,Wrathbringer
906,335,308079722,10,Mists of Tirna Scithe,2024-11-19T14:26:22.000Z,1132421,1890999,3,"Xal'atath's Bargain: Ascendant, Tyrannical, Challenger's Peril, Fortified",史薩坦滿,Shaman,Enhancement,dps,Demon Fall Canyon
906,335,308079722,10,Mists of Tirna Scithe,2024-11-19T14:26:22.000Z,1132421,1890999,3,"Xal'atath's Bargain: Ascendant, Tyrannical, Challenger's Peril, Fortified",純正公牛奶,Monk,Mistweaver,healer,Demon Fall Canyon
907,335,306560808,10,Mists of Tirna Scithe,2024-11-14T16:02:07.000Z,1135777,1890999,3,"Xal'atath's Bargain: Ascendant, Tyrannical, Challenger's Peril, Fortified",鎧薩,Death Knight,Frost,dps,Whisperwind
907,335,306560808,10,Mists of Tirna Scithe,2024-11-14T16:02:07.000Z,1135777,1890999,3,"Xal'atath's Bargain: Ascendant, Tyrannical, Challenger's Peril, Fortified",Pokapal,Paladin,Protection,tank,Shadowmoon
907,335,306560808,10,Mists of Tirna Scithe,2024-11-14T16:02:07.000Z,1135777,1890999,3,"Xal'atath's Bargain: Ascendant, Tyrannical, Challenger's Peril, Fortified",日月龍龍,Evoker,Augmentation,dps,Shadowmoon
907,335,306560808,10,Mists of Tirna Scithe,2024-11-14T16:02:07.000Z,1135777,1890999,3,"Xal'atath's Bargain: Ascendant, Tyrannical, Challenger's Peril, Fortified",心口紋對鷹,Mage,Frost,dps,Whisperwind
907,335,306560808,10,Mists of Tirna Scithe,2024-11-14T16:02:07.000Z,1135777,1890999,3,"Xal'atath's Bargain: Ascendant, Tyrannical, Challenger's Peril, Fortified",Taiyo,Priest,Discipline,healer,Spirestone
908,334.9,303890258,10,Mists of Tirna Scithe,2024-10-30T19:56:20.000Z,1139615,1890999,3,"Xal'atath's Bargain: Ascendant, Fortified, Challenger's Peril, Tyrannical",Leiil,Priest,Discipline,healer,Light's Hope
908,334.9,303890258,10,Mists of Tirna Scithe,2024-10-30T19:56:20.000Z,1139615,1890999,3,"Xal'atath's Bargain: Ascendant, Fortified, Challenger's Peril, Tyrannical",Jayy,Death Knight,Frost,dps,Arygos
908,334.9,303890258,10,Mists of Tirna Scithe,2024-10-30T19:56:20.000Z,1139615,1890999,3,"Xal'atath's Bargain: Ascendant, Fortified, Challenger's Peril, Tyrannical",新生聖光,Paladin,Protection,tank,Stormscale
908,334.9,303890258,10,Mists of Tirna Scithe,2024-10-30T19:56:20.000Z,1139615,1890999,3,"Xal'atath's Bargain: Ascendant, Fortified, Challenger's Peril, Tyrannical",Rennexx,Shaman,Enhancement,dps,Arygos
908,334.9,303890258,10,Mists of Tirna Scithe,2024-10-30T19:56:20.000Z,1139615,1890999,3,"Xal'atath's Bargain: Ascendant, Fortified, Challenger's Peril, Tyrannical",多隆,Death Knight,Frost,dps,Arygos
909,334.8,303388442,10,Mists of Tirna Scithe,2024-10-27T19:09:19.000Z,1143377,1890999,3,"Xal'atath's Bargain: Ascendant, Fortified, Challenger's Peril, Tyrannical",哞哞小眼睛,Druid,Guardian,tank,Spirestone
909,334.8,303388442,10,Mists of Tirna Scithe,2024-10-27T19:09:19.000Z,1143377,1890999,3,"Xal'atath's Bargain: Ascendant, Fortified, Challenger's Peril, Tyrannical",姬娜,Shaman,Enhancement,dps,Shadowmoon
909,334.8,303388442,10,Mists of Tirna Scithe,2024-10-27T19:09:19.000Z,1143377,1890999,3,"Xal'atath's Bargain: Ascendant, Fortified, Challenger's Peril, Tyrannical",Liee,Evoker,Augmentation,dps,Whisperwind
909,334.8,303388442,10,Mists of Tirna Scithe,2024-10-27T19:09:19.000Z,1143377,1890999,3,"Xal'atath's Bargain: Ascendant, Fortified, Challenger's Peril, Tyrannical",Miuz,Paladin,Holy,healer,Bleeding Hollow
909,334.8,303388442,10,Mists of Tirna Scithe,2024-10-27T19:09:19.000Z,1143377,1890999,3,"Xal'atath's Bargain: Ascendant, Fortified, Challenger's Peril, Tyrannical",Yumeshiro,Rogue,Assassination,dps,Crystalpine Stinger
910,334.8,302959476,10,Mists of Tirna Scithe,2024-10-26T15:28:17.000Z,1145550,1890999,3,"Xal'atath's Bargain: Ascendant, Fortified, Challenger's Peril, Tyrannical",仇惡鬼,Shaman,Restoration,healer,Nightsong
910,334.8,302959476,10,Mists of Tirna Scithe,2024-10-26T15:28:17.000Z,1145550,1890999,3,"Xal'atath's Bargain: Ascendant, Fortified, Challenger's Peril, Tyrannical",艾爾登戰士,Warrior,Protection,tank,Menethil
910,334.8,302959476,10,Mists of Tirna Scithe,2024-10-26T15:28:17.000Z,1145550,1890999,3,"Xal'atath's Bargain: Ascendant, Fortified, Challenger's Peril, Tyrannical",Allintesla,Rogue,Assassination,dps,Shadowmoon
910,334.8,302959476,10,Mists of Tirna Scithe,2024-10-26T15:28:17.000Z,1145550,1890999,3,"Xal'atath's Bargain: Ascendant, Fortified, Challenger's Peril, Tyrannical",Arceus,Death Knight,Frost,dps,Spirestone
910,334.8,302959476,10,Mists of Tirna Scithe,2024-10-26T15:28:17.000Z,1145550,1890999,3,"Xal'atath's Bargain: Ascendant, Fortified, Challenger's Peril, Tyrannical",Hsiuu,Evoker,Augmentation,dps,Nightsong
911,334.8,307104203,10,Mists of Tirna Scithe,2024-11-14T02:32:03.000Z,1146479,1890999,3,"Xal'atath's Bargain: Ascendant, Tyrannical, Challenger's Peril, Fortified",山行,Monk,Windwalker,dps,Demon Fall Canyon
911,334.8,307104203,10,Mists of Tirna Scithe,2024-11-14T02:32:03.000Z,1146479,1890999,3,"Xal'atath's Bargain: Ascendant, Tyrannical, Challenger's Peril, Fortified",一熊小花一,Paladin,Protection,tank,Sundown Marsh
911,334.8,307104203,10,Mists of Tirna Scithe,2024-11-14T02:32:03.000Z,1146479,1890999,3,"Xal'atath's Bargain: Ascendant, Tyrannical, Challenger's Peril, Fortified",你有點壞壞的,Shaman,Elemental,dps,Sundown Marsh
911,334.8,307104203,10,Mists of Tirna Scithe,2024-11-14T02:32:03.000Z,1146479,1890999,3,"Xal'atath's Bargain: Ascendant, Tyrannical, Challenger's Peril, Fortified",一輪輪胖嘟嘟,Monk,Mistweaver,healer,Demon Fall Canyon
911,334.8,307104203,10,Mists of Tirna Scithe,2024-11-14T02:32:03.000Z,1146479,1890999,3,"Xal'atath's Bargain: Ascendant, Tyrannical, Challenger's Peril, Fortified",Shino,Mage,Fire,dps,Bleeding Hollow
912,334.7,307461121,10,Mists of Tirna Scithe,2024-11-16T06:46:48.000Z,1151317,1890999,3,"Xal'atath's Bargain: Ascendant, Tyrannical, Challenger's Peril, Fortified",伊菈絲,Hunter,Beast Mastery,dps,Zealot Blade
912,334.7,307461121,10,Mists of Tirna Scithe,2024-11-16T06:46:48.000Z,1151317,1890999,3,"Xal'atath's Bargain: Ascendant, Tyrannical, Challenger's Peril, Fortified",胖丁,Monk,Brewmaster,tank,Shadowmoon
912,334.7,307461121,10,Mists of Tirna Scithe,2024-11-16T06:46:48.000Z,1151317,1890999,3,"Xal'atath's Bargain: Ascendant, Tyrannical, Challenger's Peril, Fortified",Mejumpdk,Death Knight,Frost,dps,Shadowmoon
912,334.7,307461121,10,Mists of Tirna Scithe,2024-11-16T06:46:48.000Z,1151317,1890999,3,"Xal'atath's Bargain: Ascendant, Tyrannical, Challenger's Peril, Fortified",美麗塔,Druid,Restoration,healer,Crystalpine Stinger
912,334.7,307461121,10,Mists of Tirna Scithe,2024-11-16T06:46:48.000Z,1151317,1890999,3,"Xal'atath's Bargain: Ascendant, Tyrannical, Challenger's Peril, Fortified",Vicrogue,Rogue,Assassination,dps,Shadowmoon
913,334.7,308456806,10,Mists of Tirna Scithe,2024-11-20T16:26:45.000Z,1151548,1890999,3,"Xal'atath's Bargain: Ascendant, Tyrannical, Challenger's Peril, Fortified",坦克寶寶,Paladin,Retribution,dps,Spirestone
913,334.7,308456806,10,Mists of Tirna Scithe,2024-11-20T16:26:45.000Z,1151548,1890999,3,"Xal'atath's Bargain: Ascendant, Tyrannical, Challenger's Peril, Fortified",我頭上有倆角,Evoker,Augmentation,dps,Spirestone
913,334.7,308456806,10,Mists of Tirna Scithe,2024-11-20T16:26:45.000Z,1151548,1890999,3,"Xal'atath's Bargain: Ascendant, Tyrannical, Challenger's Peril, Fortified",雙喜臨門,Paladin,Retribution,dps,Spirestone
913,334.7,308456806,10,Mists of Tirna Scithe,2024-11-20T16:26:45.000Z,1151548,1890999,3,"Xal'atath's Bargain: Ascendant, Tyrannical, Challenger's Peril, Fortified",我還是大黃呀,Paladin,Protection,tank,Spirestone
913,334.7,308456806,10,Mists of Tirna Scithe,2024-11-20T16:26:45.000Z,1151548,1890999,3,"Xal'atath's Bargain: Ascendant, Tyrannical, Challenger's Peril, Fortified",盐一牧,Priest,Discipline,healer,Spirestone
914,334.6,307281249,10,Mists of Tirna Scithe,2024-11-15T06:47:49.000Z,1154564,1890999,3,"Xal'atath's Bargain: Ascendant, Tyrannical, Challenger's Peril, Fortified",油腻的师姐,Demon Hunter,Vengeance,tank,Arthas
914,334.6,307281249,10,Mists of Tirna Scithe,2024-11-15T06:47:49.000Z,1154564,1890999,3,"Xal'atath's Bargain: Ascendant, Tyrannical, Challenger's Peril, Fortified",天使卡士達,Paladin,Holy,healer,Light's Hope
914,334.6,307281249,10,Mists of Tirna Scithe,2024-11-15T06:47:49.000Z,1154564,1890999,3,"Xal'atath's Bargain: Ascendant, Tyrannical, Challenger's Peril, Fortified",Boltxx,Shaman,Enhancement,dps,Chillwind Point
914,334.6,307281249,10,Mists of Tirna Scithe,2024-11-15T06:47:49.000Z,1154564,1890999,3,"Xal'atath's Bargain: Ascendant, Tyrannical, Challenger's Peril, Fortified",麻瓜舒芙蕾,Warlock,Destruction,dps,Silverwing Hold
914,334.6,307281249,10,Mists of Tirna Scithe,2024-11-15T06:47:49.000Z,1154564,1890999,3,"Xal'atath's Bargain: Ascendant, Tyrannical, Challenger's Peril, Fortified",黑魯伊,Druid,Balance,dps,Crystalpine Stinger
915,334.6,308081026,10,Mists of Tirna Scithe,2024-11-19T14:53:32.000Z,1155402,1890999,3,"Xal'atath's Bargain: Ascendant, Tyrannical, Challenger's Peril, Fortified",Rrabbit,Shaman,Elemental,dps,Shadowmoon
915,334.6,308081026,10,Mists of Tirna Scithe,2024-11-19T14:53:32.000Z,1155402,1890999,3,"Xal'atath's Bargain: Ascendant, Tyrannical, Challenger's Peril, Fortified",飄飄鼠,Mage,Frost,dps,Shadowmoon
915,334.6,308081026,10,Mists of Tirna Scithe,2024-11-19T14:53:32.000Z,1155402,1890999,3,"Xal'atath's Bargain: Ascendant, Tyrannical, Challenger's Peril, Fortified",熊邦,Evoker,Preservation,healer,Shadowmoon
915,334.6,308081026,10,Mists of Tirna Scithe,2024-11-19T14:53:32.000Z,1155402,1890999,3,"Xal'atath's Bargain: Ascendant, Tyrannical, Challenger's Peril, Fortified",齁齁聖,Paladin,Protection,tank,Shadowmoon
915,334.6,308081026,10,Mists of Tirna Scithe,2024-11-19T14:53:32.000Z,1155402,1890999,3,"Xal'atath's Bargain: Ascendant, Tyrannical, Challenger's Peril, Fortified",落燼,Shaman,Enhancement,dps,Whisperwind
916,334.5,308288967,10,Mists of Tirna Scithe,2024-11-20T15:17:44.000Z,1157879,1890999,3,"Xal'atath's Bargain: Ascendant, Tyrannical, Challenger's Peril, Fortified",天使之城,Priest,Shadow,dps,Sundown Marsh
916,334.5,308288967,10,Mists of Tirna Scithe,2024-11-20T15:17:44.000Z,1157879,1890999,3,"Xal'atath's Bargain: Ascendant, Tyrannical, Challenger's Peril, Fortified",愛莉希雅,Evoker,Augmentation,dps,Demon Fall Canyon
916,334.5,308288967,10,Mists of Tirna Scithe,2024-11-20T15:17:44.000Z,1157879,1890999,3,"Xal'atath's Bargain: Ascendant, Tyrannical, Challenger's Peril, Fortified",三井幸村,Druid,Guardian,tank,Sundown Marsh
916,334.5,308288967,10,Mists of Tirna Scithe,2024-11-20T15:17:44.000Z,1157879,1890999,3,"Xal'atath's Bargain: Ascendant, Tyrannical, Challenger's Peril, Fortified",空白回憶,Shaman,Enhancement,dps,Skywall
916,334.5,308288967,10,Mists of Tirna Scithe,2024-11-20T15:17:44.000Z,1157879,1890999,3,"Xal'atath's Bargain: Ascendant, Tyrannical, Challenger's Peril, Fortified",死之夜,Priest,Discipline,healer,Wrathbringer
917,334.4,307473472,10,Mists of Tirna Scithe,2024-11-16T09:15:38.000Z,1163956,1890999,3,"Xal'atath's Bargain: Ascendant, Tyrannical, Challenger's Peril, Fortified",墨希,Warrior,Protection,tank,Dragonmaw
917,334.4,307473472,10,Mists of Tirna Scithe,2024-11-16T09:15:38.000Z,1163956,1890999,3,"Xal'atath's Bargain: Ascendant, Tyrannical, Challenger's Peril, Fortified",霜降冰棒,Shaman,Restoration,healer,Frostmane
917,334.4,307473472,10,Mists of Tirna Scithe,2024-11-16T09:15:38.000Z,1163956,1890999,3,"Xal'atath's Bargain: Ascendant, Tyrannical, Challenger's Peril, Fortified",Flowertea,Hunter,Survival,dps,Bleeding Hollow
917,334.4,307473472,10,Mists of Tirna Scithe,2024-11-16T09:15:38.000Z,1163956,1890999,3,"Xal'atath's Bargain: Ascendant, Tyrannical, Challenger's Peril, Fortified",餘霞,Death Knight,Frost,dps,Bleeding Hollow
917,334.4,307473472,10,Mists of Tirna Scithe,2024-11-16T09:15:38.000Z,1163956,1890999,3,"Xal'atath's Bargain: Ascendant, Tyrannical, Challenger's Peril, Fortified",跑跑先不要,Warlock,Demonology,dps,Bleeding Hollow
918,334.4,308048022,10,Mists of Tirna Scithe,2024-11-19T07:55:14.000Z,1165498,1890999,3,"Xal'atath's Bargain: Ascendant, Tyrannical, Challenger's Peril, Fortified",丹妮秝絲,Demon Hunter,Vengeance,tank,Sundown Marsh
918,334.4,308048022,10,Mists of Tirna Scithe,2024-11-19T07:55:14.000Z,1165498,1890999,3,"Xal'atath's Bargain: Ascendant, Tyrannical, Challenger's Peril, Fortified",南蠻風唐揚雞,Shaman,Elemental,dps,Light's Hope
918,334.4,308048022,10,Mists of Tirna Scithe,2024-11-19T07:55:14.000Z,1165498,1890999,3,"Xal'atath's Bargain: Ascendant, Tyrannical, Challenger's Peril, Fortified",Stormdruid,Druid,Balance,dps,Shadowmoon
918,334.4,308048022,10,Mists of Tirna Scithe,2024-11-19T07:55:14.000Z,1165498,1890999,3,"Xal'atath's Bargain: Ascendant, Tyrannical, Challenger's Peril, Fortified",暮曦然,Shaman,Restoration,healer,Light's Hope
918,334.4,308048022,10,Mists of Tirna Scithe,2024-11-19T07:55:14.000Z,1165498,1890999,3,"Xal'atath's Bargain: Ascendant, Tyrannical, Challenger's Peril, Fortified",夢妍,Death Knight,Frost,dps,Sundown Marsh
919,334.4,308071340,10,Mists of Tirna Scithe,2024-11-19T13:09:44.000Z,1166947,1890999,3,"Xal'atath's Bargain: Ascendant, Tyrannical, Challenger's Peril, Fortified",撒隆西布,Rogue,Assassination,dps,Chillwind Point
919,334.4,308071340,10,Mists of Tirna Scithe,2024-11-19T13:09:44.000Z,1166947,1890999,3,"Xal'atath's Bargain: Ascendant, Tyrannical, Challenger's Peril, Fortified",澟小萌,Mage,Arcane,dps,Icecrown
919,334.4,308071340,10,Mists of Tirna Scithe,2024-11-19T13:09:44.000Z,1166947,1890999,3,"Xal'atath's Bargain: Ascendant, Tyrannical, Challenger's Peril, Fortified",醉舞林蹤,Monk,Mistweaver,healer,Shadowmoon
919,334.4,308071340,10,Mists of Tirna Scithe,2024-11-19T13:09:44.000Z,1166947,1890999,3,"Xal'atath's Bargain: Ascendant, Tyrannical, Challenger's Peril, Fortified",腎光逗教軍,Paladin,Protection,tank,Shadowmoon
919,334.4,308071340,10,Mists of Tirna Scithe,2024-11-19T13:09:44.000Z,1166947,1890999,3,"Xal'atath's Bargain: Ascendant, Tyrannical, Challenger's Peril, Fortified",Ahamkara,Warlock,Destruction,dps,Shadowmoon
920,334.4,307522677,10,Mists of Tirna Scithe,2024-11-16T16:03:06.000Z,1167160,1890999,3,"Xal'atath's Bargain: Ascendant, Tyrannical, Challenger's Peril, Fortified",聖喵,Paladin,Protection,tank,Crystalpine Stinger
920,334.4,307522677,10,Mists of Tirna Scithe,2024-11-16T16:03:06.000Z,1167160,1890999,3,"Xal'atath's Bargain: Ascendant, Tyrannical, Challenger's Peril, Fortified",我有認識一元,Hunter,Survival,dps,Crystalpine Stinger
920,334.4,307522677,10,Mists of Tirna Scithe,2024-11-16T16:03:06.000Z,1167160,1890999,3,"Xal'atath's Bargain: Ascendant, Tyrannical, Challenger's Peril, Fortified",薔薇紅茶,Paladin,Retribution,dps,Spirestone
920,334.4,307522677,10,Mists of Tirna Scithe,2024-11-16T16:03:06.000Z,1167160,1890999,3,"Xal'atath's Bargain: Ascendant, Tyrannical, Challenger's Peril, Fortified",開心小龍,Evoker,Preservation,healer,Whisperwind
920,334.4,307522677,10,Mists of Tirna Scithe,2024-11-16T16:03:06.000Z,1167160,1890999,3,"Xal'atath's Bargain: Ascendant, Tyrannical, Challenger's Peril, Fortified",叭叭,Mage,Frost,dps,Crystalpine Stinger
921,334.3,308081917,10,Mists of Tirna Scithe,2024-11-19T14:59:15.000Z,1167600,1890999,3,"Xal'atath's Bargain: Ascendant, Tyrannical, Challenger's Peril, Fortified",糯米薩滿,Shaman,Restoration,healer,Order of the Cloud Serpent
921,334.3,308081917,10,Mists of Tirna Scithe,2024-11-19T14:59:15.000Z,1167600,1890999,3,"Xal'atath's Bargain: Ascendant, Tyrannical, Challenger's Peril, Fortified",夜芯,Hunter,Survival,dps,Bleeding Hollow
921,334.3,308081917,10,Mists of Tirna Scithe,2024-11-19T14:59:15.000Z,1167600,1890999,3,"Xal'atath's Bargain: Ascendant, Tyrannical, Challenger's Peril, Fortified",薩滿迪克,Shaman,Enhancement,dps,Bleeding Hollow
921,334.3,308081917,10,Mists of Tirna Scithe,2024-11-19T14:59:15.000Z,1167600,1890999,3,"Xal'atath's Bargain: Ascendant, Tyrannical, Challenger's Peril, Fortified",Cyanocitta,Druid,Guardian,tank,Nightsong
921,334.3,308081917,10,Mists of Tirna Scithe,2024-11-19T14:59:15.000Z,1167600,1890999,3,"Xal'atath's Bargain: Ascendant, Tyrannical, Challenger's Peril, Fortified",Anon671ECE2,Hunter,Beast Mastery,dps,Anonymous
922,334.3,308292337,10,Mists of Tirna Scithe,2024-11-20T16:21:47.000Z,1172349,1890999,2,"Xal'atath's Bargain: Ascendant, Tyrannical, Challenger's Peril, Fortified",阿爾貝裏希,Priest,Discipline,healer,Shadowmoon
922,334.3,308292337,10,Mists of Tirna Scithe,2024-11-20T16:21:47.000Z,1172349,1890999,2,"Xal'atath's Bargain: Ascendant, Tyrannical, Challenger's Peril, Fortified",如璃百守,Paladin,Protection,tank,Shadowmoon
922,334.3,308292337,10,Mists of Tirna Scithe,2024-11-20T16:21:47.000Z,1172349,1890999,2,"Xal'atath's Bargain: Ascendant, Tyrannical, Challenger's Peril, Fortified",Sstill,Warrior,Fury,dps,Wrathbringer
922,334.3,308292337,10,Mists of Tirna Scithe,2024-11-20T16:21:47.000Z,1172349,1890999,2,"Xal'atath's Bargain: Ascendant, Tyrannical, Challenger's Peril, Fortified",天神道,Death Knight,Frost,dps,Shadowmoon
922,334.3,308292337,10,Mists of Tirna Scithe,2024-11-20T16:21:47.000Z,1172349,1890999,2,"Xal'atath's Bargain: Ascendant, Tyrannical, Challenger's Peril, Fortified",樂町鴨,Shaman,Enhancement,dps,Whisperwind
923,334.2,303199685,10,Mists of Tirna Scithe,2024-10-27T15:07:22.000Z,1172781,1890999,2,"Xal'atath's Bargain: Ascendant, Fortified, Challenger's Peril, Tyrannical",幾度輪迴,Demon Hunter,Vengeance,tank,Crystalpine Stinger
923,334.2,303199685,10,Mists of Tirna Scithe,2024-10-27T15:07:22.000Z,1172781,1890999,2,"Xal'atath's Bargain: Ascendant, Fortified, Challenger's Peril, Tyrannical",江边鸟,Paladin,Retribution,dps,World Tree
923,334.2,303199685,10,Mists of Tirna Scithe,2024-10-27T15:07:22.000Z,1172781,1890999,2,"Xal'atath's Bargain: Ascendant, Fortified, Challenger's Peril, Tyrannical",櫻桃炸彈,Evoker,Devastation,dps,Arthas
923,334.2,303199685,10,Mists of Tirna Scithe,2024-10-27T15:07:22.000Z,1172781,1890999,2,"Xal'atath's Bargain: Ascendant, Fortified, Challenger's Peril, Tyrannical",Ameth,Priest,Holy,healer,Quel'dorei
923,334.2,303199685,10,Mists of Tirna Scithe,2024-10-27T15:07:22.000Z,1172781,1890999,2,"Xal'atath's Bargain: Ascendant, Fortified, Challenger's Peril, Tyrannical",那個內褲,Shaman,Elemental,dps,Wrathbringer
924,334.2,308308918,10,Mists of Tirna Scithe,2024-11-20T16:39:20.000Z,1174634,1890999,2,"Xal'atath's Bargain: Ascendant, Tyrannical, Challenger's Peril, Fortified",百變小魯,Druid,Balance,dps,Skywall
924,334.2,308308918,10,Mists of Tirna Scithe,2024-11-20T16:39:20.000Z,1174634,1890999,2,"Xal'atath's Bargain: Ascendant, Tyrannical, Challenger's Peril, Fortified",Qbgagatata,Death Knight,Frost,dps,Shadowmoon
924,334.2,308308918,10,Mists of Tirna Scithe,2024-11-20T16:39:20.000Z,1174634,1890999,2,"Xal'atath's Bargain: Ascendant, Tyrannical, Challenger's Peril, Fortified",Bono,Paladin,Protection,tank,Shadowmoon
924,334.2,308308918,10,Mists of Tirna Scithe,2024-11-20T16:39:20.000Z,1174634,1890999,2,"Xal'atath's Bargain: Ascendant, Tyrannical, Challenger's Peril, Fortified",米麗安,Priest,Discipline,healer,Whisperwind
924,334.2,308308918,10,Mists of Tirna Scithe,2024-11-20T16:39:20.000Z,1174634,1890999,2,"Xal'atath's Bargain: Ascendant, Tyrannical, Challenger's Peril, Fortified",Mugenshaman,Shaman,Enhancement,dps,Silverwing Hold
925,334.2,307674281,10,Mists of Tirna Scithe,2024-11-17T07:42:34.000Z,1174981,1890999,2,"Xal'atath's Bargain: Ascendant, Tyrannical, Challenger's Peril, Fortified",Pureladin,Paladin,Retribution,dps,Shadowmoon
925,334.2,307674281,10,Mists of Tirna Scithe,2024-11-17T07:42:34.000Z,1174981,1890999,2,"Xal'atath's Bargain: Ascendant, Tyrannical, Challenger's Peril, Fortified",Rina,Shaman,Elemental,dps,Nightsong
925,334.2,307674281,10,Mists of Tirna Scithe,2024-11-17T07:42:34.000Z,1174981,1890999,2,"Xal'atath's Bargain: Ascendant, Tyrannical, Challenger's Peril, Fortified",偶而,Druid,Guardian,tank,Nightsong
925,334.2,307674281,10,Mists of Tirna Scithe,2024-11-17T07:42:34.000Z,1174981,1890999,2,"Xal'atath's Bargain: Ascendant, Tyrannical, Challenger's Peril, Fortified",Tingpriest,Priest,Discipline,healer,Shadowmoon
925,334.2,307674281,10,Mists of Tirna Scithe,2024-11-17T07:42:34.000Z,1174981,1890999,2,"Xal'atath's Bargain: Ascendant, Tyrannical, Challenger's Peril, Fortified",羅德隆大孝子,Death Knight,Frost,dps,Wrathbringer
926,334.2,308305222,10,Mists of Tirna Scithe,2024-11-20T17:17:35.000Z,1175947,1890999,2,"Xal'atath's Bargain: Ascendant, Tyrannical, Challenger's Peril, Fortified",米粒,Mage,Frost,dps,Arthas
926,334.2,308305222,10,Mists of Tirna Scithe,2024-11-20T17:17:35.000Z,1175947,1890999,2,"Xal'atath's Bargain: Ascendant, Tyrannical, Challenger's Peril, Fortified",尤瑪德法克兒,Druid,Balance,dps,Sundown Marsh
926,334.2,308305222,10,Mists of Tirna Scithe,2024-11-20T17:17:35.000Z,1175947,1890999,2,"Xal'atath's Bargain: Ascendant, Tyrannical, Challenger's Peril, Fortified",Ultra,Paladin,Protection,tank,Arthas
926,334.2,308305222,10,Mists of Tirna Scithe,2024-11-20T17:17:35.000Z,1175947,1890999,2,"Xal'atath's Bargain: Ascendant, Tyrannical, Challenger's Peril, Fortified",Garprave,Warrior,Fury,dps,Spirestone
926,334.2,308305222,10,Mists of Tirna Scithe,2024-11-20T17:17:35.000Z,1175947,1890999,2,"Xal'atath's Bargain: Ascendant, Tyrannical, Challenger's Peril, Fortified",薩娃低咖,Shaman,Restoration,healer,Crystalpine Stinger
927,334.2,307129860,10,Mists of Tirna Scithe,2024-11-14T07:56:37.000Z,1176884,1890999,2,"Xal'atath's Bargain: Ascendant, Tyrannical, Challenger's Peril, Fortified",紅手喬伊,Druid,Balance,dps,Shadowmoon
927,334.2,307129860,10,Mists of Tirna Scithe,2024-11-14T07:56:37.000Z,1176884,1890999,2,"Xal'atath's Bargain: Ascendant, Tyrannical, Challenger's Peril, Fortified",我是你的眼,Demon Hunter,Vengeance,tank,Shadowmoon
927,334.2,307129860,10,Mists of Tirna Scithe,2024-11-14T07:56:37.000Z,1176884,1890999,2,"Xal'atath's Bargain: Ascendant, Tyrannical, Challenger's Peril, Fortified",克勞奇,Druid,Restoration,healer,World Tree
927,334.2,307129860,10,Mists of Tirna Scithe,2024-11-14T07:56:37.000Z,1176884,1890999,2,"Xal'atath's Bargain: Ascendant, Tyrannical, Challenger's Peril, Fortified",Daniel,Hunter,Marksmanship,dps,Spirestone
927,334.2,307129860,10,Mists of Tirna Scithe,2024-11-14T07:56:37.000Z,1176884,1890999,2,"Xal'atath's Bargain: Ascendant, Tyrannical, Challenger's Peril, Fortified",玄冥,Paladin,Retribution,dps,Sundown Marsh
928,334.1,303806301,10,Mists of Tirna Scithe,2024-10-30T07:11:20.000Z,1180692,1890999,2,"Xal'atath's Bargain: Ascendant, Fortified, Challenger's Peril, Tyrannical",三逼八改,Shaman,Elemental,dps,Demon Fall Canyon
928,334.1,303806301,10,Mists of Tirna Scithe,2024-10-30T07:11:20.000Z,1180692,1890999,2,"Xal'atath's Bargain: Ascendant, Fortified, Challenger's Peril, Tyrannical",蓮霧狸薩薩,Shaman,Elemental,dps,Bleeding Hollow
928,334.1,303806301,10,Mists of Tirna Scithe,2024-10-30T07:11:20.000Z,1180692,1890999,2,"Xal'atath's Bargain: Ascendant, Fortified, Challenger's Peril, Tyrannical",已放棄治療,Shaman,Elemental,dps,Crystalpine Stinger
928,334.1,303806301,10,Mists of Tirna Scithe,2024-10-30T07:11:20.000Z,1180692,1890999,2,"Xal'atath's Bargain: Ascendant, Fortified, Challenger's Peril, Tyrannical",伊塔琳娜,Priest,Discipline,healer,Chillwind Point
928,334.1,303806301,10,Mists of Tirna Scithe,2024-10-30T07:11:20.000Z,1180692,1890999,2,"Xal'atath's Bargain: Ascendant, Fortified, Challenger's Peril, Tyrannical",一夜霧雨丶,Demon Hunter,Vengeance,tank,Sundown Marsh
929,334.1,302948281,10,Mists of Tirna Scithe,2024-10-26T15:25:16.000Z,1181241,1890999,2,"Xal'atath's Bargain: Ascendant, Fortified, Challenger's Peril, Tyrannical",Oofasi,Mage,Arcane,dps,Sundown Marsh
929,334.1,302948281,10,Mists of Tirna Scithe,2024-10-26T15:25:16.000Z,1181241,1890999,2,"Xal'atath's Bargain: Ascendant, Fortified, Challenger's Peril, Tyrannical",刮痧小吉牧師,Priest,Discipline,healer,Wrathbringer
929,334.1,302948281,10,Mists of Tirna Scithe,2024-10-26T15:25:16.000Z,1181241,1890999,2,"Xal'atath's Bargain: Ascendant, Fortified, Challenger's Peril, Tyrannical",盧恩午睡圖騰,Shaman,Elemental,dps,Sundown Marsh
929,334.1,302948281,10,Mists of Tirna Scithe,2024-10-26T15:25:16.000Z,1181241,1890999,2,"Xal'atath's Bargain: Ascendant, Fortified, Challenger's Peril, Tyrannical",看來過倒別,Demon Hunter,Vengeance,tank,Wrathbringer
929,334.1,302948281,10,Mists of Tirna Scithe,2024-10-26T15:25:16.000Z,1181241,1890999,2,"Xal'atath's Bargain: Ascendant, Fortified, Challenger's Peril, Tyrannical",Keehongan,Paladin,Retribution,dps,Demon Fall Canyon
930,334,307154539,10,Mists of Tirna Scithe,2024-11-14T13:10:07.000Z,1182652,1890999,2,"Xal'atath's Bargain: Ascendant, Tyrannical, Challenger's Peril, Fortified",霜降冰棒,Shaman,Restoration,healer,Frostmane
930,334,307154539,10,Mists of Tirna Scithe,2024-11-14T13:10:07.000Z,1182652,1890999,2,"Xal'atath's Bargain: Ascendant, Tyrannical, Challenger's Peril, Fortified",希緹,Paladin,Retribution,dps,Bleeding Hollow
930,334,307154539,10,Mists of Tirna Scithe,2024-11-14T13:10:07.000Z,1182652,1890999,2,"Xal'atath's Bargain: Ascendant, Tyrannical, Challenger's Peril, Fortified",科科大師,Monk,Brewmaster,tank,Menethil
930,334,307154539,10,Mists of Tirna Scithe,2024-11-14T13:10:07.000Z,1182652,1890999,2,"Xal'atath's Bargain: Ascendant, Tyrannical, Challenger's Peril, Fortified",Dounikaixin,Rogue,Assassination,dps,Frostmane
930,334,307154539,10,Mists of Tirna Scithe,2024-11-14T13:10:07.000Z,1182652,1890999,2,"Xal'atath's Bargain: Ascendant, Tyrannical, Challenger's Peril, Fortified",混沌妖皇,Mage,Fire,dps,Bleeding Hollow
931,334,307686887,10,Mists of Tirna Scithe,2024-11-17T09:31:16.000Z,1182905,1890999,2,"Xal'atath's Bargain: Ascendant, Tyrannical, Challenger's Peril, Fortified",法爾薩斯,Paladin,Protection,tank,Shadowmoon
931,334,307686887,10,Mists of Tirna Scithe,2024-11-17T09:31:16.000Z,1182905,1890999,2,"Xal'atath's Bargain: Ascendant, Tyrannical, Challenger's Peril, Fortified",Salzman,Hunter,Beast Mastery,dps,Bleeding Hollow
931,334,307686887,10,Mists of Tirna Scithe,2024-11-17T09:31:16.000Z,1182905,1890999,2,"Xal'atath's Bargain: Ascendant, Tyrannical, Challenger's Peril, Fortified",風牙祖拉圖,Druid,Balance,dps,Bleeding Hollow
931,334,307686887,10,Mists of Tirna Scithe,2024-11-17T09:31:16.000Z,1182905,1890999,2,"Xal'atath's Bargain: Ascendant, Tyrannical, Challenger's Peril, Fortified",薩爽登場,Shaman,Enhancement,dps,Arygos
931,334,307686887,10,Mists of Tirna Scithe,2024-11-17T09:31:16.000Z,1182905,1890999,2,"Xal'atath's Bargain: Ascendant, Tyrannical, Challenger's Peril, Fortified",十小魚十,Shaman,Restoration,healer,Shadowmoon
932,333.9,303835753,10,Mists of Tirna Scithe,2024-10-30T11:48:17.000Z,1188984,1890999,2,"Xal'atath's Bargain: Ascendant, Fortified, Challenger's Peril, Tyrannical",歐嗚嗚,Mage,Frost,dps,World Tree
932,333.9,303835753,10,Mists of Tirna Scithe,2024-10-30T11:48:17.000Z,1188984,1890999,2,"Xal'atath's Bargain: Ascendant, Fortified, Challenger's Peril, Tyrannical",Bydmage-199705330,Mage,Frost,dps,Frostmane
932,333.9,303835753,10,Mists of Tirna Scithe,2024-10-30T11:48:17.000Z,1188984,1890999,2,"Xal'atath's Bargain: Ascendant, Fortified, Challenger's Peril, Tyrannical",四萬青銅,Shaman,Restoration,healer,Arygos
932,333.9,303835753,10,Mists of Tirna Scithe,2024-10-30T11:48:17.000Z,1188984,1890999,2,"Xal'atath's Bargain: Ascendant, Fortified, Challenger's Peril, Tyrannical",老玩具,Paladin,Protection,tank,Arygos
932,333.9,303835753,10,Mists of Tirna Scithe,2024-10-30T11:48:17.000Z,1188984,1890999,2,"Xal'atath's Bargain: Ascendant, Fortified, Challenger's Peril, Tyrannical",機八獵,Hunter,Survival,dps,World Tree
933,333.9,308092126,10,Mists of Tirna Scithe,2024-11-19T15:52:48.000Z,1190231,1890999,2,"Xal'atath's Bargain: Ascendant, Tyrannical, Challenger's Peril, Fortified",登能而,Death Knight,Blood,tank,Nightsong
933,333.9,308092126,10,Mists of Tirna Scithe,2024-11-19T15:52:48.000Z,1190231,1890999,2,"Xal'atath's Bargain: Ascendant, Tyrannical, Challenger's Peril, Fortified",天譴四騎士,Demon Hunter,Havoc,dps,Frostmane
933,333.9,308092126,10,Mists of Tirna Scithe,2024-11-19T15:52:48.000Z,1190231,1890999,2,"Xal'atath's Bargain: Ascendant, Tyrannical, Challenger's Peril, Fortified",Diddy,Hunter,Survival,dps,Quel'dorei
933,333.9,308092126,10,Mists of Tirna Scithe,2024-11-19T15:52:48.000Z,1190231,1890999,2,"Xal'atath's Bargain: Ascendant, Tyrannical, Challenger's Peril, Fortified",咪咪牧,Priest,Discipline,healer,Shadowmoon
933,333.9,308092126,10,Mists of Tirna Scithe,2024-11-19T15:52:48.000Z,1190231,1890999,2,"Xal'atath's Bargain: Ascendant, Tyrannical, Challenger's Peril, Fortified",十萬個沒什麼,Shaman,Enhancement,dps,Shadowmoon
934,333.9,303807403,10,Mists of Tirna Scithe,2024-10-30T07:40:00.000Z,1190714,1890999,2,"Xal'atath's Bargain: Ascendant, Fortified, Challenger's Peril, Tyrannical",三逼八改,Shaman,Elemental,dps,Demon Fall Canyon
934,333.9,303807403,10,Mists of Tirna Scithe,2024-10-30T07:40:00.000Z,1190714,1890999,2,"Xal'atath's Bargain: Ascendant, Fortified, Challenger's Peril, Tyrannical",咱們乃貓是也,Druid,Guardian,tank,Crystalpine Stinger
934,333.9,303807403,10,Mists of Tirna Scithe,2024-10-30T07:40:00.000Z,1190714,1890999,2,"Xal'atath's Bargain: Ascendant, Fortified, Challenger's Peril, Tyrannical",伊塔琳娜,Priest,Discipline,healer,Chillwind Point
934,333.9,303807403,10,Mists of Tirna Scithe,2024-10-30T07:40:00.000Z,1190714,1890999,2,"Xal'atath's Bargain: Ascendant, Fortified, Challenger's Peril, Tyrannical",醋酸环丙孕酮,Evoker,Augmentation,dps,Krol Blade
934,333.9,303807403,10,Mists of Tirna Scithe,2024-10-30T07:40:00.000Z,1190714,1890999,2,"Xal'atath's Bargain: Ascendant, Fortified, Challenger's Peril, Tyrannical",玄米焙茶,Shaman,Enhancement,dps,Sundown Marsh
935,333.9,307160923,10,Mists of Tirna Scithe,2024-11-14T14:13:27.000Z,1190849,1890999,2,"Xal'atath's Bargain: Ascendant, Tyrannical, Challenger's Peril, Fortified",劫孕澀老頭,Death Knight,Blood,tank,Frostmane
935,333.9,307160923,10,Mists of Tirna Scithe,2024-11-14T14:13:27.000Z,1190849,1890999,2,"Xal'atath's Bargain: Ascendant, Tyrannical, Challenger's Peril, Fortified",霜降冰棒,Shaman,Restoration,healer,Frostmane
935,333.9,307160923,10,Mists of Tirna Scithe,2024-11-14T14:13:27.000Z,1190849,1890999,2,"Xal'atath's Bargain: Ascendant, Tyrannical, Challenger's Peril, Fortified",希緹,Paladin,Retribution,dps,Bleeding Hollow
935,333.9,307160923,10,Mists of Tirna Scithe,2024-11-14T14:13:27.000Z,1190849,1890999,2,"Xal'atath's Bargain: Ascendant, Tyrannical, Challenger's Peril, Fortified",Lunatea,Paladin,Retribution,dps,Bleeding Hollow
935,333.9,307160923,10,Mists of Tirna Scithe,2024-11-14T14:13:27.000Z,1190849,1890999,2,"Xal'atath's Bargain: Ascendant, Tyrannical, Challenger's Peril, Fortified",謝謝你,Priest,Shadow,dps,Menethil
936,333.9,303587835,10,Mists of Tirna Scithe,2024-10-29T06:32:06.000Z,1191488,1890999,2,"Xal'atath's Bargain: Ascendant, Fortified, Challenger's Peril, Tyrannical",澤秋,Druid,Guardian,tank,Whisperwind
936,333.9,303587835,10,Mists of Tirna Scithe,2024-10-29T06:32:06.000Z,1191488,1890999,2,"Xal'atath's Bargain: Ascendant, Fortified, Challenger's Peril, Tyrannical",天澄,Shaman,Elemental,dps,Hellscream
936,333.9,303587835,10,Mists of Tirna Scithe,2024-10-29T06:32:06.000Z,1191488,1890999,2,"Xal'atath's Bargain: Ascendant, Fortified, Challenger's Peril, Tyrannical",刮痧圖騰,Shaman,Enhancement,dps,Shadowmoon
936,333.9,303587835,10,Mists of Tirna Scithe,2024-10-29T06:32:06.000Z,1191488,1890999,2,"Xal'atath's Bargain: Ascendant, Fortified, Challenger's Peril, Tyrannical",詭鬼,Rogue,Assassination,dps,Sundown Marsh
936,333.9,303587835,10,Mists of Tirna Scithe,2024-10-29T06:32:06.000Z,1191488,1890999,2,"Xal'atath's Bargain: Ascendant, Fortified, Challenger's Peril, Tyrannical",回魂木木,Priest,Discipline,healer,Sundown Marsh
937,333.8,307891766,10,Mists of Tirna Scithe,2024-11-18T10:40:23.000Z,1195004,1890999,2,"Xal'atath's Bargain: Ascendant, Tyrannical, Challenger's Peril, Fortified",天生,Paladin,Protection,tank,Demon Fall Canyon
937,333.8,307891766,10,Mists of Tirna Scithe,2024-11-18T10:40:23.000Z,1195004,1890999,2,"Xal'atath's Bargain: Ascendant, Tyrannical, Challenger's Peril, Fortified",松花煎茶,Priest,Holy,healer,Crystalpine Stinger
937,333.8,307891766,10,Mists of Tirna Scithe,2024-11-18T10:40:23.000Z,1195004,1890999,2,"Xal'atath's Bargain: Ascendant, Tyrannical, Challenger's Peril, Fortified",Nkob,Mage,Fire,dps,Sundown Marsh
937,333.8,307891766,10,Mists of Tirna Scithe,2024-11-18T10:40:23.000Z,1195004,1890999,2,"Xal'atath's Bargain: Ascendant, Tyrannical, Challenger's Peril, Fortified",紅蓮楓月,Warlock,Destruction,dps,Crystalpine Stinger
937,333.8,307891766,10,Mists of Tirna Scithe,2024-11-18T10:40:23.000Z,1195004,1890999,2,"Xal'atath's Bargain: Ascendant, Tyrannical, Challenger's Peril, Fortified",Pureedward,Hunter,Survival,dps,Nightsong
938,333.8,307739133,10,Mists of Tirna Scithe,2024-11-17T15:18:36.000Z,1195505,1890999,2,"Xal'atath's Bargain: Ascendant, Tyrannical, Challenger's Peril, Fortified",海倫凱勒,Evoker,Augmentation,dps,Spirestone
938,333.8,307739133,10,Mists of Tirna Scithe,2024-11-17T15:18:36.000Z,1195505,1890999,2,"Xal'atath's Bargain: Ascendant, Tyrannical, Challenger's Peril, Fortified",星月風光,Priest,Discipline,healer,Chillwind Point
938,333.8,307739133,10,Mists of Tirna Scithe,2024-11-17T15:18:36.000Z,1195505,1890999,2,"Xal'atath's Bargain: Ascendant, Tyrannical, Challenger's Peril, Fortified",琉光沓,Druid,Balance,dps,Spirestone
938,333.8,307739133,10,Mists of Tirna Scithe,2024-11-17T15:18:36.000Z,1195505,1890999,2,"Xal'atath's Bargain: Ascendant, Tyrannical, Challenger's Peril, Fortified",看來過倒別,Demon Hunter,Vengeance,tank,Wrathbringer
938,333.8,307739133,10,Mists of Tirna Scithe,2024-11-17T15:18:36.000Z,1195505,1890999,2,"Xal'atath's Bargain: Ascendant, Tyrannical, Challenger's Peril, Fortified",妙麗格蘭杰哥,Mage,Frost,dps,Spirestone
939,333.8,303429692,10,Mists of Tirna Scithe,2024-10-28T15:34:46.000Z,1195665,1890999,2,"Xal'atath's Bargain: Ascendant, Fortified, Challenger's Peril, Tyrannical",霜降冰棒,Shaman,Restoration,healer,Frostmane
939,333.8,303429692,10,Mists of Tirna Scithe,2024-10-28T15:34:46.000Z,1195665,1890999,2,"Xal'atath's Bargain: Ascendant, Fortified, Challenger's Peril, Tyrannical",科科大師,Monk,Brewmaster,tank,Menethil
939,333.8,303429692,10,Mists of Tirna Scithe,2024-10-28T15:34:46.000Z,1195665,1890999,2,"Xal'atath's Bargain: Ascendant, Fortified, Challenger's Peril, Tyrannical",魔夕,Shaman,Enhancement,dps,Frostmane
939,333.8,303429692,10,Mists of Tirna Scithe,2024-10-28T15:34:46.000Z,1195665,1890999,2,"Xal'atath's Bargain: Ascendant, Fortified, Challenger's Peril, Tyrannical",靜靜,Hunter,Beast Mastery,dps,Menethil
939,333.8,303429692,10,Mists of Tirna Scithe,2024-10-28T15:34:46.000Z,1195665,1890999,2,"Xal'atath's Bargain: Ascendant, Fortified, Challenger's Peril, Tyrannical",囧囧瞎,Demon Hunter,Havoc,dps,Frostmane
940,333.7,302487951,10,Mists of Tirna Scithe,2024-10-24T14:39:05.000Z,1200918,1890999,2,"Xal'atath's Bargain: Ascendant, Fortified, Challenger's Peril, Tyrannical",表戈,Death Knight,Unholy,dps,Crystalpine Stinger
940,333.7,302487951,10,Mists of Tirna Scithe,2024-10-24T14:39:05.000Z,1200918,1890999,2,"Xal'atath's Bargain: Ascendant, Fortified, Challenger's Peril, Tyrannical",安水晶,Priest,Holy,healer,Whisperwind
940,333.7,302487951,10,Mists of Tirna Scithe,2024-10-24T14:39:05.000Z,1200918,1890999,2,"Xal'atath's Bargain: Ascendant, Fortified, Challenger's Peril, Tyrannical",肥波薩,Shaman,Elemental,dps,Sundown Marsh
940,333.7,302487951,10,Mists of Tirna Scithe,2024-10-24T14:39:05.000Z,1200918,1890999,2,"Xal'atath's Bargain: Ascendant, Fortified, Challenger's Peril, Tyrannical",勝天半子-228406881,Mage,Frost,dps,Sundown Marsh
940,333.7,302487951,10,Mists of Tirna Scithe,2024-10-24T14:39:05.000Z,1200918,1890999,2,"Xal'atath's Bargain: Ascendant, Fortified, Challenger's Peril, Tyrannical",艾小熊-228567861,Druid,Guardian,tank,Sundown Marsh
941,333.7,303896035,10,Mists of Tirna Scithe,2024-10-30T17:12:47.000Z,1201098,1890999,2,"Xal'atath's Bargain: Ascendant, Fortified, Challenger's Peril, Tyrannical",嘎嘎,Demon Hunter,Havoc,dps,Light's Hope
941,333.7,303896035,10,Mists of Tirna Scithe,2024-10-30T17:12:47.000Z,1201098,1890999,2,"Xal'atath's Bargain: Ascendant, Fortified, Challenger's Peril, Tyrannical",霧怨,Rogue,Outlaw,dps,Skywall
941,333.7,303896035,10,Mists of Tirna Scithe,2024-10-30T17:12:47.000Z,1201098,1890999,2,"Xal'atath's Bargain: Ascendant, Fortified, Challenger's Peril, Tyrannical",Bono,Paladin,Protection,tank,Shadowmoon
941,333.7,303896035,10,Mists of Tirna Scithe,2024-10-30T17:12:47.000Z,1201098,1890999,2,"Xal'atath's Bargain: Ascendant, Fortified, Challenger's Peril, Tyrannical",米麗安,Priest,Discipline,healer,Whisperwind
941,333.7,303896035,10,Mists of Tirna Scithe,2024-10-30T17:12:47.000Z,1201098,1890999,2,"Xal'atath's Bargain: Ascendant, Fortified, Challenger's Peril, Tyrannical",AnonDB13990,Shaman,Enhancement,dps,Anonymous
942,333.6,302715917,10,Mists of Tirna Scithe,2024-10-25T17:42:12.000Z,1203730,1890999,2,"Xal'atath's Bargain: Ascendant, Fortified, Challenger's Peril, Tyrannical",朝陽哥,Priest,Shadow,dps,World Tree
942,333.6,302715917,10,Mists of Tirna Scithe,2024-10-25T17:42:12.000Z,1203730,1890999,2,"Xal'atath's Bargain: Ascendant, Fortified, Challenger's Peril, Tyrannical",紫靈玥,Demon Hunter,Havoc,dps,Arygos
942,333.6,302715917,10,Mists of Tirna Scithe,2024-10-25T17:42:12.000Z,1203730,1890999,2,"Xal'atath's Bargain: Ascendant, Fortified, Challenger's Peril, Tyrannical",Dgstepbro,Paladin,Protection,tank,Nightsong
942,333.6,302715917,10,Mists of Tirna Scithe,2024-10-25T17:42:12.000Z,1203730,1890999,2,"Xal'atath's Bargain: Ascendant, Fortified, Challenger's Peril, Tyrannical",霄雲出帷,Paladin,Holy,healer,World Tree
942,333.6,302715917,10,Mists of Tirna Scithe,2024-10-25T17:42:12.000Z,1203730,1890999,2,"Xal'atath's Bargain: Ascendant, Fortified, Challenger's Peril, Tyrannical",Daveshaman,Shaman,Enhancement,dps,Nightsong
943,333.6,307991940,10,Mists of Tirna Scithe,2024-11-18T16:40:41.000Z,1205083,1890999,2,"Xal'atath's Bargain: Ascendant, Tyrannical, Challenger's Peril, Fortified",Acq,Paladin,Retribution,dps,Nightsong
943,333.6,307991940,10,Mists of Tirna Scithe,2024-11-18T16:40:41.000Z,1205083,1890999,2,"Xal'atath's Bargain: Ascendant, Tyrannical, Challenger's Peril, Fortified",淋漓盡致,Priest,Shadow,dps,Nightsong
943,333.6,307991940,10,Mists of Tirna Scithe,2024-11-18T16:40:41.000Z,1205083,1890999,2,"Xal'atath's Bargain: Ascendant, Tyrannical, Challenger's Peril, Fortified",Hehecattle,Paladin,Protection,tank,Nightsong
943,333.6,307991940,10,Mists of Tirna Scithe,2024-11-18T16:40:41.000Z,1205083,1890999,2,"Xal'atath's Bargain: Ascendant, Tyrannical, Challenger's Peril, Fortified",橘橙曦,Druid,Restoration,healer,Nightsong
943,333.6,307991940,10,Mists of Tirna Scithe,2024-11-18T16:40:41.000Z,1205083,1890999,2,"Xal'atath's Bargain: Ascendant, Tyrannical, Challenger's Peril, Fortified",Kuromii,Paladin,Retribution,dps,Nightsong
944,333.6,303642398,10,Mists of Tirna Scithe,2024-10-29T13:31:12.000Z,1205796,1890999,2,"Xal'atath's Bargain: Ascendant, Fortified, Challenger's Peril, Tyrannical",Giogio,Monk,Windwalker,dps,Dragonmaw
944,333.6,303642398,10,Mists of Tirna Scithe,2024-10-29T13:31:12.000Z,1205796,1890999,2,"Xal'atath's Bargain: Ascendant, Fortified, Challenger's Peril, Tyrannical",不要吃我,Shaman,Restoration,healer,Nightsong
944,333.6,303642398,10,Mists of Tirna Scithe,2024-10-29T13:31:12.000Z,1205796,1890999,2,"Xal'atath's Bargain: Ascendant, Fortified, Challenger's Peril, Tyrannical",廟爺,Warrior,Fury,dps,Dragonmaw
944,333.6,303642398,10,Mists of Tirna Scithe,2024-10-29T13:31:12.000Z,1205796,1890999,2,"Xal'atath's Bargain: Ascendant, Fortified, Challenger's Peril, Tyrannical",波霸鮮奶奶,Warlock,Destruction,dps,Dragonmaw
944,333.6,303642398,10,Mists of Tirna Scithe,2024-10-29T13:31:12.000Z,1205796,1890999,2,"Xal'atath's Bargain: Ascendant, Fortified, Challenger's Peril, Tyrannical",Sunjuicee,Warrior,Protection,tank,Nightsong
945,333.6,308081519,10,Mists of Tirna Scithe,2024-11-19T12:33:41.000Z,1207632,1890999,2,"Xal'atath's Bargain: Ascendant, Tyrannical, Challenger's Peril, Fortified",於戲,Shaman,Enhancement,dps,Shadowmoon
945,333.6,308081519,10,Mists of Tirna Scithe,2024-11-19T12:33:41.000Z,1207632,1890999,2,"Xal'atath's Bargain: Ascendant, Tyrannical, Challenger's Peril, Fortified",再苟一回合,Warrior,Protection,tank,Shadowmoon
945,333.6,308081519,10,Mists of Tirna Scithe,2024-11-19T12:33:41.000Z,1207632,1890999,2,"Xal'atath's Bargain: Ascendant, Tyrannical, Challenger's Peril, Fortified",國際懶惰日,Shaman,Restoration,healer,Shadowmoon
945,333.6,308081519,10,Mists of Tirna Scithe,2024-11-19T12:33:41.000Z,1207632,1890999,2,"Xal'atath's Bargain: Ascendant, Tyrannical, Challenger's Peril, Fortified",小子緯,Paladin,Retribution,dps,Sundown Marsh
945,333.6,308081519,10,Mists of Tirna Scithe,2024-11-19T12:33:41.000Z,1207632,1890999,2,"Xal'atath's Bargain: Ascendant, Tyrannical, Challenger's Peril, Fortified",滿足,Rogue,Assassination,dps,Silverwing Hold
946,333.5,307894887,10,Mists of Tirna Scithe,2024-11-18T06:20:12.000Z,1208448,1890999,2,"Xal'atath's Bargain: Ascendant, Tyrannical, Challenger's Peril, Fortified",貓咪的肉墊-22000006,Paladin,Protection,tank,Shadowmoon
946,333.5,307894887,10,Mists of Tirna Scithe,2024-11-18T06:20:12.000Z,1208448,1890999,2,"Xal'atath's Bargain: Ascendant, Tyrannical, Challenger's Peril, Fortified",曉秋,Hunter,Survival,dps,Frostmane
946,333.5,307894887,10,Mists of Tirna Scithe,2024-11-18T06:20:12.000Z,1208448,1890999,2,"Xal'atath's Bargain: Ascendant, Tyrannical, Challenger's Peril, Fortified",可波,Druid,Balance,dps,Frostmane
946,333.5,307894887,10,Mists of Tirna Scithe,2024-11-18T06:20:12.000Z,1208448,1890999,2,"Xal'atath's Bargain: Ascendant, Tyrannical, Challenger's Peril, Fortified",阿達,Rogue,Assassination,dps,Menethil
946,333.5,307894887,10,Mists of Tirna Scithe,2024-11-18T06:20:12.000Z,1208448,1890999,2,"Xal'atath's Bargain: Ascendant, Tyrannical, Challenger's Peril, Fortified",泠瞳,Evoker,Preservation,healer,Chillwind Point
947,333.5,308277069,10,Mists of Tirna Scithe,2024-11-20T13:34:09.000Z,1208956,1890999,2,"Xal'atath's Bargain: Ascendant, Tyrannical, Challenger's Peril, Fortified",樂町鶴,Shaman,Restoration,healer,Shadowmoon
947,333.5,308277069,10,Mists of Tirna Scithe,2024-11-20T13:34:09.000Z,1208956,1890999,2,"Xal'atath's Bargain: Ascendant, Tyrannical, Challenger's Peril, Fortified",殘風夜雪,Demon Hunter,Havoc,dps,Quel'dorei
947,333.5,308277069,10,Mists of Tirna Scithe,2024-11-20T13:34:09.000Z,1208956,1890999,2,"Xal'atath's Bargain: Ascendant, Tyrannical, Challenger's Peril, Fortified",鬼扯的聖騎,Paladin,Protection,tank,Shadowmoon
947,333.5,308277069,10,Mists of Tirna Scithe,2024-11-20T13:34:09.000Z,1208956,1890999,2,"Xal'atath's Bargain: Ascendant, Tyrannical, Challenger's Peril, Fortified",Baiimer,Death Knight,Frost,dps,Silverwing Hold
947,333.5,308277069,10,Mists of Tirna Scithe,2024-11-20T13:34:09.000Z,1208956,1890999,2,"Xal'atath's Bargain: Ascendant, Tyrannical, Challenger's Peril, Fortified",Pyrrhaa,Paladin,Retribution,dps,Arygos
948,333.5,302461827,10,Mists of Tirna Scithe,2024-10-24T11:06:46.000Z,1209505,1890999,2,"Xal'atath's Bargain: Ascendant, Fortified, Challenger's Peril, Tyrannical",Tweedy,Warrior,Protection,tank,Spirestone
948,333.5,302461827,10,Mists of Tirna Scithe,2024-10-24T11:06:46.000Z,1209505,1890999,2,"Xal'atath's Bargain: Ascendant, Fortified, Challenger's Peril, Tyrannical",Kathyrose,Rogue,Assassination,dps,Shadowmoon
948,333.5,302461827,10,Mists of Tirna Scithe,2024-10-24T11:06:46.000Z,1209505,1890999,2,"Xal'atath's Bargain: Ascendant, Fortified, Challenger's Peril, Tyrannical",蕊妮蜜絲,Evoker,Augmentation,dps,Quel'dorei
948,333.5,302461827,10,Mists of Tirna Scithe,2024-10-24T11:06:46.000Z,1209505,1890999,2,"Xal'atath's Bargain: Ascendant, Fortified, Challenger's Peril, Tyrannical",月遙遙,Shaman,Restoration,healer,Sundown Marsh
948,333.5,302461827,10,Mists of Tirna Scithe,2024-10-24T11:06:46.000Z,1209505,1890999,2,"Xal'atath's Bargain: Ascendant, Fortified, Challenger's Peril, Tyrannical",踢宮北武波比,Death Knight,Frost,dps,Chillwind Point
949,333.5,308082841,10,Mists of Tirna Scithe,2024-11-19T15:19:46.000Z,1212378,1890999,2,"Xal'atath's Bargain: Ascendant, Tyrannical, Challenger's Peril, Fortified",什而,Monk,Brewmaster,tank,Nightsong
949,333.5,308082841,10,Mists of Tirna Scithe,2024-11-19T15:19:46.000Z,1212378,1890999,2,"Xal'atath's Bargain: Ascendant, Tyrannical, Challenger's Peril, Fortified",天譴四騎士,Demon Hunter,Havoc,dps,Frostmane
949,333.5,308082841,10,Mists of Tirna Scithe,2024-11-19T15:19:46.000Z,1212378,1890999,2,"Xal'atath's Bargain: Ascendant, Tyrannical, Challenger's Peril, Fortified",天譴四騎土,Demon Hunter,Havoc,dps,Nightsong
949,333.5,308082841,10,Mists of Tirna Scithe,2024-11-19T15:19:46.000Z,1212378,1890999,2,"Xal'atath's Bargain: Ascendant, Tyrannical, Challenger's Peril, Fortified",Alupriest,Priest,Discipline,healer,Nightsong
949,333.5,308082841,10,Mists of Tirna Scithe,2024-11-19T15:19:46.000Z,1212378,1890999,2,"Xal'atath's Bargain: Ascendant, Tyrannical, Challenger's Peril, Fortified",Didi,Warrior,Arms,dps,Quel'dorei
950,333.5,307361218,10,Mists of Tirna Scithe,2024-11-15T19:47:19.000Z,1212394,1890999,2,"Xal'atath's Bargain: Ascendant, Tyrannical, Challenger's Peril, Fortified",啊屋,Rogue,Assassination,dps,Shadowmoon
950,333.5,307361218,10,Mists of Tirna Scithe,2024-11-15T19:47:19.000Z,1212394,1890999,2,"Xal'atath's Bargain: Ascendant, Tyrannical, Challenger's Peril, Fortified",Hanziao,Evoker,Augmentation,dps,Spirestone
950,333.5,307361218,10,Mists of Tirna Scithe,2024-11-15T19:47:19.000Z,1212394,1890999,2,"Xal'atath's Bargain: Ascendant, Tyrannical, Challenger's Peril, Fortified",熾月,Druid,Guardian,tank,Quel'dorei
950,333.5,307361218,10,Mists of Tirna Scithe,2024-11-15T19:47:19.000Z,1212394,1890999,2,"Xal'atath's Bargain: Ascendant, Tyrannical, Challenger's Peril, Fortified",鑰匙翹翹了,Shaman,Restoration,healer,Shadowmoon
950,333.5,307361218,10,Mists of Tirna Scithe,2024-11-15T19:47:19.000Z,1212394,1890999,2,"Xal'atath's Bargain: Ascendant, Tyrannical, Challenger's Peril, Fortified",唉唷,Warrior,Fury,dps,Crystalpine Stinger
951,333.4,307170982,10,Mists of Tirna Scithe,2024-11-14T16:02:50.000Z,1213686,1890999,2,"Xal'atath's Bargain: Ascendant, Tyrannical, Challenger's Peril, Fortified",肥鬼,Druid,Balance,dps,Sundown Marsh
951,333.4,307170982,10,Mists of Tirna Scithe,2024-11-14T16:02:50.000Z,1213686,1890999,2,"Xal'atath's Bargain: Ascendant, Tyrannical, Challenger's Peril, Fortified",風怒澎湃,Shaman,Restoration,healer,Silverwing Hold
951,333.4,307170982,10,Mists of Tirna Scithe,2024-11-14T16:02:50.000Z,1213686,1890999,2,"Xal'atath's Bargain: Ascendant, Tyrannical, Challenger's Peril, Fortified",煉奶,Paladin,Protection,tank,Sundown Marsh
951,333.4,307170982,10,Mists of Tirna Scithe,2024-11-14T16:02:50.000Z,1213686,1890999,2,"Xal'atath's Bargain: Ascendant, Tyrannical, Challenger's Peril, Fortified",性母馬脷,Priest,Shadow,dps,Wrathbringer
951,333.4,307170982,10,Mists of Tirna Scithe,2024-11-14T16:02:50.000Z,1213686,1890999,2,"Xal'atath's Bargain: Ascendant, Tyrannical, Challenger's Peril, Fortified",思嬌大巫醫,Shaman,Enhancement,dps,Sundown Marsh
952,333.4,307164463,10,Mists of Tirna Scithe,2024-11-14T15:01:41.000Z,1215458,1890999,2,"Xal'atath's Bargain: Ascendant, Tyrannical, Challenger's Peril, Fortified",平淡舜,Druid,Restoration,healer,Nightsong
952,333.4,307164463,10,Mists of Tirna Scithe,2024-11-14T15:01:41.000Z,1215458,1890999,2,"Xal'atath's Bargain: Ascendant, Tyrannical, Challenger's Peril, Fortified",貓廚,Shaman,Elemental,dps,Whisperwind
952,333.4,307164463,10,Mists of Tirna Scithe,2024-11-14T15:01:41.000Z,1215458,1890999,2,"Xal'atath's Bargain: Ascendant, Tyrannical, Challenger's Peril, Fortified",噬星,Demon Hunter,Vengeance,tank,Nightsong
952,333.4,307164463,10,Mists of Tirna Scithe,2024-11-14T15:01:41.000Z,1215458,1890999,2,"Xal'atath's Bargain: Ascendant, Tyrannical, Challenger's Peril, Fortified",落日魂,Mage,Frost,dps,Nightsong
952,333.4,307164463,10,Mists of Tirna Scithe,2024-11-14T15:01:41.000Z,1215458,1890999,2,"Xal'atath's Bargain: Ascendant, Tyrannical, Challenger's Peril, Fortified",Gachikun,Paladin,Retribution,dps,Shadowmoon
953,333.4,307585004,10,Mists of Tirna Scithe,2024-11-16T21:56:11.000Z,1217447,1890999,2,"Xal'atath's Bargain: Ascendant, Tyrannical, Challenger's Peril, Fortified",牛奶大乳腺,Druid,Restoration,healer,Nightsong
953,333.4,307585004,10,Mists of Tirna Scithe,2024-11-16T21:56:11.000Z,1217447,1890999,2,"Xal'atath's Bargain: Ascendant, Tyrannical, Challenger's Peril, Fortified",麻辣隔壁的射,Hunter,Survival,dps,Silverwing Hold
953,333.4,307585004,10,Mists of Tirna Scithe,2024-11-16T21:56:11.000Z,1217447,1890999,2,"Xal'atath's Bargain: Ascendant, Tyrannical, Challenger's Peril, Fortified",雷蒙戈爾特,Paladin,Protection,tank,Zealot Blade
953,333.4,307585004,10,Mists of Tirna Scithe,2024-11-16T21:56:11.000Z,1217447,1890999,2,"Xal'atath's Bargain: Ascendant, Tyrannical, Challenger's Peril, Fortified",無敵是最寂寞,Paladin,Retribution,dps,Zealot Blade
953,333.4,307585004,10,Mists of Tirna Scithe,2024-11-16T21:56:11.000Z,1217447,1890999,2,"Xal'atath's Bargain: Ascendant, Tyrannical, Challenger's Peril, Fortified",Ayoh,Shaman,Enhancement,dps,Zealot Blade
954,333.4,307585004,10,Mists of Tirna Scithe,2024-11-16T21:22:33.000Z,1217668,1890999,2,"Xal'atath's Bargain: Ascendant, Tyrannical, Challenger's Peril, Fortified",牛奶大乳腺,Druid,Restoration,healer,Nightsong
954,333.4,307585004,10,Mists of Tirna Scithe,2024-11-16T21:22:33.000Z,1217668,1890999,2,"Xal'atath's Bargain: Ascendant, Tyrannical, Challenger's Peril, Fortified",麻辣隔壁的射,Hunter,Survival,dps,Silverwing Hold
954,333.4,307585004,10,Mists of Tirna Scithe,2024-11-16T21:22:33.000Z,1217668,1890999,2,"Xal'atath's Bargain: Ascendant, Tyrannical, Challenger's Peril, Fortified",雷蒙戈爾特,Paladin,Protection,tank,Zealot Blade
954,333.4,307585004,10,Mists of Tirna Scithe,2024-11-16T21:22:33.000Z,1217668,1890999,2,"Xal'atath's Bargain: Ascendant, Tyrannical, Challenger's Peril, Fortified",無敵是最寂寞,Paladin,Retribution,dps,Zealot Blade
954,333.4,307585004,10,Mists of Tirna Scithe,2024-11-16T21:22:33.000Z,1217668,1890999,2,"Xal'atath's Bargain: Ascendant, Tyrannical, Challenger's Peril, Fortified",Ayoh,Shaman,Enhancement,dps,Zealot Blade
955,333.3,301705221,10,Mists of Tirna Scithe,2024-10-24T17:27:17.000Z,1218335,1890999,2,"Xal'atath's Bargain: Ascendant, Fortified, Challenger's Peril, Tyrannical",天譴四騎士,Demon Hunter,Havoc,dps,Bleeding Hollow
955,333.3,301705221,10,Mists of Tirna Scithe,2024-10-24T17:27:17.000Z,1218335,1890999,2,"Xal'atath's Bargain: Ascendant, Fortified, Challenger's Peril, Tyrannical",Aurelionsol,Evoker,Preservation,healer,Whisperwind
955,333.3,301705221,10,Mists of Tirna Scithe,2024-10-24T17:27:17.000Z,1218335,1890999,2,"Xal'atath's Bargain: Ascendant, Fortified, Challenger's Peril, Tyrannical",Diddy,Hunter,Beast Mastery,dps,Quel'dorei
955,333.3,301705221,10,Mists of Tirna Scithe,2024-10-24T17:27:17.000Z,1218335,1890999,2,"Xal'atath's Bargain: Ascendant, Fortified, Challenger's Peril, Tyrannical",烤土司,Warrior,Protection,tank,Nightsong
955,333.3,301705221,10,Mists of Tirna Scithe,2024-10-24T17:27:17.000Z,1218335,1890999,2,"Xal'atath's Bargain: Ascendant, Fortified, Challenger's Peril, Tyrannical",肉堆,Druid,Balance,dps,Shadowmoon
956,333.3,303344834,10,Mists of Tirna Scithe,2024-10-27T18:35:52.000Z,1220571,1890999,2,"Xal'atath's Bargain: Ascendant, Fortified, Challenger's Peril, Tyrannical",Bridetiffany,Paladin,Retribution,dps,Silverwing Hold
956,333.3,303344834,10,Mists of Tirna Scithe,2024-10-27T18:35:52.000Z,1220571,1890999,2,"Xal'atath's Bargain: Ascendant, Fortified, Challenger's Peril, Tyrannical",咕咕薯片,Hunter,Survival,dps,Frostmane
956,333.3,303344834,10,Mists of Tirna Scithe,2024-10-27T18:35:52.000Z,1220571,1890999,2,"Xal'atath's Bargain: Ascendant, Fortified, Challenger's Peril, Tyrannical",Auntie,Paladin,Protection,tank,Spirestone
956,333.3,303344834,10,Mists of Tirna Scithe,2024-10-27T18:35:52.000Z,1220571,1890999,2,"Xal'atath's Bargain: Ascendant, Fortified, Challenger's Peril, Tyrannical",永懲,Evoker,Augmentation,dps,Spirestone
956,333.3,303344834,10,Mists of Tirna Scithe,2024-10-27T18:35:52.000Z,1220571,1890999,2,"Xal'atath's Bargain: Ascendant, Fortified, Challenger's Peril, Tyrannical",綾野夏樹,Priest,Discipline,healer,Nightsong
957,333.3,303841299,10,Mists of Tirna Scithe,2024-10-30T13:59:40.000Z,1222286,1890999,2,"Xal'atath's Bargain: Ascendant, Fortified, Challenger's Peril, Tyrannical",魂忉,Demon Hunter,Havoc,dps,Demon Fall Canyon
957,333.3,303841299,10,Mists of Tirna Scithe,2024-10-30T13:59:40.000Z,1222286,1890999,2,"Xal'atath's Bargain: Ascendant, Fortified, Challenger's Peril, Tyrannical",Higgs,Shaman,Enhancement,dps,Frostmane
957,333.3,303841299,10,Mists of Tirna Scithe,2024-10-30T13:59:40.000Z,1222286,1890999,2,"Xal'atath's Bargain: Ascendant, Fortified, Challenger's Peril, Tyrannical",Prinsloo,Druid,Restoration,healer,Demon Fall Canyon
957,333.3,303841299,10,Mists of Tirna Scithe,2024-10-30T13:59:40.000Z,1222286,1890999,2,"Xal'atath's Bargain: Ascendant, Fortified, Challenger's Peril, Tyrannical",Vellfire,Warrior,Protection,tank,Quel'dorei
957,333.3,303841299,10,Mists of Tirna Scithe,2024-10-30T13:59:40.000Z,1222286,1890999,2,"Xal'atath's Bargain: Ascendant, Fortified, Challenger's Peril, Tyrannical",熊邦,Evoker,Augmentation,dps,Shadowmoon
958,333.3,302910448,10,Mists of Tirna Scithe,2024-10-26T11:58:10.000Z,1222703,1890999,2,"Xal'atath's Bargain: Ascendant, Fortified, Challenger's Peril, Tyrannical",胸小别说话,Paladin,Retribution,dps,Arygos
958,333.3,302910448,10,Mists of Tirna Scithe,2024-10-26T11:58:10.000Z,1222703,1890999,2,"Xal'atath's Bargain: Ascendant, Fortified, Challenger's Peril, Tyrannical",Corrosion,Mage,Frost,dps,Sundown Marsh
958,333.3,302910448,10,Mists of Tirna Scithe,2024-10-26T11:58:10.000Z,1222703,1890999,2,"Xal'atath's Bargain: Ascendant, Fortified, Challenger's Peril, Tyrannical",Yamaybmy,Demon Hunter,Vengeance,tank,Menethil
958,333.3,302910448,10,Mists of Tirna Scithe,2024-10-26T11:58:10.000Z,1222703,1890999,2,"Xal'atath's Bargain: Ascendant, Fortified, Challenger's Peril, Tyrannical",Morphy,Priest,Discipline,healer,Frostmane
958,333.3,302910448,10,Mists of Tirna Scithe,2024-10-26T11:58:10.000Z,1222703,1890999,2,"Xal'atath's Bargain: Ascendant, Fortified, Challenger's Peril, Tyrannical",左奶上的吻痕,Warrior,Fury,dps,Bleeding Hollow
959,333.3,308283102,10,Mists of Tirna Scithe,2024-11-20T14:35:49.000Z,1222802,1890999,2,"Xal'atath's Bargain: Ascendant, Tyrannical, Challenger's Peril, Fortified",伊波拉病毒,Warrior,Protection,tank,Shadowmoon
959,333.3,308283102,10,Mists of Tirna Scithe,2024-11-20T14:35:49.000Z,1222802,1890999,2,"Xal'atath's Bargain: Ascendant, Tyrannical, Challenger's Peril, Fortified",俺來耕田低,Hunter,Marksmanship,dps,Chillwind Point
959,333.3,308283102,10,Mists of Tirna Scithe,2024-11-20T14:35:49.000Z,1222802,1890999,2,"Xal'atath's Bargain: Ascendant, Tyrannical, Challenger's Peril, Fortified",咕姑固,Druid,Balance,dps,Shadowmoon
959,333.3,308283102,10,Mists of Tirna Scithe,2024-11-20T14:35:49.000Z,1222802,1890999,2,"Xal'atath's Bargain: Ascendant, Tyrannical, Challenger's Peril, Fortified",Remdk,Death Knight,Unholy,dps,Sundown Marsh
959,333.3,308283102,10,Mists of Tirna Scithe,2024-11-20T14:35:49.000Z,1222802,1890999,2,"Xal'atath's Bargain: Ascendant, Tyrannical, Challenger's Peril, Fortified",Tiffblue,Shaman,Restoration,healer,Shadowmoon
960,333.2,307702580,10,Mists of Tirna Scithe,2024-11-17T12:06:44.000Z,1223087,1890999,2,"Xal'atath's Bargain: Ascendant, Tyrannical, Challenger's Peril, Fortified",邃雲涯,Death Knight,Unholy,dps,World Tree
960,333.2,307702580,10,Mists of Tirna Scithe,2024-11-17T12:06:44.000Z,1223087,1890999,2,"Xal'atath's Bargain: Ascendant, Tyrannical, Challenger's Peril, Fortified",拉卡尼休,Paladin,Retribution,dps,Wrathbringer
960,333.2,307702580,10,Mists of Tirna Scithe,2024-11-17T12:06:44.000Z,1223087,1890999,2,"Xal'atath's Bargain: Ascendant, Tyrannical, Challenger's Peril, Fortified",Ruisikii,Priest,Discipline,healer,Chillwind Point
960,333.2,307702580,10,Mists of Tirna Scithe,2024-11-17T12:06:44.000Z,1223087,1890999,2,"Xal'atath's Bargain: Ascendant, Tyrannical, Challenger's Peril, Fortified",Clifshaman,Shaman,Elemental,dps,Nightsong
960,333.2,307702580,10,Mists of Tirna Scithe,2024-11-17T12:06:44.000Z,1223087,1890999,2,"Xal'atath's Bargain: Ascendant, Tyrannical, Challenger's Peril, Fortified",安灰灰,Paladin,Protection,tank,Crystalpine Stinger
961,333.2,303821414,10,Mists of Tirna Scithe,2024-10-29T17:00:45.000Z,1224572,1890999,2,"Xal'atath's Bargain: Ascendant, Fortified, Challenger's Peril, Tyrannical",Ayõ,Mage,Frost,dps,Crystalpine Stinger
961,333.2,303821414,10,Mists of Tirna Scithe,2024-10-29T17:00:45.000Z,1224572,1890999,2,"Xal'atath's Bargain: Ascendant, Fortified, Challenger's Peril, Tyrannical",鏈樣,Shaman,Elemental,dps,Crystalpine Stinger
961,333.2,303821414,10,Mists of Tirna Scithe,2024-10-29T17:00:45.000Z,1224572,1890999,2,"Xal'atath's Bargain: Ascendant, Fortified, Challenger's Peril, Tyrannical",血染滄雪,Warrior,Protection,tank,Crystalpine Stinger
961,333.2,303821414,10,Mists of Tirna Scithe,2024-10-29T17:00:45.000Z,1224572,1890999,2,"Xal'atath's Bargain: Ascendant, Fortified, Challenger's Peril, Tyrannical",天使月儿,Priest,Discipline,healer,Light's Hope
961,333.2,303821414,10,Mists of Tirna Scithe,2024-10-29T17:00:45.000Z,1224572,1890999,2,"Xal'atath's Bargain: Ascendant, Fortified, Challenger's Peril, Tyrannical",Kåtâñå,Paladin,Retribution,dps,Crystalpine Stinger
962,333.2,307135219,10,Mists of Tirna Scithe,2024-11-14T08:10:58.000Z,1225155,1890999,2,"Xal'atath's Bargain: Ascendant, Tyrannical, Challenger's Peril, Fortified",聖喵,Paladin,Protection,tank,Crystalpine Stinger
962,333.2,307135219,10,Mists of Tirna Scithe,2024-11-14T08:10:58.000Z,1225155,1890999,2,"Xal'atath's Bargain: Ascendant, Tyrannical, Challenger's Peril, Fortified",駢潔,Priest,Discipline,healer,Sundown Marsh
962,333.2,307135219,10,Mists of Tirna Scithe,2024-11-14T08:10:58.000Z,1225155,1890999,2,"Xal'atath's Bargain: Ascendant, Tyrannical, Challenger's Peril, Fortified",乂忠乂,Paladin,Retribution,dps,Chillwind Point
962,333.2,307135219,10,Mists of Tirna Scithe,2024-11-14T08:10:58.000Z,1225155,1890999,2,"Xal'atath's Bargain: Ascendant, Tyrannical, Challenger's Peril, Fortified",Daveshaman,Shaman,Enhancement,dps,Nightsong
962,333.2,307135219,10,Mists of Tirna Scithe,2024-11-14T08:10:58.000Z,1225155,1890999,2,"Xal'atath's Bargain: Ascendant, Tyrannical, Challenger's Peril, Fortified",滴水的小母豬,Druid,Balance,dps,Whisperwind
963,333.2,307475066,10,Mists of Tirna Scithe,2024-11-16T09:00:37.000Z,1225838,1890999,2,"Xal'atath's Bargain: Ascendant, Tyrannical, Challenger's Peril, Fortified",歐尼克,Monk,Brewmaster,tank,Sundown Marsh
963,333.2,307475066,10,Mists of Tirna Scithe,2024-11-16T09:00:37.000Z,1225838,1890999,2,"Xal'atath's Bargain: Ascendant, Tyrannical, Challenger's Peril, Fortified",Temeraire,Mage,Frost,dps,Crystalpine Stinger
963,333.2,307475066,10,Mists of Tirna Scithe,2024-11-16T09:00:37.000Z,1225838,1890999,2,"Xal'atath's Bargain: Ascendant, Tyrannical, Challenger's Peril, Fortified",Azure,Shaman,Enhancement,dps,Crystalpine Stinger
963,333.2,307475066,10,Mists of Tirna Scithe,2024-11-16T09:00:37.000Z,1225838,1890999,2,"Xal'atath's Bargain: Ascendant, Tyrannical, Challenger's Peril, Fortified",水波蛋,Paladin,Holy,healer,Sundown Marsh
963,333.2,307475066,10,Mists of Tirna Scithe,2024-11-16T09:00:37.000Z,1225838,1890999,2,"Xal'atath's Bargain: Ascendant, Tyrannical, Challenger's Peril, Fortified",Kaoyi,Rogue,Assassination,dps,Wrathbringer
964,333.2,308123086,10,Mists of Tirna Scithe,2024-11-19T17:22:07.000Z,1226369,1890999,2,"Xal'atath's Bargain: Ascendant, Tyrannical, Challenger's Peril, Fortified",薩提斯,Shaman,Enhancement,dps,Dragonmaw
964,333.2,308123086,10,Mists of Tirna Scithe,2024-11-19T17:22:07.000Z,1226369,1890999,2,"Xal'atath's Bargain: Ascendant, Tyrannical, Challenger's Peril, Fortified",醬燒鵪鶉,Druid,Balance,dps,Wrathbringer
964,333.2,308123086,10,Mists of Tirna Scithe,2024-11-19T17:22:07.000Z,1226369,1890999,2,"Xal'atath's Bargain: Ascendant, Tyrannical, Challenger's Peril, Fortified",我還是阿逼,Druid,Restoration,healer,Chillwind Point
964,333.2,308123086,10,Mists of Tirna Scithe,2024-11-19T17:22:07.000Z,1226369,1890999,2,"Xal'atath's Bargain: Ascendant, Tyrannical, Challenger's Peril, Fortified",Lovetone,Hunter,Survival,dps,Chillwind Point
964,333.2,308123086,10,Mists of Tirna Scithe,2024-11-19T17:22:07.000Z,1226369,1890999,2,"Xal'atath's Bargain: Ascendant, Tyrannical, Challenger's Peril, Fortified",Khazaddum,Paladin,Protection,tank,Hellscream
965,333.1,307538801,10,Mists of Tirna Scithe,2024-11-16T17:19:26.000Z,1228324,1890999,2,"Xal'atath's Bargain: Ascendant, Tyrannical, Challenger's Peril, Fortified",Pi,Priest,Discipline,healer,Arygos
965,333.1,307538801,10,Mists of Tirna Scithe,2024-11-16T17:19:26.000Z,1228324,1890999,2,"Xal'atath's Bargain: Ascendant, Tyrannical, Challenger's Peril, Fortified",Vth,Hunter,Beast Mastery,dps,Nightsong
965,333.1,307538801,10,Mists of Tirna Scithe,2024-11-16T17:19:26.000Z,1228324,1890999,2,"Xal'atath's Bargain: Ascendant, Tyrannical, Challenger's Peril, Fortified",Herschel,Paladin,Protection,tank,Nightsong
965,333.1,307538801,10,Mists of Tirna Scithe,2024-11-16T17:19:26.000Z,1228324,1890999,2,"Xal'atath's Bargain: Ascendant, Tyrannical, Challenger's Peril, Fortified",Whitewalker,Death Knight,Frost,dps,Nightsong
965,333.1,307538801,10,Mists of Tirna Scithe,2024-11-16T17:19:26.000Z,1228324,1890999,2,"Xal'atath's Bargain: Ascendant, Tyrannical, Challenger's Peril, Fortified",高倉健,Shaman,Elemental,dps,Dragonmaw
966,333.1,307470453,10,Mists of Tirna Scithe,2024-11-16T08:32:35.000Z,1229444,1890999,2,"Xal'atath's Bargain: Ascendant, Tyrannical, Challenger's Peril, Fortified",歐尼狐,Warrior,Protection,tank,Sundown Marsh
966,333.1,307470453,10,Mists of Tirna Scithe,2024-11-16T08:32:35.000Z,1229444,1890999,2,"Xal'atath's Bargain: Ascendant, Tyrannical, Challenger's Peril, Fortified",Temeraire,Mage,Frost,dps,Crystalpine Stinger
966,333.1,307470453,10,Mists of Tirna Scithe,2024-11-16T08:32:35.000Z,1229444,1890999,2,"Xal'atath's Bargain: Ascendant, Tyrannical, Challenger's Peril, Fortified",Azure,Shaman,Enhancement,dps,Crystalpine Stinger
966,333.1,307470453,10,Mists of Tirna Scithe,2024-11-16T08:32:35.000Z,1229444,1890999,2,"Xal'atath's Bargain: Ascendant, Tyrannical, Challenger's Peril, Fortified",水波蛋,Paladin,Holy,healer,Sundown Marsh
966,333.1,307470453,10,Mists of Tirna Scithe,2024-11-16T08:32:35.000Z,1229444,1890999,2,"Xal'atath's Bargain: Ascendant, Tyrannical, Challenger's Peril, Fortified",Kaoyi,Rogue,Assassination,dps,Wrathbringer
967,333.1,307699742,10,Mists of Tirna Scithe,2024-11-17T11:09:35.000Z,1229485,1890999,2,"Xal'atath's Bargain: Ascendant, Tyrannical, Challenger's Peril, Fortified",人參勝利組,Shaman,Enhancement,dps,Arthas
967,333.1,307699742,10,Mists of Tirna Scithe,2024-11-17T11:09:35.000Z,1229485,1890999,2,"Xal'atath's Bargain: Ascendant, Tyrannical, Challenger's Peril, Fortified",邃雲涯,Death Knight,Blood,tank,World Tree
967,333.1,307699742,10,Mists of Tirna Scithe,2024-11-17T11:09:35.000Z,1229485,1890999,2,"Xal'atath's Bargain: Ascendant, Tyrannical, Challenger's Peril, Fortified",伊利斯翠,Priest,Shadow,dps,Crystalpine Stinger
967,333.1,307699742,10,Mists of Tirna Scithe,2024-11-17T11:09:35.000Z,1229485,1890999,2,"Xal'atath's Bargain: Ascendant, Tyrannical, Challenger's Peril, Fortified",Vanire,Priest,Discipline,healer,Arthas
967,333.1,307699742,10,Mists of Tirna Scithe,2024-11-17T11:09:35.000Z,1229485,1890999,2,"Xal'atath's Bargain: Ascendant, Tyrannical, Challenger's Peril, Fortified",Samho,Rogue,Assassination,dps,Arthas
968,333.1,307732312,10,Mists of Tirna Scithe,2024-11-17T15:27:02.000Z,1229737,1890999,2,"Xal'atath's Bargain: Ascendant, Tyrannical, Challenger's Peril, Fortified",演員,Paladin,Protection,tank,Skywall
968,333.1,307732312,10,Mists of Tirna Scithe,2024-11-17T15:27:02.000Z,1229737,1890999,2,"Xal'atath's Bargain: Ascendant, Tyrannical, Challenger's Peril, Fortified",又是你你最爛,Warlock,Destruction,dps,Light's Hope
968,333.1,307732312,10,Mists of Tirna Scithe,2024-11-17T15:27:02.000Z,1229737,1890999,2,"Xal'atath's Bargain: Ascendant, Tyrannical, Challenger's Peril, Fortified",Xypher,Paladin,Retribution,dps,Shadowmoon
968,333.1,307732312,10,Mists of Tirna Scithe,2024-11-17T15:27:02.000Z,1229737,1890999,2,"Xal'atath's Bargain: Ascendant, Tyrannical, Challenger's Peril, Fortified",狸貍芙妮,Priest,Holy,healer,Quel'dorei
968,333.1,307732312,10,Mists of Tirna Scithe,2024-11-17T15:27:02.000Z,1229737,1890999,2,"Xal'atath's Bargain: Ascendant, Tyrannical, Challenger's Peril, Fortified",Stormshaman,Shaman,Enhancement,dps,Shadowmoon
969,333.1,303196045,10,Mists of Tirna Scithe,2024-10-27T14:59:38.000Z,1232112,1890999,2,"Xal'atath's Bargain: Ascendant, Fortified, Challenger's Peril, Tyrannical",卡希迪,Shaman,Restoration,healer,Shadowmoon
969,333.1,303196045,10,Mists of Tirna Scithe,2024-10-27T14:59:38.000Z,1232112,1890999,2,"Xal'atath's Bargain: Ascendant, Fortified, Challenger's Peril, Tyrannical",隨水而流,Paladin,Retribution,dps,Sundown Marsh
969,333.1,303196045,10,Mists of Tirna Scithe,2024-10-27T14:59:38.000Z,1232112,1890999,2,"Xal'atath's Bargain: Ascendant, Fortified, Challenger's Peril, Tyrannical",豆乳雞,Warrior,Fury,dps,Whisperwind
969,333.1,303196045,10,Mists of Tirna Scithe,2024-10-27T14:59:38.000Z,1232112,1890999,2,"Xal'atath's Bargain: Ascendant, Fortified, Challenger's Peril, Tyrannical",佐倉雙葉,Warlock,Affliction,dps,Quel'dorei
969,333.1,303196045,10,Mists of Tirna Scithe,2024-10-27T14:59:38.000Z,1232112,1890999,2,"Xal'atath's Bargain: Ascendant, Fortified, Challenger's Peril, Tyrannical",紫夜花舞,Demon Hunter,Vengeance,tank,Whisperwind
970,333,303879736,10,Mists of Tirna Scithe,2024-10-30T18:24:06.000Z,1233492,1890999,2,"Xal'atath's Bargain: Ascendant, Fortified, Challenger's Peril, Tyrannical",三逼八改,Shaman,Elemental,dps,Demon Fall Canyon
970,333,303879736,10,Mists of Tirna Scithe,2024-10-30T18:24:06.000Z,1233492,1890999,2,"Xal'atath's Bargain: Ascendant, Fortified, Challenger's Peril, Tyrannical",北上七哩哩,Demon Hunter,Vengeance,tank,Nightsong
970,333,303879736,10,Mists of Tirna Scithe,2024-10-30T18:24:06.000Z,1233492,1890999,2,"Xal'atath's Bargain: Ascendant, Fortified, Challenger's Peril, Tyrannical",Baddragon,Evoker,Augmentation,dps,Nightsong
970,333,303879736,10,Mists of Tirna Scithe,2024-10-30T18:24:06.000Z,1233492,1890999,2,"Xal'atath's Bargain: Ascendant, Fortified, Challenger's Peril, Tyrannical",Namabiru,Paladin,Holy,healer,Shadowmoon
970,333,303879736,10,Mists of Tirna Scithe,2024-10-30T18:24:06.000Z,1233492,1890999,2,"Xal'atath's Bargain: Ascendant, Fortified, Challenger's Peril, Tyrannical",妳媽在天上飛,Mage,Frost,dps,Spirestone
971,333,307167868,10,Mists of Tirna Scithe,2024-11-14T14:52:12.000Z,1233713,1890999,2,"Xal'atath's Bargain: Ascendant, Tyrannical, Challenger's Peril, Fortified",牛唄硬要,Priest,Discipline,healer,Arthas
971,333,307167868,10,Mists of Tirna Scithe,2024-11-14T14:52:12.000Z,1233713,1890999,2,"Xal'atath's Bargain: Ascendant, Tyrannical, Challenger's Peril, Fortified",Pninety,Evoker,Augmentation,dps,Hellscream
971,333,307167868,10,Mists of Tirna Scithe,2024-11-14T14:52:12.000Z,1233713,1890999,2,"Xal'atath's Bargain: Ascendant, Tyrannical, Challenger's Peril, Fortified",淚已成星,Paladin,Protection,tank,Icecrown
971,333,307167868,10,Mists of Tirna Scithe,2024-11-14T14:52:12.000Z,1233713,1890999,2,"Xal'atath's Bargain: Ascendant, Tyrannical, Challenger's Peril, Fortified",Blackscreen,Death Knight,Frost,dps,Spirestone
971,333,307167868,10,Mists of Tirna Scithe,2024-11-14T14:52:12.000Z,1233713,1890999,2,"Xal'atath's Bargain: Ascendant, Tyrannical, Challenger's Peril, Fortified",Ignis,Shaman,Enhancement,dps,Spirestone
972,332.9,302470070,10,Mists of Tirna Scithe,2024-10-24T11:37:22.000Z,1238132,1890999,2,"Xal'atath's Bargain: Ascendant, Fortified, Challenger's Peril, Tyrannical",夜半色狼,Rogue,Outlaw,dps,Demon Fall Canyon
972,332.9,302470070,10,Mists of Tirna Scithe,2024-10-24T11:37:22.000Z,1238132,1890999,2,"Xal'atath's Bargain: Ascendant, Fortified, Challenger's Peril, Tyrannical",花底離情,Hunter,Marksmanship,dps,Demon Fall Canyon
972,332.9,302470070,10,Mists of Tirna Scithe,2024-10-24T11:37:22.000Z,1238132,1890999,2,"Xal'atath's Bargain: Ascendant, Fortified, Challenger's Peril, Tyrannical",綋鴻,Evoker,Augmentation,dps,Sundown Marsh
972,332.9,302470070,10,Mists of Tirna Scithe,2024-10-24T11:37:22.000Z,1238132,1890999,2,"Xal'atath's Bargain: Ascendant, Fortified, Challenger's Peril, Tyrannical",辣個爪,Druid,Restoration,healer,Chillwind Point
972,332.9,302470070,10,Mists of Tirna Scithe,2024-10-24T11:37:22.000Z,1238132,1890999,2,"Xal'atath's Bargain: Ascendant, Fortified, Challenger's Peril, Tyrannical",明日的睡眠,Death Knight,Blood,tank,Sundown Marsh
973,332.9,303719878,10,Mists of Tirna Scithe,2024-10-29T20:55:08.000Z,1238963,1890999,2,"Xal'atath's Bargain: Ascendant, Fortified, Challenger's Peril, Tyrannical",哀豔,Priest,Discipline,healer,Shadowmoon
973,332.9,303719878,10,Mists of Tirna Scithe,2024-10-29T20:55:08.000Z,1238963,1890999,2,"Xal'atath's Bargain: Ascendant, Fortified, Challenger's Peril, Tyrannical",詩靈,Warlock,Demonology,dps,Shadowmoon
973,332.9,303719878,10,Mists of Tirna Scithe,2024-10-29T20:55:08.000Z,1238963,1890999,2,"Xal'atath's Bargain: Ascendant, Fortified, Challenger's Peril, Tyrannical",Roro,Demon Hunter,Vengeance,tank,Shadowmoon
973,332.9,303719878,10,Mists of Tirna Scithe,2024-10-29T20:55:08.000Z,1238963,1890999,2,"Xal'atath's Bargain: Ascendant, Fortified, Challenger's Peril, Tyrannical",飄飄鼠,Mage,Frost,dps,Shadowmoon
973,332.9,303719878,10,Mists of Tirna Scithe,2024-10-29T20:55:08.000Z,1238963,1890999,2,"Xal'atath's Bargain: Ascendant, Fortified, Challenger's Peril, Tyrannical",樂町鴨,Shaman,Elemental,dps,Whisperwind
974,332.9,307102505,10,Mists of Tirna Scithe,2024-11-14T02:01:57.000Z,1239641,1890999,2,"Xal'atath's Bargain: Ascendant, Tyrannical, Challenger's Peril, Fortified",后雅妮絲,Warlock,Destruction,dps,World Tree
974,332.9,307102505,10,Mists of Tirna Scithe,2024-11-14T02:01:57.000Z,1239641,1890999,2,"Xal'atath's Bargain: Ascendant, Tyrannical, Challenger's Peril, Fortified",水映月影,Paladin,Retribution,dps,Bleeding Hollow
974,332.9,307102505,10,Mists of Tirna Scithe,2024-11-14T02:01:57.000Z,1239641,1890999,2,"Xal'atath's Bargain: Ascendant, Tyrannical, Challenger's Peril, Fortified",Lillilac,Paladin,Holy,healer,Nightsong
974,332.9,307102505,10,Mists of Tirna Scithe,2024-11-14T02:01:57.000Z,1239641,1890999,2,"Xal'atath's Bargain: Ascendant, Tyrannical, Challenger's Peril, Fortified",天辰狼煞,Mage,Arcane,dps,Demon Fall Canyon
974,332.9,307102505,10,Mists of Tirna Scithe,2024-11-14T02:01:57.000Z,1239641,1890999,2,"Xal'atath's Bargain: Ascendant, Tyrannical, Challenger's Peril, Fortified",正大光明,Paladin,Protection,tank,Sundown Marsh
975,332.9,307488244,10,Mists of Tirna Scithe,2024-11-16T11:24:32.000Z,1242186,1890999,2,"Xal'atath's Bargain: Ascendant, Tyrannical, Challenger's Peril, Fortified",牛軋糖很硬,Warrior,Protection,tank,Frostmane
975,332.9,307488244,10,Mists of Tirna Scithe,2024-11-16T11:24:32.000Z,1242186,1890999,2,"Xal'atath's Bargain: Ascendant, Tyrannical, Challenger's Peril, Fortified",蒼鐮的天狗,Hunter,Beast Mastery,dps,World Tree
975,332.9,307488244,10,Mists of Tirna Scithe,2024-11-16T11:24:32.000Z,1242186,1890999,2,"Xal'atath's Bargain: Ascendant, Tyrannical, Challenger's Peril, Fortified",薩爽登場,Shaman,Enhancement,dps,Arygos
975,332.9,307488244,10,Mists of Tirna Scithe,2024-11-16T11:24:32.000Z,1242186,1890999,2,"Xal'atath's Bargain: Ascendant, Tyrannical, Challenger's Peril, Fortified",薰衣草色的海,Warlock,Destruction,dps,Arygos
975,332.9,307488244,10,Mists of Tirna Scithe,2024-11-16T11:24:32.000Z,1242186,1890999,2,"Xal'atath's Bargain: Ascendant, Tyrannical, Challenger's Peril, Fortified",穹稻穗杛源,Shaman,Restoration,healer,Crystalpine Stinger
976,332.8,302912488,10,Mists of Tirna Scithe,2024-10-26T12:20:32.000Z,1245153,1890999,2,"Xal'atath's Bargain: Ascendant, Fortified, Challenger's Peril, Tyrannical",西風,Paladin,Retribution,dps,Shadowmoon
976,332.8,302912488,10,Mists of Tirna Scithe,2024-10-26T12:20:32.000Z,1245153,1890999,2,"Xal'atath's Bargain: Ascendant, Fortified, Challenger's Peril, Tyrannical",痕月,Warrior,Protection,tank,Whisperwind
976,332.8,302912488,10,Mists of Tirna Scithe,2024-10-26T12:20:32.000Z,1245153,1890999,2,"Xal'atath's Bargain: Ascendant, Fortified, Challenger's Peril, Tyrannical",天真的火龍果,Evoker,Augmentation,dps,Sundown Marsh
976,332.8,302912488,10,Mists of Tirna Scithe,2024-10-26T12:20:32.000Z,1245153,1890999,2,"Xal'atath's Bargain: Ascendant, Fortified, Challenger's Peril, Tyrannical",鹹魚王,Shaman,Enhancement,dps,Silverwing Hold
976,332.8,302912488,10,Mists of Tirna Scithe,2024-10-26T12:20:32.000Z,1245153,1890999,2,"Xal'atath's Bargain: Ascendant, Fortified, Challenger's Peril, Tyrannical",棄夭泡泡,Evoker,Preservation,healer,Arthas
977,332.8,302519442,10,Mists of Tirna Scithe,2024-10-24T16:57:35.000Z,1245987,1890999,2,"Xal'atath's Bargain: Ascendant, Fortified, Challenger's Peril, Tyrannical",哀豔,Priest,Discipline,healer,Shadowmoon
977,332.8,302519442,10,Mists of Tirna Scithe,2024-10-24T16:57:35.000Z,1245987,1890999,2,"Xal'atath's Bargain: Ascendant, Fortified, Challenger's Peril, Tyrannical",超電磁小兔子,Shaman,Enhancement,dps,Sundown Marsh
977,332.8,302519442,10,Mists of Tirna Scithe,2024-10-24T16:57:35.000Z,1245987,1890999,2,"Xal'atath's Bargain: Ascendant, Fortified, Challenger's Peril, Tyrannical",霜晴月,Paladin,Protection,tank,Sundown Marsh
977,332.8,302519442,10,Mists of Tirna Scithe,2024-10-24T16:57:35.000Z,1245987,1890999,2,"Xal'atath's Bargain: Ascendant, Fortified, Challenger's Peril, Tyrannical",隨水,Druid,Balance,dps,World Tree
977,332.8,302519442,10,Mists of Tirna Scithe,2024-10-24T16:57:35.000Z,1245987,1890999,2,"Xal'atath's Bargain: Ascendant, Fortified, Challenger's Peril, Tyrannical",哀灩-229335037,Paladin,Retribution,dps,Shadowmoon
978,332.8,302413286,10,Mists of Tirna Scithe,2024-10-24T02:10:58.000Z,1246806,1890999,2,"Xal'atath's Bargain: Ascendant, Fortified, Challenger's Peril, Tyrannical",葡萄惡魔,Hunter,Beast Mastery,dps,Bleeding Hollow
978,332.8,302413286,10,Mists of Tirna Scithe,2024-10-24T02:10:58.000Z,1246806,1890999,2,"Xal'atath's Bargain: Ascendant, Fortified, Challenger's Peril, Tyrannical",Twlwar-131217963,Warrior,Protection,tank,Nightsong
978,332.8,302413286,10,Mists of Tirna Scithe,2024-10-24T02:10:58.000Z,1246806,1890999,2,"Xal'atath's Bargain: Ascendant, Fortified, Challenger's Peril, Tyrannical",Tulparlock,Warlock,Destruction,dps,Arygos
978,332.8,302413286,10,Mists of Tirna Scithe,2024-10-24T02:10:58.000Z,1246806,1890999,2,"Xal'atath's Bargain: Ascendant, Fortified, Challenger's Peril, Tyrannical",珍愛嚕志呻,Monk,Mistweaver,healer,Sundown Marsh
978,332.8,302413286,10,Mists of Tirna Scithe,2024-10-24T02:10:58.000Z,1246806,1890999,2,"Xal'atath's Bargain: Ascendant, Fortified, Challenger's Peril, Tyrannical",蛋之哀傷,Death Knight,Frost,dps,World Tree
979,332.8,308243354,10,Mists of Tirna Scithe,2024-11-20T06:18:18.000Z,1247729,1890999,2,"Xal'atath's Bargain: Ascendant, Tyrannical, Challenger's Peril, Fortified",日熾,Shaman,Enhancement,dps,Shadowmoon
979,332.8,308243354,10,Mists of Tirna Scithe,2024-11-20T06:18:18.000Z,1247729,1890999,2,"Xal'atath's Bargain: Ascendant, Tyrannical, Challenger's Peril, Fortified",諾小貝,Shaman,Restoration,healer,Skywall
979,332.8,308243354,10,Mists of Tirna Scithe,2024-11-20T06:18:18.000Z,1247729,1890999,2,"Xal'atath's Bargain: Ascendant, Tyrannical, Challenger's Peril, Fortified",Bono,Paladin,Protection,tank,Shadowmoon
979,332.8,308243354,10,Mists of Tirna Scithe,2024-11-20T06:18:18.000Z,1247729,1890999,2,"Xal'atath's Bargain: Ascendant, Tyrannical, Challenger's Peril, Fortified",小丸煮,Death Knight,Frost,dps,Bleeding Hollow
979,332.8,308243354,10,Mists of Tirna Scithe,2024-11-20T06:18:18.000Z,1247729,1890999,2,"Xal'atath's Bargain: Ascendant, Tyrannical, Challenger's Peril, Fortified",智勇双全,Death Knight,Unholy,dps,Light's Hope
980,332.8,307920448,10,Mists of Tirna Scithe,2024-11-18T15:30:21.000Z,1247978,1890999,2,"Xal'atath's Bargain: Ascendant, Tyrannical, Challenger's Peril, Fortified",睡衣忍者,Warrior,Arms,dps,Wrathbringer
980,332.8,307920448,10,Mists of Tirna Scithe,2024-11-18T15:30:21.000Z,1247978,1890999,2,"Xal'atath's Bargain: Ascendant, Tyrannical, Challenger's Peril, Fortified",豆腐奶茶,Druid,Balance,dps,Arthas
980,332.8,307920448,10,Mists of Tirna Scithe,2024-11-18T15:30:21.000Z,1247978,1890999,2,"Xal'atath's Bargain: Ascendant, Tyrannical, Challenger's Peril, Fortified",唉唷你臉紅啦,Paladin,Protection,tank,Wrathbringer
980,332.8,307920448,10,Mists of Tirna Scithe,2024-11-18T15:30:21.000Z,1247978,1890999,2,"Xal'atath's Bargain: Ascendant, Tyrannical, Challenger's Peril, Fortified",曾經活過,Death Knight,Frost,dps,Sundown Marsh
980,332.8,307920448,10,Mists of Tirna Scithe,2024-11-18T15:30:21.000Z,1247978,1890999,2,"Xal'atath's Bargain: Ascendant, Tyrannical, Challenger's Peril, Fortified",癒行者,Priest,Discipline,healer,Quel'dorei
981,332.7,307690909,10,Mists of Tirna Scithe,2024-11-17T10:23:52.000Z,1248672,1890999,2,"Xal'atath's Bargain: Ascendant, Tyrannical, Challenger's Peril, Fortified",天使神法,Mage,Arcane,dps,Crystalpine Stinger
981,332.7,307690909,10,Mists of Tirna Scithe,2024-11-17T10:23:52.000Z,1248672,1890999,2,"Xal'atath's Bargain: Ascendant, Tyrannical, Challenger's Peril, Fortified",日暮薩滿,Shaman,Restoration,healer,Sundown Marsh
981,332.7,307690909,10,Mists of Tirna Scithe,2024-11-17T10:23:52.000Z,1248672,1890999,2,"Xal'atath's Bargain: Ascendant, Tyrannical, Challenger's Peril, Fortified",伊利斯翠,Priest,Shadow,dps,Crystalpine Stinger
981,332.7,307690909,10,Mists of Tirna Scithe,2024-11-17T10:23:52.000Z,1248672,1890999,2,"Xal'atath's Bargain: Ascendant, Tyrannical, Challenger's Peril, Fortified",Chromakopia,Rogue,Assassination,dps,Shadowmoon
981,332.7,307690909,10,Mists of Tirna Scithe,2024-11-17T10:23:52.000Z,1248672,1890999,2,"Xal'atath's Bargain: Ascendant, Tyrannical, Challenger's Peril, Fortified",蚊子叮手中,Warrior,Protection,tank,Crystalpine Stinger
982,332.7,307136813,10,Mists of Tirna Scithe,2024-11-14T09:54:22.000Z,1248845,1890999,2,"Xal'atath's Bargain: Ascendant, Tyrannical, Challenger's Peril, Fortified",直女天菜,Paladin,Protection,tank,Shadowmoon
982,332.7,307136813,10,Mists of Tirna Scithe,2024-11-14T09:54:22.000Z,1248845,1890999,2,"Xal'atath's Bargain: Ascendant, Tyrannical, Challenger's Peril, Fortified",Daniel,Hunter,Marksmanship,dps,Spirestone
982,332.7,307136813,10,Mists of Tirna Scithe,2024-11-14T09:54:22.000Z,1248845,1890999,2,"Xal'atath's Bargain: Ascendant, Tyrannical, Challenger's Peril, Fortified",酒灵,Warlock,Destruction,dps,Skywall
982,332.7,307136813,10,Mists of Tirna Scithe,2024-11-14T09:54:22.000Z,1248845,1890999,2,"Xal'atath's Bargain: Ascendant, Tyrannical, Challenger's Peril, Fortified",小一唷,Shaman,Restoration,healer,World Tree
982,332.7,307136813,10,Mists of Tirna Scithe,2024-11-14T09:54:22.000Z,1248845,1890999,2,"Xal'atath's Bargain: Ascendant, Tyrannical, Challenger's Peril, Fortified",暗殺牛仔,Shaman,Enhancement,dps,Shadowmoon
983,332.7,307679705,10,Mists of Tirna Scithe,2024-11-17T08:29:18.000Z,1249288,1890999,2,"Xal'atath's Bargain: Ascendant, Tyrannical, Challenger's Peril, Fortified",雪白泡芙,Warlock,Demonology,dps,Demon Fall Canyon
983,332.7,307679705,10,Mists of Tirna Scithe,2024-11-17T08:29:18.000Z,1249288,1890999,2,"Xal'atath's Bargain: Ascendant, Tyrannical, Challenger's Peril, Fortified",沒力奧達斯,Rogue,Assassination,dps,Demon Fall Canyon
983,332.7,307679705,10,Mists of Tirna Scithe,2024-11-17T08:29:18.000Z,1249288,1890999,2,"Xal'atath's Bargain: Ascendant, Tyrannical, Challenger's Peril, Fortified",無恥男,Mage,Frost,dps,Shadowmoon
983,332.7,307679705,10,Mists of Tirna Scithe,2024-11-17T08:29:18.000Z,1249288,1890999,2,"Xal'atath's Bargain: Ascendant, Tyrannical, Challenger's Peril, Fortified",浪鬼,Demon Hunter,Vengeance,tank,Quel'dorei
983,332.7,307679705,10,Mists of Tirna Scithe,2024-11-17T08:29:18.000Z,1249288,1890999,2,"Xal'atath's Bargain: Ascendant, Tyrannical, Challenger's Peril, Fortified",空腹熊貓,Shaman,Restoration,healer,Shadowmoon
984,332.7,302717628,10,Mists of Tirna Scithe,2024-10-25T10:59:24.000Z,1249301,1890999,2,"Xal'atath's Bargain: Ascendant, Fortified, Challenger's Peril, Tyrannical",眾生咩,Monk,Mistweaver,healer,Light's Hope
984,332.7,302717628,10,Mists of Tirna Scithe,2024-10-25T10:59:24.000Z,1249301,1890999,2,"Xal'atath's Bargain: Ascendant, Fortified, Challenger's Peril, Tyrannical",我牛,Paladin,Retribution,dps,Whisperwind
984,332.7,302717628,10,Mists of Tirna Scithe,2024-10-25T10:59:24.000Z,1249301,1890999,2,"Xal'atath's Bargain: Ascendant, Fortified, Challenger's Peril, Tyrannical",我是你的眼,Demon Hunter,Vengeance,tank,Shadowmoon
984,332.7,302717628,10,Mists of Tirna Scithe,2024-10-25T10:59:24.000Z,1249301,1890999,2,"Xal'atath's Bargain: Ascendant, Fortified, Challenger's Peril, Tyrannical",威扎利波特,Shaman,Elemental,dps,Sundown Marsh
984,332.7,302717628,10,Mists of Tirna Scithe,2024-10-25T10:59:24.000Z,1249301,1890999,2,"Xal'atath's Bargain: Ascendant, Fortified, Challenger's Peril, Tyrannical",羽莫,Druid,Balance,dps,Hellscream
985,332.7,308120627,10,Mists of Tirna Scithe,2024-11-19T17:43:27.000Z,1251856,1890999,2,"Xal'atath's Bargain: Ascendant, Tyrannical, Challenger's Peril, Fortified",大德魯伊,Druid,Balance,dps,Whisperwind
985,332.7,308120627,10,Mists of Tirna Scithe,2024-11-19T17:43:27.000Z,1251856,1890999,2,"Xal'atath's Bargain: Ascendant, Tyrannical, Challenger's Peril, Fortified",知你冷暖,Demon Hunter,Vengeance,tank,Whisperwind
985,332.7,308120627,10,Mists of Tirna Scithe,2024-11-19T17:43:27.000Z,1251856,1890999,2,"Xal'atath's Bargain: Ascendant, Tyrannical, Challenger's Peril, Fortified",Ching,Priest,Discipline,healer,Quel'dorei
985,332.7,308120627,10,Mists of Tirna Scithe,2024-11-19T17:43:27.000Z,1251856,1890999,2,"Xal'atath's Bargain: Ascendant, Tyrannical, Challenger's Peril, Fortified",Limerence,Priest,Shadow,dps,Hellscream
985,332.7,308120627,10,Mists of Tirna Scithe,2024-11-19T17:43:27.000Z,1251856,1890999,2,"Xal'atath's Bargain: Ascendant, Tyrannical, Challenger's Peril, Fortified",Rorozz,Paladin,Retribution,dps,Shadowmoon
986,332.7,302811083,10,Mists of Tirna Scithe,2024-10-26T00:21:30.000Z,1252711,1890999,2,"Xal'atath's Bargain: Ascendant, Fortified, Challenger's Peril, Tyrannical",飛爵,Paladin,Retribution,dps,Bleeding Hollow
986,332.7,302811083,10,Mists of Tirna Scithe,2024-10-26T00:21:30.000Z,1252711,1890999,2,"Xal'atath's Bargain: Ascendant, Fortified, Challenger's Peril, Tyrannical",不停的補血,Shaman,Restoration,healer,Shadowmoon
986,332.7,302811083,10,Mists of Tirna Scithe,2024-10-26T00:21:30.000Z,1252711,1890999,2,"Xal'atath's Bargain: Ascendant, Fortified, Challenger's Peril, Tyrannical",Azur,Paladin,Protection,tank,Bleeding Hollow
986,332.7,302811083,10,Mists of Tirna Scithe,2024-10-26T00:21:30.000Z,1252711,1890999,2,"Xal'atath's Bargain: Ascendant, Fortified, Challenger's Peril, Tyrannical",小牛奶,Hunter,Beast Mastery,dps,Nightsong
986,332.7,302811083,10,Mists of Tirna Scithe,2024-10-26T00:21:30.000Z,1252711,1890999,2,"Xal'atath's Bargain: Ascendant, Fortified, Challenger's Peril, Tyrannical",Biguo,Warlock,Destruction,dps,Shadowmoon
987,332.6,303665410,10,Mists of Tirna Scithe,2024-10-29T17:43:59.000Z,1257989,1890999,2,"Xal'atath's Bargain: Ascendant, Fortified, Challenger's Peril, Tyrannical",仲夏大熊,Mage,Fire,dps,Sundown Marsh
987,332.6,303665410,10,Mists of Tirna Scithe,2024-10-29T17:43:59.000Z,1257989,1890999,2,"Xal'atath's Bargain: Ascendant, Fortified, Challenger's Peril, Tyrannical",Aurelionsol,Evoker,Preservation,healer,Whisperwind
987,332.6,303665410,10,Mists of Tirna Scithe,2024-10-29T17:43:59.000Z,1257989,1890999,2,"Xal'atath's Bargain: Ascendant, Fortified, Challenger's Peril, Tyrannical",Didi,Warrior,Arms,dps,Quel'dorei
987,332.6,303665410,10,Mists of Tirna Scithe,2024-10-29T17:43:59.000Z,1257989,1890999,2,"Xal'atath's Bargain: Ascendant, Fortified, Challenger's Peril, Tyrannical",天譴四騎士,Demon Hunter,Vengeance,tank,Quel'dorei
987,332.6,303665410,10,Mists of Tirna Scithe,2024-10-29T17:43:59.000Z,1257989,1890999,2,"Xal'atath's Bargain: Ascendant, Fortified, Challenger's Peril, Tyrannical",肉堆,Druid,Balance,dps,Shadowmoon
988,332.5,307293768,10,Mists of Tirna Scithe,2024-11-15T10:01:03.000Z,1259711,1890999,2,"Xal'atath's Bargain: Ascendant, Tyrannical, Challenger's Peril, Fortified",龍奈雅焰靈,Evoker,Devastation,dps,Nightsong
988,332.5,307293768,10,Mists of Tirna Scithe,2024-11-15T10:01:03.000Z,1259711,1890999,2,"Xal'atath's Bargain: Ascendant, Tyrannical, Challenger's Peril, Fortified",墨角,Warrior,Protection,tank,Bleeding Hollow
988,332.5,307293768,10,Mists of Tirna Scithe,2024-11-15T10:01:03.000Z,1259711,1890999,2,"Xal'atath's Bargain: Ascendant, Tyrannical, Challenger's Peril, Fortified",小語漾,Monk,Mistweaver,healer,Nightsong
988,332.5,307293768,10,Mists of Tirna Scithe,2024-11-15T10:01:03.000Z,1259711,1890999,2,"Xal'atath's Bargain: Ascendant, Tyrannical, Challenger's Peril, Fortified",哈鄚,Rogue,Assassination,dps,Nightsong
988,332.5,307293768,10,Mists of Tirna Scithe,2024-11-15T10:01:03.000Z,1259711,1890999,2,"Xal'atath's Bargain: Ascendant, Tyrannical, Challenger's Peril, Fortified",辉术,Warlock,Destruction,dps,Shadowmoon
989,332.5,307174798,10,Mists of Tirna Scithe,2024-11-14T16:49:09.000Z,1261975,1890999,2,"Xal'atath's Bargain: Ascendant, Tyrannical, Challenger's Peril, Fortified",Ninobaby,Paladin,Protection,tank,Whisperwind
989,332.5,307174798,10,Mists of Tirna Scithe,2024-11-14T16:49:09.000Z,1261975,1890999,2,"Xal'atath's Bargain: Ascendant, Tyrannical, Challenger's Peril, Fortified",Ching,Priest,Discipline,healer,Quel'dorei
989,332.5,307174798,10,Mists of Tirna Scithe,2024-11-14T16:49:09.000Z,1261975,1890999,2,"Xal'atath's Bargain: Ascendant, Tyrannical, Challenger's Peril, Fortified",Limerence,Priest,Shadow,dps,Hellscream
989,332.5,307174798,10,Mists of Tirna Scithe,2024-11-14T16:49:09.000Z,1261975,1890999,2,"Xal'atath's Bargain: Ascendant, Tyrannical, Challenger's Peril, Fortified",Røzasm,Shaman,Enhancement,dps,Whisperwind
989,332.5,307174798,10,Mists of Tirna Scithe,2024-11-14T16:49:09.000Z,1261975,1890999,2,"Xal'atath's Bargain: Ascendant, Tyrannical, Challenger's Peril, Fortified",Rorozz,Paladin,Retribution,dps,Shadowmoon
990,332.5,307312610,10,Mists of Tirna Scithe,2024-11-15T13:26:47.000Z,1263013,1890999,2,"Xal'atath's Bargain: Ascendant, Tyrannical, Challenger's Peril, Fortified",處女之夜,Priest,Discipline,healer,Frostmane
990,332.5,307312610,10,Mists of Tirna Scithe,2024-11-15T13:26:47.000Z,1263013,1890999,2,"Xal'atath's Bargain: Ascendant, Tyrannical, Challenger's Peril, Fortified",Azur,Paladin,Protection,tank,Bleeding Hollow
990,332.5,307312610,10,Mists of Tirna Scithe,2024-11-15T13:26:47.000Z,1263013,1890999,2,"Xal'atath's Bargain: Ascendant, Tyrannical, Challenger's Peril, Fortified",Bonbon,Paladin,Retribution,dps,Nightsong
990,332.5,307312610,10,Mists of Tirna Scithe,2024-11-15T13:26:47.000Z,1263013,1890999,2,"Xal'atath's Bargain: Ascendant, Tyrannical, Challenger's Peril, Fortified",哈鄚,Rogue,Assassination,dps,Nightsong
990,332.5,307312610,10,Mists of Tirna Scithe,2024-11-15T13:26:47.000Z,1263013,1890999,2,"Xal'atath's Bargain: Ascendant, Tyrannical, Challenger's Peril, Fortified",Hsiuu,Evoker,Augmentation,dps,Nightsong
991,332.4,308078798,10,Mists of Tirna Scithe,2024-11-18T15:30:47.000Z,1263388,1890999,2,"Xal'atath's Bargain: Ascendant, Tyrannical, Challenger's Peril, Fortified",朝陽哥,Priest,Discipline,healer,World Tree
991,332.4,308078798,10,Mists of Tirna Scithe,2024-11-18T15:30:47.000Z,1263388,1890999,2,"Xal'atath's Bargain: Ascendant, Tyrannical, Challenger's Peril, Fortified",很大雙頭龍,Evoker,Devastation,dps,Nightsong
991,332.4,308078798,10,Mists of Tirna Scithe,2024-11-18T15:30:47.000Z,1263388,1890999,2,"Xal'atath's Bargain: Ascendant, Tyrannical, Challenger's Peril, Fortified",中和角蛙,Death Knight,Blood,tank,Nightsong
991,332.4,308078798,10,Mists of Tirna Scithe,2024-11-18T15:30:47.000Z,1263388,1890999,2,"Xal'atath's Bargain: Ascendant, Tyrannical, Challenger's Peril, Fortified",隨水,Druid,Balance,dps,World Tree
991,332.4,308078798,10,Mists of Tirna Scithe,2024-11-18T15:30:47.000Z,1263388,1890999,2,"Xal'atath's Bargain: Ascendant, Tyrannical, Challenger's Peril, Fortified",Daveshaman,Shaman,Enhancement,dps,Nightsong
992,332.4,307148682,10,Mists of Tirna Scithe,2024-11-14T12:07:56.000Z,1263948,1890999,2,"Xal'atath's Bargain: Ascendant, Tyrannical, Challenger's Peril, Fortified",夜半色狼,Rogue,Assassination,dps,Demon Fall Canyon
992,332.4,307148682,10,Mists of Tirna Scithe,2024-11-14T12:07:56.000Z,1263948,1890999,2,"Xal'atath's Bargain: Ascendant, Tyrannical, Challenger's Peril, Fortified",天上有箭,Hunter,Survival,dps,Sundown Marsh
992,332.4,307148682,10,Mists of Tirna Scithe,2024-11-14T12:07:56.000Z,1263948,1890999,2,"Xal'atath's Bargain: Ascendant, Tyrannical, Challenger's Peril, Fortified",她和他,Druid,Balance,dps,Demon Fall Canyon
992,332.4,307148682,10,Mists of Tirna Scithe,2024-11-14T12:07:56.000Z,1263948,1890999,2,"Xal'atath's Bargain: Ascendant, Tyrannical, Challenger's Peril, Fortified",來自明天的汝,Paladin,Protection,tank,Nightsong
992,332.4,307148682,10,Mists of Tirna Scithe,2024-11-14T12:07:56.000Z,1263948,1890999,2,"Xal'atath's Bargain: Ascendant, Tyrannical, Challenger's Peril, Fortified",布莉姬特,Shaman,Restoration,healer,Sundown Marsh
993,332.4,308071454,10,Mists of Tirna Scithe,2024-11-19T10:11:18.000Z,1264550,1890999,2,"Xal'atath's Bargain: Ascendant, Tyrannical, Challenger's Peril, Fortified",殤痕羽,Demon Hunter,Havoc,dps,Shadowmoon
993,332.4,308071454,10,Mists of Tirna Scithe,2024-11-19T10:11:18.000Z,1264550,1890999,2,"Xal'atath's Bargain: Ascendant, Tyrannical, Challenger's Peril, Fortified",想不到改什麼,Demon Hunter,Vengeance,tank,Frostmane
993,332.4,308071454,10,Mists of Tirna Scithe,2024-11-19T10:11:18.000Z,1264550,1890999,2,"Xal'atath's Bargain: Ascendant, Tyrannical, Challenger's Peril, Fortified",烮豹,Hunter,Survival,dps,Dragonmaw
993,332.4,308071454,10,Mists of Tirna Scithe,2024-11-19T10:11:18.000Z,1264550,1890999,2,"Xal'atath's Bargain: Ascendant, Tyrannical, Challenger's Peril, Fortified",Ruisikii,Priest,Discipline,healer,Chillwind Point
993,332.4,308071454,10,Mists of Tirna Scithe,2024-11-19T10:11:18.000Z,1264550,1890999,2,"Xal'atath's Bargain: Ascendant, Tyrannical, Challenger's Peril, Fortified",Miffy,Druid,Balance,dps,Spirestone
994,332.4,303428274,10,Mists of Tirna Scithe,2024-10-28T15:35:47.000Z,1265384,1890999,2,"Xal'atath's Bargain: Ascendant, Fortified, Challenger's Peril, Tyrannical",肥龍飛高高,Priest,Holy,healer,Sundown Marsh
994,332.4,303428274,10,Mists of Tirna Scithe,2024-10-28T15:35:47.000Z,1265384,1890999,2,"Xal'atath's Bargain: Ascendant, Fortified, Challenger's Peril, Tyrannical",星街彗星,Shaman,Enhancement,dps,Whisperwind
994,332.4,303428274,10,Mists of Tirna Scithe,2024-10-28T15:35:47.000Z,1265384,1890999,2,"Xal'atath's Bargain: Ascendant, Fortified, Challenger's Peril, Tyrannical",瓏澤蘿拉,Evoker,Augmentation,dps,Hellscream
994,332.4,303428274,10,Mists of Tirna Scithe,2024-10-28T15:35:47.000Z,1265384,1890999,2,"Xal'atath's Bargain: Ascendant, Fortified, Challenger's Peril, Tyrannical",森山大道,Monk,Brewmaster,tank,Quel'dorei
994,332.4,303428274,10,Mists of Tirna Scithe,2024-10-28T15:35:47.000Z,1265384,1890999,2,"Xal'atath's Bargain: Ascendant, Fortified, Challenger's Peril, Tyrannical",死柄木弔,Death Knight,Frost,dps,Arthas
995,332.4,307182261,10,Mists of Tirna Scithe,2024-11-14T17:38:51.000Z,1265584,1890999,2,"Xal'atath's Bargain: Ascendant, Tyrannical, Challenger's Peril, Fortified",Taengsic,Priest,Shadow,dps,Wrathbringer
995,332.4,307182261,10,Mists of Tirna Scithe,2024-11-14T17:38:51.000Z,1265584,1890999,2,"Xal'atath's Bargain: Ascendant, Tyrannical, Challenger's Peril, Fortified",Misu,Shaman,Enhancement,dps,Wrathbringer
995,332.4,307182261,10,Mists of Tirna Scithe,2024-11-14T17:38:51.000Z,1265584,1890999,2,"Xal'atath's Bargain: Ascendant, Tyrannical, Challenger's Peril, Fortified",睡之魔,Druid,Restoration,healer,Crystalpine Stinger
995,332.4,307182261,10,Mists of Tirna Scithe,2024-11-14T17:38:51.000Z,1265584,1890999,2,"Xal'atath's Bargain: Ascendant, Tyrannical, Challenger's Peril, Fortified",萌萌的蕾希,Monk,Brewmaster,tank,Wrathbringer
995,332.4,307182261,10,Mists of Tirna Scithe,2024-11-14T17:38:51.000Z,1265584,1890999,2,"Xal'atath's Bargain: Ascendant, Tyrannical, Challenger's Peril, Fortified",石九公,Death Knight,Frost,dps,Spirestone
996,332.4,307549832,10,Mists of Tirna Scithe,2024-11-16T18:49:41.000Z,1266068,1890999,2,"Xal'atath's Bargain: Ascendant, Tyrannical, Challenger's Peril, Fortified",Swiftykiwi,Priest,Discipline,healer,Sundown Marsh
996,332.4,307549832,10,Mists of Tirna Scithe,2024-11-16T18:49:41.000Z,1266068,1890999,2,"Xal'atath's Bargain: Ascendant, Tyrannical, Challenger's Peril, Fortified",艾斯克特,Warlock,Demonology,dps,Arthas
996,332.4,307549832,10,Mists of Tirna Scithe,2024-11-16T18:49:41.000Z,1266068,1890999,2,"Xal'atath's Bargain: Ascendant, Tyrannical, Challenger's Peril, Fortified",紫龍雪,Evoker,Devastation,dps,Wrathbringer
996,332.4,307549832,10,Mists of Tirna Scithe,2024-11-16T18:49:41.000Z,1266068,1890999,2,"Xal'atath's Bargain: Ascendant, Tyrannical, Challenger's Peril, Fortified",月紜花嫣,Druid,Guardian,tank,Whisperwind
996,332.4,307549832,10,Mists of Tirna Scithe,2024-11-16T18:49:41.000Z,1266068,1890999,2,"Xal'atath's Bargain: Ascendant, Tyrannical, Challenger's Peril, Fortified",紫夜花舞,Demon Hunter,Havoc,dps,Whisperwind
997,332.4,307726082,10,Mists of Tirna Scithe,2024-11-17T14:47:03.000Z,1267350,1890999,2,"Xal'atath's Bargain: Ascendant, Tyrannical, Challenger's Peril, Fortified",Xonn,Priest,Discipline,healer,Bleeding Hollow
997,332.4,307726082,10,Mists of Tirna Scithe,2024-11-17T14:47:03.000Z,1267350,1890999,2,"Xal'atath's Bargain: Ascendant, Tyrannical, Challenger's Peril, Fortified",夜芯,Hunter,Survival,dps,Bleeding Hollow
997,332.4,307726082,10,Mists of Tirna Scithe,2024-11-17T14:47:03.000Z,1267350,1890999,2,"Xal'atath's Bargain: Ascendant, Tyrannical, Challenger's Peril, Fortified",心之刃,Paladin,Retribution,dps,Shadowmoon
997,332.4,307726082,10,Mists of Tirna Scithe,2024-11-17T14:47:03.000Z,1267350,1890999,2,"Xal'atath's Bargain: Ascendant, Tyrannical, Challenger's Peril, Fortified",幻化哒,Warrior,Fury,dps,Shadowmoon
997,332.4,307726082,10,Mists of Tirna Scithe,2024-11-17T14:47:03.000Z,1267350,1890999,2,"Xal'atath's Bargain: Ascendant, Tyrannical, Challenger's Peril, Fortified",神之一陽指,Paladin,Protection,tank,Crystalpine Stinger
998,332.3,303393121,10,Mists of Tirna Scithe,2024-10-28T09:54:29.000Z,1268902,1890999,2,"Xal'atath's Bargain: Ascendant, Fortified, Challenger's Peril, Tyrannical",帶帶李老八,Hunter,Survival,dps,Shadowmoon
998,332.3,303393121,10,Mists of Tirna Scithe,2024-10-28T09:54:29.000Z,1268902,1890999,2,"Xal'atath's Bargain: Ascendant, Fortified, Challenger's Peril, Tyrannical",Joeybae,Paladin,Retribution,dps,Demon Fall Canyon
998,332.3,303393121,10,Mists of Tirna Scithe,2024-10-28T09:54:29.000Z,1268902,1890999,2,"Xal'atath's Bargain: Ascendant, Fortified, Challenger's Peril, Tyrannical",Enchyi,Priest,Holy,healer,Wrathbringer
998,332.3,303393121,10,Mists of Tirna Scithe,2024-10-28T09:54:29.000Z,1268902,1890999,2,"Xal'atath's Bargain: Ascendant, Fortified, Challenger's Peril, Tyrannical",肉肉文宏,Druid,Balance,dps,Wrathbringer
998,332.3,303393121,10,Mists of Tirna Scithe,2024-10-28T09:54:29.000Z,1268902,1890999,2,"Xal'atath's Bargain: Ascendant, Fortified, Challenger's Peril, Tyrannical",萬神論劍,Warrior,Protection,tank,Arygos
999,332.3,307657607,10,Mists of Tirna Scithe,2024-11-17T04:41:20.000Z,1269800,1890999,2,"Xal'atath's Bargain: Ascendant, Tyrannical, Challenger's Peril, Fortified",蒔月,Warrior,Arms,dps,Sundown Marsh
999,332.3,307657607,10,Mists of Tirna Scithe,2024-11-17T04:41:20.000Z,1269800,1890999,2,"Xal'atath's Bargain: Ascendant, Tyrannical, Challenger's Peril, Fortified",蹦蹦,Warlock,Destruction,dps,Shadowmoon
999,332.3,307657607,10,Mists of Tirna Scithe,2024-11-17T04:41:20.000Z,1269800,1890999,2,"Xal'atath's Bargain: Ascendant, Tyrannical, Challenger's Peril, Fortified",嘉神川諾艾兒,Shaman,Restoration,healer,Icecrown
999,332.3,307657607,10,Mists of Tirna Scithe,2024-11-17T04:41:20.000Z,1269800,1890999,2,"Xal'atath's Bargain: Ascendant, Tyrannical, Challenger's Peril, Fortified",梧桐影牧,Warrior,Protection,tank,Shadowmoon
999,332.3,307657607,10,Mists of Tirna Scithe,2024-11-17T04:41:20.000Z,1269800,1890999,2,"Xal'atath's Bargain: Ascendant, Tyrannical, Challenger's Peril, Fortified",生猛小趴菜,Paladin,Retribution,dps,Menethil
1000,332.3,308437967,10,Mists of Tirna Scithe,2024-11-20T14:33:40.000Z,1270157,1890999,2,"Xal'atath's Bargain: Ascendant, Tyrannical, Challenger's Peril, Fortified",捲捲緋,Priest,Discipline,healer,Arthas
1000,332.3,308437967,10,Mists of Tirna Scithe,2024-11-20T14:33:40.000Z,1270157,1890999,2,"Xal'atath's Bargain: Ascendant, Tyrannical, Challenger's Peril, Fortified",大芙尼,Paladin,Protection,tank,Arthas
1000,332.3,308437967,10,Mists of Tirna Scithe,2024-11-20T14:33:40.000Z,1270157,1890999,2,"Xal'atath's Bargain: Ascendant, Tyrannical, Challenger's Peril, Fortified",別叫我輸出,Mage,Frost,dps,Sundown Marsh
1000,332.3,308437967,10,Mists of Tirna Scithe,2024-11-20T14:33:40.000Z,1270157,1890999,2,"Xal'atath's Bargain: Ascendant, Tyrannical, Challenger's Peril, Fortified",滿足,Rogue,Assassination,dps,Silverwing Hold
1000,332.3,308437967,10,Mists of Tirna Scithe,2024-11-20T14:33:40.000Z,1270157,1890999,2,"Xal'atath's Bargain: Ascendant, Tyrannical, Challenger's Peril, Fortified",Redwarlock,Death Knight,Frost,dps,Arthas
1001,332.3,308081301,10,Mists of Tirna Scithe,2024-11-19T12:51:15.000Z,1270213,1890999,2,"Xal'atath's Bargain: Ascendant, Tyrannical, Challenger's Peril, Fortified",犬塚,Monk,Mistweaver,healer,Bleeding Hollow
1001,332.3,308081301,10,Mists of Tirna Scithe,2024-11-19T12:51:15.000Z,1270213,1890999,2,"Xal'atath's Bargain: Ascendant, Tyrannical, Challenger's Peril, Fortified",墨瞳,Demon Hunter,Vengeance,tank,Crystalpine Stinger
1001,332.3,308081301,10,Mists of Tirna Scithe,2024-11-19T12:51:15.000Z,1270213,1890999,2,"Xal'atath's Bargain: Ascendant, Tyrannical, Challenger's Peril, Fortified",落敗姬騎士,Paladin,Retribution,dps,Crystalpine Stinger
1001,332.3,308081301,10,Mists of Tirna Scithe,2024-11-19T12:51:15.000Z,1270213,1890999,2,"Xal'atath's Bargain: Ascendant, Tyrannical, Challenger's Peril, Fortified",假面,Rogue,Assassination,dps,Crystalpine Stinger
1001,332.3,308081301,10,Mists of Tirna Scithe,2024-11-19T12:51:15.000Z,1270213,1890999,2,"Xal'atath's Bargain: Ascendant, Tyrannical, Challenger's Peril, Fortified",渡邊幽靈狼,Shaman,Elemental,dps,Sundown Marsh
1002,332.3,300187087,10,Mists of Tirna Scithe,2024-11-20T16:44:33.000Z,1270400,1890999,2,"Xal'atath's Bargain: Ascendant, Tyrannical, Challenger's Peril, Fortified",柳橙丁,Mage,Frost,dps,Zealot Blade
1002,332.3,300187087,10,Mists of Tirna Scithe,2024-11-20T16:44:33.000Z,1270400,1890999,2,"Xal'atath's Bargain: Ascendant, Tyrannical, Challenger's Peril, Fortified",小印,Shaman,Restoration,healer,Arygos
1002,332.3,300187087,10,Mists of Tirna Scithe,2024-11-20T16:44:33.000Z,1270400,1890999,2,"Xal'atath's Bargain: Ascendant, Tyrannical, Challenger's Peril, Fortified",血騎熊貓,Death Knight,Unholy,dps,Arygos
1002,332.3,300187087,10,Mists of Tirna Scithe,2024-11-20T16:44:33.000Z,1270400,1890999,2,"Xal'atath's Bargain: Ascendant, Tyrannical, Challenger's Peril, Fortified",龍餘,Evoker,Augmentation,dps,Arygos
1002,332.3,300187087,10,Mists of Tirna Scithe,2024-11-20T16:44:33.000Z,1270400,1890999,2,"Xal'atath's Bargain: Ascendant, Tyrannical, Challenger's Peril, Fortified",絳鳶,Paladin,Protection,tank,Arygos
1003,332.3,308111024,10,Mists of Tirna Scithe,2024-11-19T16:55:15.000Z,1272834,1890999,2,"Xal'atath's Bargain: Ascendant, Tyrannical, Challenger's Peril, Fortified",山里大叔,Hunter,Beast Mastery,dps,World Tree
1003,332.3,308111024,10,Mists of Tirna Scithe,2024-11-19T16:55:15.000Z,1272834,1890999,2,"Xal'atath's Bargain: Ascendant, Tyrannical, Challenger's Peril, Fortified",幽暝君主,Death Knight,Frost,dps,Sundown Marsh
1003,332.3,308111024,10,Mists of Tirna Scithe,2024-11-19T16:55:15.000Z,1272834,1890999,2,"Xal'atath's Bargain: Ascendant, Tyrannical, Challenger's Peril, Fortified",Modbblue,Shaman,Restoration,healer,Arthas
1003,332.3,308111024,10,Mists of Tirna Scithe,2024-11-19T16:55:15.000Z,1272834,1890999,2,"Xal'atath's Bargain: Ascendant, Tyrannical, Challenger's Peril, Fortified",幽默小黃人,Rogue,Assassination,dps,Arthas
1003,332.3,308111024,10,Mists of Tirna Scithe,2024-11-19T16:55:15.000Z,1272834,1890999,2,"Xal'atath's Bargain: Ascendant, Tyrannical, Challenger's Peril, Fortified",擺久蛤蠣,Paladin,Protection,tank,Dragonmaw
1004,332.3,308277380,10,Mists of Tirna Scithe,2024-11-20T07:03:50.000Z,1272981,1890999,2,"Xal'atath's Bargain: Ascendant, Tyrannical, Challenger's Peril, Fortified",月色琉璃,Shaman,Restoration,healer,Shadowmoon
1004,332.3,308277380,10,Mists of Tirna Scithe,2024-11-20T07:03:50.000Z,1272981,1890999,2,"Xal'atath's Bargain: Ascendant, Tyrannical, Challenger's Peril, Fortified",Swickiepld,Paladin,Retribution,dps,Demon Fall Canyon
1004,332.3,308277380,10,Mists of Tirna Scithe,2024-11-20T07:03:50.000Z,1272981,1890999,2,"Xal'atath's Bargain: Ascendant, Tyrannical, Challenger's Peril, Fortified",四季春茶,Druid,Balance,dps,Spirestone
1004,332.3,308277380,10,Mists of Tirna Scithe,2024-11-20T07:03:50.000Z,1272981,1890999,2,"Xal'atath's Bargain: Ascendant, Tyrannical, Challenger's Peril, Fortified",芝士黑森林,Hunter,Survival,dps,Nightsong
1004,332.3,308277380,10,Mists of Tirna Scithe,2024-11-20T07:03:50.000Z,1272981,1890999,2,"Xal'atath's Bargain: Ascendant, Tyrannical, Challenger's Peril, Fortified",屁飯,Monk,Brewmaster,tank,Sundown Marsh
1005,332.3,307344741,10,Mists of Tirna Scithe,2024-11-15T17:00:07.000Z,1273047,1890999,2,"Xal'atath's Bargain: Ascendant, Tyrannical, Challenger's Peril, Fortified",亨德冽克,Mage,Frost,dps,Chillwind Point
1005,332.3,307344741,10,Mists of Tirna Scithe,2024-11-15T17:00:07.000Z,1273047,1890999,2,"Xal'atath's Bargain: Ascendant, Tyrannical, Challenger's Peril, Fortified",陰森小桃,Paladin,Retribution,dps,Chillwind Point
1005,332.3,307344741,10,Mists of Tirna Scithe,2024-11-15T17:00:07.000Z,1273047,1890999,2,"Xal'atath's Bargain: Ascendant, Tyrannical, Challenger's Peril, Fortified",安飛-167972697,Rogue,Assassination,dps,Wrathbringer
1005,332.3,307344741,10,Mists of Tirna Scithe,2024-11-15T17:00:07.000Z,1273047,1890999,2,"Xal'atath's Bargain: Ascendant, Tyrannical, Challenger's Peril, Fortified",陳橘,Druid,Guardian,tank,Icecrown
1005,332.3,307344741,10,Mists of Tirna Scithe,2024-11-15T17:00:07.000Z,1273047,1890999,2,"Xal'atath's Bargain: Ascendant, Tyrannical, Challenger's Peril, Fortified",豬柳包,Priest,Discipline,healer,Crystalpine Stinger
1006,332.3,307318798,10,Mists of Tirna Scithe,2024-11-15T14:05:35.000Z,1273107,1890999,2,"Xal'atath's Bargain: Ascendant, Tyrannical, Challenger's Peril, Fortified",你爹,Mage,Arcane,dps,Silverwing Hold
1006,332.3,307318798,10,Mists of Tirna Scithe,2024-11-15T14:05:35.000Z,1273107,1890999,2,"Xal'atath's Bargain: Ascendant, Tyrannical, Challenger's Peril, Fortified",尤爾薩克,Shaman,Enhancement,dps,Silverwing Hold
1006,332.3,307318798,10,Mists of Tirna Scithe,2024-11-15T14:05:35.000Z,1273107,1890999,2,"Xal'atath's Bargain: Ascendant, Tyrannical, Challenger's Peril, Fortified",試玩一下,Druid,Restoration,healer,Spirestone
1006,332.3,307318798,10,Mists of Tirna Scithe,2024-11-15T14:05:35.000Z,1273107,1890999,2,"Xal'atath's Bargain: Ascendant, Tyrannical, Challenger's Peril, Fortified",Jibril,Demon Hunter,Vengeance,tank,Sundown Marsh
1006,332.3,307318798,10,Mists of Tirna Scithe,2024-11-15T14:05:35.000Z,1273107,1890999,2,"Xal'atath's Bargain: Ascendant, Tyrannical, Challenger's Peril, Fortified",特列斯,Death Knight,Unholy,dps,Sundown Marsh
1007,332.2,307519010,10,Mists of Tirna Scithe,2024-11-16T15:16:12.000Z,1273761,1890999,2,"Xal'atath's Bargain: Ascendant, Tyrannical, Challenger's Peril, Fortified",Azzinohsien,Demon Hunter,Havoc,dps,Sundown Marsh
1007,332.2,307519010,10,Mists of Tirna Scithe,2024-11-16T15:16:12.000Z,1273761,1890999,2,"Xal'atath's Bargain: Ascendant, Tyrannical, Challenger's Peril, Fortified",Pi,Priest,Discipline,healer,Arygos
1007,332.2,307519010,10,Mists of Tirna Scithe,2024-11-16T15:16:12.000Z,1273761,1890999,2,"Xal'atath's Bargain: Ascendant, Tyrannical, Challenger's Peril, Fortified",Palawalker,Paladin,Retribution,dps,Nightsong
1007,332.2,307519010,10,Mists of Tirna Scithe,2024-11-16T15:16:12.000Z,1273761,1890999,2,"Xal'atath's Bargain: Ascendant, Tyrannical, Challenger's Peril, Fortified",Herschel,Paladin,Protection,tank,Nightsong
1007,332.2,307519010,10,Mists of Tirna Scithe,2024-11-16T15:16:12.000Z,1273761,1890999,2,"Xal'atath's Bargain: Ascendant, Tyrannical, Challenger's Peril, Fortified",高倉健,Shaman,Elemental,dps,Dragonmaw
1008,332.2,302631815,10,Mists of Tirna Scithe,2024-10-25T07:33:20.000Z,1273866,1890999,2,"Xal'atath's Bargain: Ascendant, Fortified, Challenger's Peril, Tyrannical",戰是榮耀,Warrior,Protection,tank,Crystalpine Stinger
1008,332.2,302631815,10,Mists of Tirna Scithe,2024-10-25T07:33:20.000Z,1273866,1890999,2,"Xal'atath's Bargain: Ascendant, Fortified, Challenger's Peril, Tyrannical",Alivemax,Mage,Arcane,dps,Spirestone
1008,332.2,302631815,10,Mists of Tirna Scithe,2024-10-25T07:33:20.000Z,1273866,1890999,2,"Xal'atath's Bargain: Ascendant, Fortified, Challenger's Peril, Tyrannical",冰雪萌萌,Priest,Discipline,healer,Hellscream
1008,332.2,302631815,10,Mists of Tirna Scithe,2024-10-25T07:33:20.000Z,1273866,1890999,2,"Xal'atath's Bargain: Ascendant, Fortified, Challenger's Peril, Tyrannical",Alone,Hunter,Beast Mastery,dps,Quel'dorei
1008,332.2,302631815,10,Mists of Tirna Scithe,2024-10-25T07:33:20.000Z,1273866,1890999,2,"Xal'atath's Bargain: Ascendant, Fortified, Challenger's Peril, Tyrannical",雪花焉落時,Druid,Balance,dps,Nightsong
1009,332.2,308282761,10,Mists of Tirna Scithe,2024-11-20T14:52:53.000Z,1274071,1890999,2,"Xal'atath's Bargain: Ascendant, Tyrannical, Challenger's Peril, Fortified",阿爾佛雷德,Priest,Discipline,healer,Shadowmoon
1009,332.2,308282761,10,Mists of Tirna Scithe,2024-11-20T14:52:53.000Z,1274071,1890999,2,"Xal'atath's Bargain: Ascendant, Tyrannical, Challenger's Peril, Fortified",如璃百守,Paladin,Protection,tank,Shadowmoon
1009,332.2,308282761,10,Mists of Tirna Scithe,2024-11-20T14:52:53.000Z,1274071,1890999,2,"Xal'atath's Bargain: Ascendant, Tyrannical, Challenger's Peril, Fortified",Sstill,Warrior,Fury,dps,Wrathbringer
1009,332.2,308282761,10,Mists of Tirna Scithe,2024-11-20T14:52:53.000Z,1274071,1890999,2,"Xal'atath's Bargain: Ascendant, Tyrannical, Challenger's Peril, Fortified",天神道,Death Knight,Frost,dps,Shadowmoon
1009,332.2,308282761,10,Mists of Tirna Scithe,2024-11-20T14:52:53.000Z,1274071,1890999,2,"Xal'atath's Bargain: Ascendant, Tyrannical, Challenger's Peril, Fortified",樂町鴨,Shaman,Enhancement,dps,Whisperwind
1010,332.2,307129986,10,Mists of Tirna Scithe,2024-11-14T08:01:41.000Z,1274358,1890999,2,"Xal'atath's Bargain: Ascendant, Tyrannical, Challenger's Peril, Fortified",我倒,Mage,Frost,dps,Crystalpine Stinger
1010,332.2,307129986,10,Mists of Tirna Scithe,2024-11-14T08:01:41.000Z,1274358,1890999,2,"Xal'atath's Bargain: Ascendant, Tyrannical, Challenger's Peril, Fortified",Helios,Druid,Balance,dps,Silverwing Hold
1010,332.2,307129986,10,Mists of Tirna Scithe,2024-11-14T08:01:41.000Z,1274358,1890999,2,"Xal'atath's Bargain: Ascendant, Tyrannical, Challenger's Peril, Fortified",想念狂徒,Rogue,Assassination,dps,Sundown Marsh
1010,332.2,307129986,10,Mists of Tirna Scithe,2024-11-14T08:01:41.000Z,1274358,1890999,2,"Xal'atath's Bargain: Ascendant, Tyrannical, Challenger's Peril, Fortified",蒼天疾驅,Demon Hunter,Vengeance,tank,Bleeding Hollow
1010,332.2,307129986,10,Mists of Tirna Scithe,2024-11-14T08:01:41.000Z,1274358,1890999,2,"Xal'atath's Bargain: Ascendant, Tyrannical, Challenger's Peril, Fortified",洛葵,Priest,Discipline,healer,Silverwing Hold
1011,332.2,303845415,10,Mists of Tirna Scithe,2024-10-30T14:33:00.000Z,1274719,1890999,2,"Xal'atath's Bargain: Ascendant, Fortified, Challenger's Peril, Tyrannical",風怒澎湃,Shaman,Restoration,healer,Silverwing Hold
1011,332.2,303845415,10,Mists of Tirna Scithe,2024-10-30T14:33:00.000Z,1274719,1890999,2,"Xal'atath's Bargain: Ascendant, Fortified, Challenger's Peril, Tyrannical",煉奶,Paladin,Retribution,dps,Sundown Marsh
1011,332.2,303845415,10,Mists of Tirna Scithe,2024-10-30T14:33:00.000Z,1274719,1890999,2,"Xal'atath's Bargain: Ascendant, Fortified, Challenger's Peril, Tyrannical",零下幾分鐘,Hunter,Survival,dps,Sundown Marsh
1011,332.2,303845415,10,Mists of Tirna Scithe,2024-10-30T14:33:00.000Z,1274719,1890999,2,"Xal'atath's Bargain: Ascendant, Fortified, Challenger's Peril, Tyrannical",染頭肥鬼,Shaman,Elemental,dps,Sundown Marsh
1011,332.2,303845415,10,Mists of Tirna Scithe,2024-10-30T14:33:00.000Z,1274719,1890999,2,"Xal'atath's Bargain: Ascendant, Fortified, Challenger's Peril, Tyrannical",光鑄史瓦羅,Paladin,Protection,tank,Arygos
1012,332.2,307315448,10,Mists of Tirna Scithe,2024-11-15T13:54:28.000Z,1274881,1890999,2,"Xal'atath's Bargain: Ascendant, Tyrannical, Challenger's Peril, Fortified",蘇夏,Evoker,Augmentation,dps,Menethil
1012,332.2,307315448,10,Mists of Tirna Scithe,2024-11-15T13:54:28.000Z,1274881,1890999,2,"Xal'atath's Bargain: Ascendant, Tyrannical, Challenger's Peril, Fortified",Jondhwick,Warrior,Fury,dps,Sundown Marsh
1012,332.2,307315448,10,Mists of Tirna Scithe,2024-11-15T13:54:28.000Z,1274881,1890999,2,"Xal'atath's Bargain: Ascendant, Tyrannical, Challenger's Peril, Fortified",陌九,Druid,Balance,dps,Frostmane
1012,332.2,307315448,10,Mists of Tirna Scithe,2024-11-15T13:54:28.000Z,1274881,1890999,2,"Xal'atath's Bargain: Ascendant, Tyrannical, Challenger's Peril, Fortified",Dman,Shaman,Restoration,healer,Arthas
1012,332.2,307315448,10,Mists of Tirna Scithe,2024-11-15T13:54:28.000Z,1274881,1890999,2,"Xal'atath's Bargain: Ascendant, Tyrannical, Challenger's Peril, Fortified",我愛冬天約會,Paladin,Protection,tank,Crystalpine Stinger
1013,332.2,303621027,10,Mists of Tirna Scithe,2024-10-28T20:23:54.000Z,1275026,1890999,2,"Xal'atath's Bargain: Ascendant, Fortified, Challenger's Peril, Tyrannical",Acq,Paladin,Retribution,dps,Nightsong
1013,332.2,303621027,10,Mists of Tirna Scithe,2024-10-28T20:23:54.000Z,1275026,1890999,2,"Xal'atath's Bargain: Ascendant, Fortified, Challenger's Peril, Tyrannical",Ellyrose,Warlock,Demonology,dps,Nightsong
1013,332.2,303621027,10,Mists of Tirna Scithe,2024-10-28T20:23:54.000Z,1275026,1890999,2,"Xal'atath's Bargain: Ascendant, Fortified, Challenger's Peril, Tyrannical",艾默瑞斯,Hunter,Survival,dps,Nightsong
1013,332.2,303621027,10,Mists of Tirna Scithe,2024-10-28T20:23:54.000Z,1275026,1890999,2,"Xal'atath's Bargain: Ascendant, Fortified, Challenger's Peril, Tyrannical",橘橙曦,Druid,Restoration,healer,Nightsong
1013,332.2,303621027,10,Mists of Tirna Scithe,2024-10-28T20:23:54.000Z,1275026,1890999,2,"Xal'atath's Bargain: Ascendant, Fortified, Challenger's Peril, Tyrannical",酷拉皮卡,Druid,Guardian,tank,Stormscale
1014,332.2,302530934,10,Mists of Tirna Scithe,2024-10-24T18:57:07.000Z,1276257,1890999,2,"Xal'atath's Bargain: Ascendant, Fortified, Challenger's Peril, Tyrannical",魚販,Rogue,Assassination,dps,Spirestone
1014,332.2,302530934,10,Mists of Tirna Scithe,2024-10-24T18:57:07.000Z,1276257,1890999,2,"Xal'atath's Bargain: Ascendant, Fortified, Challenger's Peril, Tyrannical",熾月,Druid,Balance,dps,Quel'dorei
1014,332.2,302530934,10,Mists of Tirna Scithe,2024-10-24T18:57:07.000Z,1276257,1890999,2,"Xal'atath's Bargain: Ascendant, Fortified, Challenger's Peril, Tyrannical",綾野夏澍,Shaman,Elemental,dps,Nightsong
1014,332.2,302530934,10,Mists of Tirna Scithe,2024-10-24T18:57:07.000Z,1276257,1890999,2,"Xal'atath's Bargain: Ascendant, Fortified, Challenger's Peril, Tyrannical",恐康康星人-227062783,Demon Hunter,Vengeance,tank,Nightsong
1014,332.2,302530934,10,Mists of Tirna Scithe,2024-10-24T18:57:07.000Z,1276257,1890999,2,"Xal'atath's Bargain: Ascendant, Fortified, Challenger's Peril, Tyrannical",淺若初雪,Shaman,Restoration,healer,Frostmane
1015,332.2,302886263,10,Mists of Tirna Scithe,2024-10-26T09:05:41.000Z,1277501,1890999,2,"Xal'atath's Bargain: Ascendant, Fortified, Challenger's Peril, Tyrannical",Aristarchus,Priest,Discipline,healer,Nightsong
1015,332.2,302886263,10,Mists of Tirna Scithe,2024-10-26T09:05:41.000Z,1277501,1890999,2,"Xal'atath's Bargain: Ascendant, Fortified, Challenger's Peril, Tyrannical",Vth,Hunter,Beast Mastery,dps,Nightsong
1015,332.2,302886263,10,Mists of Tirna Scithe,2024-10-26T09:05:41.000Z,1277501,1890999,2,"Xal'atath's Bargain: Ascendant, Fortified, Challenger's Peril, Tyrannical",Yeeii,Paladin,Retribution,dps,Wrathbringer
1015,332.2,302886263,10,Mists of Tirna Scithe,2024-10-26T09:05:41.000Z,1277501,1890999,2,"Xal'atath's Bargain: Ascendant, Fortified, Challenger's Peril, Tyrannical",Kitemonk,Monk,Brewmaster,tank,Nightsong
1015,332.2,302886263,10,Mists of Tirna Scithe,2024-10-26T09:05:41.000Z,1277501,1890999,2,"Xal'atath's Bargain: Ascendant, Fortified, Challenger's Peril, Tyrannical",高倉健,Shaman,Elemental,dps,Dragonmaw
1016,332.1,307907520,10,Mists of Tirna Scithe,2024-11-18T12:31:25.000Z,1279412,1890999,2,"Xal'atath's Bargain: Ascendant, Tyrannical, Challenger's Peril, Fortified",超級恢復機,Shaman,Elemental,dps,Arygos
1016,332.1,307907520,10,Mists of Tirna Scithe,2024-11-18T12:31:25.000Z,1279412,1890999,2,"Xal'atath's Bargain: Ascendant, Tyrannical, Challenger's Peril, Fortified",Salvadora,Priest,Discipline,healer,Zealot Blade
1016,332.1,307907520,10,Mists of Tirna Scithe,2024-11-18T12:31:25.000Z,1279412,1890999,2,"Xal'atath's Bargain: Ascendant, Tyrannical, Challenger's Peril, Fortified",筋衝蹦,Paladin,Retribution,dps,Chillwind Point
1016,332.1,307907520,10,Mists of Tirna Scithe,2024-11-18T12:31:25.000Z,1279412,1890999,2,"Xal'atath's Bargain: Ascendant, Tyrannical, Challenger's Peril, Fortified",童心未泯,Evoker,Augmentation,dps,Bleeding Hollow
1016,332.1,307907520,10,Mists of Tirna Scithe,2024-11-18T12:31:25.000Z,1279412,1890999,2,"Xal'atath's Bargain: Ascendant, Tyrannical, Challenger's Peril, Fortified",晴信,Warrior,Protection,tank,Wrathbringer
1017,332.1,308299389,10,Mists of Tirna Scithe,2024-11-20T16:14:56.000Z,1282736,1890999,2,"Xal'atath's Bargain: Ascendant, Tyrannical, Challenger's Peril, Fortified",我給忘了,Paladin,Retribution,dps,Arthas
1017,332.1,308299389,10,Mists of Tirna Scithe,2024-11-20T16:14:56.000Z,1282736,1890999,2,"Xal'atath's Bargain: Ascendant, Tyrannical, Challenger's Peril, Fortified",錦木千束,Monk,Mistweaver,healer,Quel'dorei
1017,332.1,308299389,10,Mists of Tirna Scithe,2024-11-20T16:14:56.000Z,1282736,1890999,2,"Xal'atath's Bargain: Ascendant, Tyrannical, Challenger's Peril, Fortified",綿峰,Hunter,Beast Mastery,dps,Arygos
1017,332.1,308299389,10,Mists of Tirna Scithe,2024-11-20T16:14:56.000Z,1282736,1890999,2,"Xal'atath's Bargain: Ascendant, Tyrannical, Challenger's Peril, Fortified",龍欸,Death Knight,Blood,tank,Arygos
1017,332.1,308299389,10,Mists of Tirna Scithe,2024-11-20T16:14:56.000Z,1282736,1890999,2,"Xal'atath's Bargain: Ascendant, Tyrannical, Challenger's Peril, Fortified",發糖,Warlock,Demonology,dps,Zealot Blade
1018,332,307723661,10,Mists of Tirna Scithe,2024-11-17T14:24:22.000Z,1283434,1890999,2,"Xal'atath's Bargain: Ascendant, Tyrannical, Challenger's Peril, Fortified",撞到電線杆,Shaman,Elemental,dps,Sundown Marsh
1018,332,307723661,10,Mists of Tirna Scithe,2024-11-17T14:24:22.000Z,1283434,1890999,2,"Xal'atath's Bargain: Ascendant, Tyrannical, Challenger's Peril, Fortified",火焰之槍,Warrior,Protection,tank,Chillwind Point
1018,332,307723661,10,Mists of Tirna Scithe,2024-11-17T14:24:22.000Z,1283434,1890999,2,"Xal'atath's Bargain: Ascendant, Tyrannical, Challenger's Peril, Fortified",雨的旋律,Priest,Holy,healer,Sundown Marsh
1018,332,307723661,10,Mists of Tirna Scithe,2024-11-17T14:24:22.000Z,1283434,1890999,2,"Xal'atath's Bargain: Ascendant, Tyrannical, Challenger's Peril, Fortified",大地炎黃,Paladin,Retribution,dps,Shadowmoon
1018,332,307723661,10,Mists of Tirna Scithe,2024-11-17T14:24:22.000Z,1283434,1890999,2,"Xal'atath's Bargain: Ascendant, Tyrannical, Challenger's Peril, Fortified",佐京光一,Rogue,Assassination,dps,Sundown Marsh
1019,332,307783019,10,Mists of Tirna Scithe,2024-11-17T19:14:13.000Z,1285047,1890999,2,"Xal'atath's Bargain: Ascendant, Tyrannical, Challenger's Peril, Fortified",一銀絲卷一,Monk,Mistweaver,healer,Shadowmoon
1019,332,307783019,10,Mists of Tirna Scithe,2024-11-17T19:14:13.000Z,1285047,1890999,2,"Xal'atath's Bargain: Ascendant, Tyrannical, Challenger's Peril, Fortified",萌兔,Warlock,Destruction,dps,Shadowmoon
1019,332,307783019,10,Mists of Tirna Scithe,2024-11-17T19:14:13.000Z,1285047,1890999,2,"Xal'atath's Bargain: Ascendant, Tyrannical, Challenger's Peril, Fortified",齁齁聖,Paladin,Protection,tank,Shadowmoon
1019,332,307783019,10,Mists of Tirna Scithe,2024-11-17T19:14:13.000Z,1285047,1890999,2,"Xal'atath's Bargain: Ascendant, Tyrannical, Challenger's Peril, Fortified",Tingsaman,Shaman,Elemental,dps,Shadowmoon
1019,332,307783019,10,Mists of Tirna Scithe,2024-11-17T19:14:13.000Z,1285047,1890999,2,"Xal'atath's Bargain: Ascendant, Tyrannical, Challenger's Peril, Fortified",尖尖哇嘎奈,Shaman,Enhancement,dps,Shadowmoon
1020,332,303876930,10,Mists of Tirna Scithe,2024-10-30T18:08:10.000Z,1285403,1890999,2,"Xal'atath's Bargain: Ascendant, Fortified, Challenger's Peril, Tyrannical",Pureladin,Paladin,Retribution,dps,Shadowmoon
1020,332,303876930,10,Mists of Tirna Scithe,2024-10-30T18:08:10.000Z,1285403,1890999,2,"Xal'atath's Bargain: Ascendant, Fortified, Challenger's Peril, Tyrannical",沙莫,Rogue,Assassination,dps,Wrathbringer
1020,332,303876930,10,Mists of Tirna Scithe,2024-10-30T18:08:10.000Z,1285403,1890999,2,"Xal'atath's Bargain: Ascendant, Fortified, Challenger's Peril, Tyrannical",Kuromii,Paladin,Retribution,dps,Nightsong
1020,332,303876930,10,Mists of Tirna Scithe,2024-10-30T18:08:10.000Z,1285403,1890999,2,"Xal'atath's Bargain: Ascendant, Fortified, Challenger's Peril, Tyrannical",八奈見杏菜,Warrior,Protection,tank,Nightsong
1020,332,303876930,10,Mists of Tirna Scithe,2024-10-30T18:08:10.000Z,1285403,1890999,2,"Xal'atath's Bargain: Ascendant, Fortified, Challenger's Peril, Tyrannical",臭臭皮包,Shaman,Restoration,healer,Menethil
1021,332,305542026,10,Mists of Tirna Scithe,2024-11-14T00:49:55.000Z,1285413,1890999,2,"Xal'atath's Bargain: Ascendant, Tyrannical, Challenger's Peril, Fortified",挖咖摸多,Death Knight,Blood,tank,Arygos
1021,332,305542026,10,Mists of Tirna Scithe,2024-11-14T00:49:55.000Z,1285413,1890999,2,"Xal'atath's Bargain: Ascendant, Tyrannical, Challenger's Peril, Fortified",Arskia,Shaman,Enhancement,dps,Arygos
1021,332,305542026,10,Mists of Tirna Scithe,2024-11-14T00:49:55.000Z,1285413,1890999,2,"Xal'atath's Bargain: Ascendant, Tyrannical, Challenger's Peril, Fortified",Jjay,Rogue,Assassination,dps,Arygos
1021,332,305542026,10,Mists of Tirna Scithe,2024-11-14T00:49:55.000Z,1285413,1890999,2,"Xal'atath's Bargain: Ascendant, Tyrannical, Challenger's Peril, Fortified",咪咪茆茆,Priest,Holy,healer,Arygos
1021,332,305542026,10,Mists of Tirna Scithe,2024-11-14T00:49:55.000Z,1285413,1890999,2,"Xal'atath's Bargain: Ascendant, Tyrannical, Challenger's Peril, Fortified",Saruei,Death Knight,Frost,dps,Arygos
1022,332,307472159,10,Mists of Tirna Scithe,2024-11-16T08:53:54.000Z,1285874,1890999,2,"Xal'atath's Bargain: Ascendant, Tyrannical, Challenger's Peril, Fortified",Loserz,Hunter,Survival,dps,Arthas
1022,332,307472159,10,Mists of Tirna Scithe,2024-11-16T08:53:54.000Z,1285874,1890999,2,"Xal'atath's Bargain: Ascendant, Tyrannical, Challenger's Peril, Fortified",秋憶楓嵐,Rogue,Assassination,dps,Arthas
1022,332,307472159,10,Mists of Tirna Scithe,2024-11-16T08:53:54.000Z,1285874,1890999,2,"Xal'atath's Bargain: Ascendant, Tyrannical, Challenger's Peril, Fortified",Einherjar,Warlock,Demonology,dps,Hellscream
1022,332,307472159,10,Mists of Tirna Scithe,2024-11-16T08:53:54.000Z,1285874,1890999,2,"Xal'atath's Bargain: Ascendant, Tyrannical, Challenger's Peril, Fortified",莉諾亞,Monk,Mistweaver,healer,Hellscream
1022,332,307472159,10,Mists of Tirna Scithe,2024-11-16T08:53:54.000Z,1285874,1890999,2,"Xal'atath's Bargain: Ascendant, Tyrannical, Challenger's Peril, Fortified",Haerin,Paladin,Protection,tank,Hellscream
1023,332,303462646,10,Mists of Tirna Scithe,2024-10-28T15:10:33.000Z,1286647,1890999,2,"Xal'atath's Bargain: Ascendant, Fortified, Challenger's Peril, Tyrannical",Bearen,Druid,Guardian,tank,Menethil
1023,332,303462646,10,Mists of Tirna Scithe,2024-10-28T15:10:33.000Z,1286647,1890999,2,"Xal'atath's Bargain: Ascendant, Fortified, Challenger's Peril, Tyrannical",吃飽沒,Mage,Frost,dps,Wrathbringer
1023,332,303462646,10,Mists of Tirna Scithe,2024-10-28T15:10:33.000Z,1286647,1890999,2,"Xal'atath's Bargain: Ascendant, Fortified, Challenger's Peril, Tyrannical",北走,Paladin,Retribution,dps,Spirestone
1023,332,303462646,10,Mists of Tirna Scithe,2024-10-28T15:10:33.000Z,1286647,1890999,2,"Xal'atath's Bargain: Ascendant, Fortified, Challenger's Peril, Tyrannical",綾野夏樹,Priest,Discipline,healer,Nightsong
1023,332,303462646,10,Mists of Tirna Scithe,2024-10-28T15:10:33.000Z,1286647,1890999,2,"Xal'atath's Bargain: Ascendant, Fortified, Challenger's Peril, Tyrannical",Hsudk,Death Knight,Frost,dps,Wrathbringer
1024,331.9,303401103,10,Mists of Tirna Scithe,2024-10-28T11:41:50.000Z,1288668,1890999,2,"Xal'atath's Bargain: Ascendant, Fortified, Challenger's Peril, Tyrannical",Cheryll,Warrior,Protection,tank,Sundown Marsh
1024,331.9,303401103,10,Mists of Tirna Scithe,2024-10-28T11:41:50.000Z,1288668,1890999,2,"Xal'atath's Bargain: Ascendant, Fortified, Challenger's Peril, Tyrannical",琉璃色的聖光,Paladin,Retribution,dps,Crystalpine Stinger
1024,331.9,303401103,10,Mists of Tirna Scithe,2024-10-28T11:41:50.000Z,1288668,1890999,2,"Xal'atath's Bargain: Ascendant, Fortified, Challenger's Peril, Tyrannical",七月半的荊棘,Hunter,Survival,dps,Shadowmoon
1024,331.9,303401103,10,Mists of Tirna Scithe,2024-10-28T11:41:50.000Z,1288668,1890999,2,"Xal'atath's Bargain: Ascendant, Fortified, Challenger's Peril, Tyrannical",玥段,Priest,Discipline,healer,Sundown Marsh
1024,331.9,303401103,10,Mists of Tirna Scithe,2024-10-28T11:41:50.000Z,1288668,1890999,2,"Xal'atath's Bargain: Ascendant, Fortified, Challenger's Peril, Tyrannical",凍結之風,Mage,Frost,dps,Crystalpine Stinger
1025,331.9,307301187,10,Mists of Tirna Scithe,2024-11-15T11:09:42.000Z,1288892,1890999,2,"Xal'atath's Bargain: Ascendant, Tyrannical, Challenger's Peril, Fortified",托比桑,Monk,Mistweaver,healer,Stormscale
1025,331.9,307301187,10,Mists of Tirna Scithe,2024-11-15T11:09:42.000Z,1288892,1890999,2,"Xal'atath's Bargain: Ascendant, Tyrannical, Challenger's Peril, Fortified",愛睏涅,Paladin,Protection,tank,Menethil
1025,331.9,307301187,10,Mists of Tirna Scithe,2024-11-15T11:09:42.000Z,1288892,1890999,2,"Xal'atath's Bargain: Ascendant, Tyrannical, Challenger's Peril, Fortified",撲街熊,Shaman,Elemental,dps,Shadowmoon
1025,331.9,307301187,10,Mists of Tirna Scithe,2024-11-15T11:09:42.000Z,1288892,1890999,2,"Xal'atath's Bargain: Ascendant, Tyrannical, Challenger's Peril, Fortified",宅鳥威,Druid,Balance,dps,Wrathbringer
1025,331.9,307301187,10,Mists of Tirna Scithe,2024-11-15T11:09:42.000Z,1288892,1890999,2,"Xal'atath's Bargain: Ascendant, Tyrannical, Challenger's Peril, Fortified",歐巴乄,Paladin,Retribution,dps,Menethil
1026,331.9,308134506,10,Mists of Tirna Scithe,2024-11-19T19:07:26.000Z,1289092,1890999,2,"Xal'atath's Bargain: Ascendant, Tyrannical, Challenger's Peril, Fortified",Kapibarasan,Death Knight,Unholy,dps,World Tree
1026,331.9,308134506,10,Mists of Tirna Scithe,2024-11-19T19:07:26.000Z,1289092,1890999,2,"Xal'atath's Bargain: Ascendant, Tyrannical, Challenger's Peril, Fortified",然而,Demon Hunter,Vengeance,tank,Nightsong
1026,331.9,308134506,10,Mists of Tirna Scithe,2024-11-19T19:07:26.000Z,1289092,1890999,2,"Xal'atath's Bargain: Ascendant, Tyrannical, Challenger's Peril, Fortified",Pandatree,Druid,Balance,dps,Zealot Blade
1026,331.9,308134506,10,Mists of Tirna Scithe,2024-11-19T19:07:26.000Z,1289092,1890999,2,"Xal'atath's Bargain: Ascendant, Tyrannical, Challenger's Peril, Fortified",好了啦超大杯,Hunter,Survival,dps,Chillwind Point
1026,331.9,308134506,10,Mists of Tirna Scithe,2024-11-19T19:07:26.000Z,1289092,1890999,2,"Xal'atath's Bargain: Ascendant, Tyrannical, Challenger's Peril, Fortified",AnonCC7BE52,Shaman,Restoration,healer,Anonymous
1027,331.9,307146454,10,Mists of Tirna Scithe,2024-11-14T12:09:55.000Z,1290057,1890999,2,"Xal'atath's Bargain: Ascendant, Tyrannical, Challenger's Peril, Fortified",星街彗星,Shaman,Enhancement,dps,Quel'dorei
1027,331.9,307146454,10,Mists of Tirna Scithe,2024-11-14T12:09:55.000Z,1290057,1890999,2,"Xal'atath's Bargain: Ascendant, Tyrannical, Challenger's Peril, Fortified",碳佐麻里,Monk,Mistweaver,healer,Sundown Marsh
1027,331.9,307146454,10,Mists of Tirna Scithe,2024-11-14T12:09:55.000Z,1290057,1890999,2,"Xal'atath's Bargain: Ascendant, Tyrannical, Challenger's Peril, Fortified",綠茶栗栗子,Priest,Shadow,dps,Sundown Marsh
1027,331.9,307146454,10,Mists of Tirna Scithe,2024-11-14T12:09:55.000Z,1290057,1890999,2,"Xal'atath's Bargain: Ascendant, Tyrannical, Challenger's Peril, Fortified",未央斯基,Death Knight,Blood,tank,Silverwing Hold
1027,331.9,307146454,10,Mists of Tirna Scithe,2024-11-14T12:09:55.000Z,1290057,1890999,2,"Xal'atath's Bargain: Ascendant, Tyrannical, Challenger's Peril, Fortified",熾月,Druid,Balance,dps,Quel'dorei
1028,331.9,302948149,10,Mists of Tirna Scithe,2024-10-26T08:46:39.000Z,1290109,1890999,2,"Xal'atath's Bargain: Ascendant, Fortified, Challenger's Peril, Tyrannical",Peeterdh,Demon Hunter,Havoc,dps,Dragonmaw
1028,331.9,302948149,10,Mists of Tirna Scithe,2024-10-26T08:46:39.000Z,1290109,1890999,2,"Xal'atath's Bargain: Ascendant, Fortified, Challenger's Peril, Tyrannical",可波,Druid,Balance,dps,Frostmane
1028,331.9,302948149,10,Mists of Tirna Scithe,2024-10-26T08:46:39.000Z,1290109,1890999,2,"Xal'atath's Bargain: Ascendant, Fortified, Challenger's Peril, Tyrannical",動態平衡,Shaman,Restoration,healer,Shadowmoon
1028,331.9,302948149,10,Mists of Tirna Scithe,2024-10-26T08:46:39.000Z,1290109,1890999,2,"Xal'atath's Bargain: Ascendant, Fortified, Challenger's Peril, Tyrannical",鐘德華,Warrior,Fury,dps,Arygos
1028,331.9,302948149,10,Mists of Tirna Scithe,2024-10-26T08:46:39.000Z,1290109,1890999,2,"Xal'atath's Bargain: Ascendant, Fortified, Challenger's Peril, Tyrannical",新資料夾南無,Paladin,Protection,tank,Frostmane
1029,331.9,303634560,10,Mists of Tirna Scithe,2024-10-29T06:52:52.000Z,1290353,1890999,2,"Xal'atath's Bargain: Ascendant, Fortified, Challenger's Peril, Tyrannical",茶館抹茶,Paladin,Protection,tank,Menethil
1029,331.9,303634560,10,Mists of Tirna Scithe,2024-10-29T06:52:52.000Z,1290353,1890999,2,"Xal'atath's Bargain: Ascendant, Fortified, Challenger's Peril, Tyrannical",情空殮宇,Warlock,Destruction,dps,Silverwing Hold
1029,331.9,303634560,10,Mists of Tirna Scithe,2024-10-29T06:52:52.000Z,1290353,1890999,2,"Xal'atath's Bargain: Ascendant, Fortified, Challenger's Peril, Tyrannical",Kannakamuy,Evoker,Preservation,healer,Demon Fall Canyon
1029,331.9,303634560,10,Mists of Tirna Scithe,2024-10-29T06:52:52.000Z,1290353,1890999,2,"Xal'atath's Bargain: Ascendant, Fortified, Challenger's Peril, Tyrannical",齁哩靠,Paladin,Retribution,dps,Wrathbringer
1029,331.9,303634560,10,Mists of Tirna Scithe,2024-10-29T06:52:52.000Z,1290353,1890999,2,"Xal'atath's Bargain: Ascendant, Fortified, Challenger's Peril, Tyrannical",Kinz,Shaman,Enhancement,dps,Sundown Marsh
1030,331.9,302844925,10,Mists of Tirna Scithe,2024-10-26T04:18:31.000Z,1290373,1890999,2,"Xal'atath's Bargain: Ascendant, Fortified, Challenger's Peril, Tyrannical",邂逅,Death Knight,Frost,dps,World Tree
1030,331.9,302844925,10,Mists of Tirna Scithe,2024-10-26T04:18:31.000Z,1290373,1890999,2,"Xal'atath's Bargain: Ascendant, Fortified, Challenger's Peril, Tyrannical",希望的救贖,Druid,Balance,dps,Nightsong
1030,331.9,302844925,10,Mists of Tirna Scithe,2024-10-26T04:18:31.000Z,1290373,1890999,2,"Xal'atath's Bargain: Ascendant, Fortified, Challenger's Peril, Tyrannical",魯拉拉,Demon Hunter,Vengeance,tank,World Tree
1030,331.9,302844925,10,Mists of Tirna Scithe,2024-10-26T04:18:31.000Z,1290373,1890999,2,"Xal'atath's Bargain: Ascendant, Fortified, Challenger's Peril, Tyrannical",Cputh,Mage,Frost,dps,World Tree
1030,331.9,302844925,10,Mists of Tirna Scithe,2024-10-26T04:18:31.000Z,1290373,1890999,2,"Xal'atath's Bargain: Ascendant, Fortified, Challenger's Peril, Tyrannical",Kosekibijou,Monk,Mistweaver,healer,Wrathbringer
1031,331.9,308276358,10,Mists of Tirna Scithe,2024-11-20T13:40:02.000Z,1291096,1890999,2,"Xal'atath's Bargain: Ascendant, Tyrannical, Challenger's Peril, Fortified",骑手战鹰,Monk,Mistweaver,healer,World Tree
1031,331.9,308276358,10,Mists of Tirna Scithe,2024-11-20T13:40:02.000Z,1291096,1890999,2,"Xal'atath's Bargain: Ascendant, Tyrannical, Challenger's Peril, Fortified",輝欿,Evoker,Augmentation,dps,Sundown Marsh
1031,331.9,308276358,10,Mists of Tirna Scithe,2024-11-20T13:40:02.000Z,1291096,1890999,2,"Xal'atath's Bargain: Ascendant, Tyrannical, Challenger's Peril, Fortified",頹廢手拉茶,Paladin,Protection,tank,Sundown Marsh
1031,331.9,308276358,10,Mists of Tirna Scithe,2024-11-20T13:40:02.000Z,1291096,1890999,2,"Xal'atath's Bargain: Ascendant, Tyrannical, Challenger's Peril, Fortified",Ezraz,Druid,Balance,dps,Shadowmoon
1031,331.9,308276358,10,Mists of Tirna Scithe,2024-11-20T13:40:02.000Z,1291096,1890999,2,"Xal'atath's Bargain: Ascendant, Tyrannical, Challenger's Peril, Fortified",Shamanworsh,Shaman,Enhancement,dps,World Tree
1032,331.9,308300631,10,Mists of Tirna Scithe,2024-11-20T15:12:33.000Z,1291392,1890999,2,"Xal'atath's Bargain: Ascendant, Tyrannical, Challenger's Peril, Fortified",糯米薩滿,Shaman,Restoration,healer,Order of the Cloud Serpent
1032,331.9,308300631,10,Mists of Tirna Scithe,2024-11-20T15:12:33.000Z,1291392,1890999,2,"Xal'atath's Bargain: Ascendant, Tyrannical, Challenger's Peril, Fortified",凜彌散華,Rogue,Assassination,dps,Sundown Marsh
1032,331.9,308300631,10,Mists of Tirna Scithe,2024-11-20T15:12:33.000Z,1291392,1890999,2,"Xal'atath's Bargain: Ascendant, Tyrannical, Challenger's Peril, Fortified",演員,Paladin,Protection,tank,Skywall
1032,331.9,308300631,10,Mists of Tirna Scithe,2024-11-20T15:12:33.000Z,1291392,1890999,2,"Xal'atath's Bargain: Ascendant, Tyrannical, Challenger's Peril, Fortified",尼婭,Evoker,Devastation,dps,Chillwind Point
1032,331.9,308300631,10,Mists of Tirna Scithe,2024-11-20T15:12:33.000Z,1291392,1890999,2,"Xal'atath's Bargain: Ascendant, Tyrannical, Challenger's Peril, Fortified",Mipy,Evoker,Augmentation,dps,Shadowmoon
1033,331.9,307444377,10,Mists of Tirna Scithe,2024-11-16T04:15:33.000Z,1292483,1890999,2,"Xal'atath's Bargain: Ascendant, Tyrannical, Challenger's Peril, Fortified",龍奈雅焰靈,Evoker,Devastation,dps,Nightsong
1033,331.9,307444377,10,Mists of Tirna Scithe,2024-11-16T04:15:33.000Z,1292483,1890999,2,"Xal'atath's Bargain: Ascendant, Tyrannical, Challenger's Peril, Fortified",無求易決,Paladin,Protection,tank,Icecrown
1033,331.9,307444377,10,Mists of Tirna Scithe,2024-11-16T04:15:33.000Z,1292483,1890999,2,"Xal'atath's Bargain: Ascendant, Tyrannical, Challenger's Peril, Fortified",Mismoon,Warlock,Destruction,dps,Nightsong
1033,331.9,307444377,10,Mists of Tirna Scithe,2024-11-16T04:15:33.000Z,1292483,1890999,2,"Xal'atath's Bargain: Ascendant, Tyrannical, Challenger's Peril, Fortified",暴殄天物,Shaman,Restoration,healer,World Tree
1033,331.9,307444377,10,Mists of Tirna Scithe,2024-11-16T04:15:33.000Z,1292483,1890999,2,"Xal'atath's Bargain: Ascendant, Tyrannical, Challenger's Peril, Fortified",Lchshaman,Shaman,Elemental,dps,Nightsong
1034,331.8,303172939,10,Mists of Tirna Scithe,2024-10-27T12:26:24.000Z,1293839,1890999,2,"Xal'atath's Bargain: Ascendant, Fortified, Challenger's Peril, Tyrannical",明太子鮭魚丼,Warlock,Destruction,dps,Shadowmoon
1034,331.8,303172939,10,Mists of Tirna Scithe,2024-10-27T12:26:24.000Z,1293839,1890999,2,"Xal'atath's Bargain: Ascendant, Fortified, Challenger's Peril, Tyrannical",米餅,Paladin,Holy,healer,Shadowmoon
1034,331.8,303172939,10,Mists of Tirna Scithe,2024-10-27T12:26:24.000Z,1293839,1890999,2,"Xal'atath's Bargain: Ascendant, Fortified, Challenger's Peril, Tyrannical",Ballowo,Mage,Frost,dps,Spirestone
1034,331.8,303172939,10,Mists of Tirna Scithe,2024-10-27T12:26:24.000Z,1293839,1890999,2,"Xal'atath's Bargain: Ascendant, Fortified, Challenger's Peril, Tyrannical",Dessert,Rogue,Assassination,dps,Chillwind Point
1034,331.8,303172939,10,Mists of Tirna Scithe,2024-10-27T12:26:24.000Z,1293839,1890999,2,"Xal'atath's Bargain: Ascendant, Fortified, Challenger's Peril, Tyrannical",是想妳的聲音,Paladin,Protection,tank,Chillwind Point
1035,331.8,308121438,10,Mists of Tirna Scithe,2024-11-19T17:17:38.000Z,1294430,1890999,2,"Xal'atath's Bargain: Ascendant, Tyrannical, Challenger's Peril, Fortified",墨希,Warrior,Protection,tank,Dragonmaw
1035,331.8,308121438,10,Mists of Tirna Scithe,2024-11-19T17:17:38.000Z,1294430,1890999,2,"Xal'atath's Bargain: Ascendant, Tyrannical, Challenger's Peril, Fortified",Peeterdk,Death Knight,Frost,dps,Frostmane
1035,331.8,308121438,10,Mists of Tirna Scithe,2024-11-19T17:17:38.000Z,1294430,1890999,2,"Xal'atath's Bargain: Ascendant, Tyrannical, Challenger's Peril, Fortified",科科牛,Druid,Restoration,healer,Menethil
1035,331.8,308121438,10,Mists of Tirna Scithe,2024-11-19T17:17:38.000Z,1294430,1890999,2,"Xal'atath's Bargain: Ascendant, Tyrannical, Challenger's Peril, Fortified",阿龍,Evoker,Augmentation,dps,Menethil
1035,331.8,308121438,10,Mists of Tirna Scithe,2024-11-19T17:17:38.000Z,1294430,1890999,2,"Xal'atath's Bargain: Ascendant, Tyrannical, Challenger's Peril, Fortified",混沌妖皇,Mage,Fire,dps,Bleeding Hollow
1036,331.8,302688152,10,Mists of Tirna Scithe,2024-10-25T15:59:28.000Z,1294788,1890999,2,"Xal'atath's Bargain: Ascendant, Fortified, Challenger's Peril, Tyrannical",輕描淡寫,Warrior,Fury,dps,Zealot Blade
1036,331.8,302688152,10,Mists of Tirna Scithe,2024-10-25T15:59:28.000Z,1294788,1890999,2,"Xal'atath's Bargain: Ascendant, Fortified, Challenger's Peril, Tyrannical",鮭賈萬,Druid,Guardian,tank,Arthas
1036,331.8,302688152,10,Mists of Tirna Scithe,2024-10-25T15:59:28.000Z,1294788,1890999,2,"Xal'atath's Bargain: Ascendant, Fortified, Challenger's Peril, Tyrannical",給我電電,Shaman,Restoration,healer,Arthas
1036,331.8,302688152,10,Mists of Tirna Scithe,2024-10-25T15:59:28.000Z,1294788,1890999,2,"Xal'atath's Bargain: Ascendant, Fortified, Challenger's Peril, Tyrannical",Hatgreen,Rogue,Assassination,dps,Sundown Marsh
1036,331.8,302688152,10,Mists of Tirna Scithe,2024-10-25T15:59:28.000Z,1294788,1890999,2,"Xal'atath's Bargain: Ascendant, Fortified, Challenger's Peril, Tyrannical",Nimabeegg,Shaman,Elemental,dps,Shadowmoon
1037,331.8,307476594,10,Mists of Tirna Scithe,2024-11-16T09:35:34.000Z,1294833,1890999,2,"Xal'atath's Bargain: Ascendant, Tyrannical, Challenger's Peril, Fortified",新鮮的肝快上,Warlock,Destruction,dps,Wrathbringer
1037,331.8,307476594,10,Mists of Tirna Scithe,2024-11-16T09:35:34.000Z,1294833,1890999,2,"Xal'atath's Bargain: Ascendant, Tyrannical, Challenger's Peril, Fortified",我怕沒你在,Shaman,Restoration,healer,Spirestone
1037,331.8,307476594,10,Mists of Tirna Scithe,2024-11-16T09:35:34.000Z,1294833,1890999,2,"Xal'atath's Bargain: Ascendant, Tyrannical, Challenger's Peril, Fortified",看來過倒別,Demon Hunter,Havoc,dps,Wrathbringer
1037,331.8,307476594,10,Mists of Tirna Scithe,2024-11-16T09:35:34.000Z,1294833,1890999,2,"Xal'atath's Bargain: Ascendant, Tyrannical, Challenger's Peril, Fortified",泰爾貝爾,Mage,Frost,dps,Wrathbringer
1037,331.8,307476594,10,Mists of Tirna Scithe,2024-11-16T09:35:34.000Z,1294833,1890999,2,"Xal'atath's Bargain: Ascendant, Tyrannical, Challenger's Peril, Fortified",溢水行蹤,Paladin,Protection,tank,Spirestone
1038,331.8,302709658,10,Mists of Tirna Scithe,2024-10-25T12:05:51.000Z,1294985,1890999,2,"Xal'atath's Bargain: Ascendant, Fortified, Challenger's Peril, Tyrannical",曉秋,Hunter,Marksmanship,dps,Frostmane
1038,331.8,302709658,10,Mists of Tirna Scithe,2024-10-25T12:05:51.000Z,1294985,1890999,2,"Xal'atath's Bargain: Ascendant, Fortified, Challenger's Peril, Tyrannical",普莉希菈,Shaman,Elemental,dps,Menethil
1038,331.8,302709658,10,Mists of Tirna Scithe,2024-10-25T12:05:51.000Z,1294985,1890999,2,"Xal'atath's Bargain: Ascendant, Fortified, Challenger's Peril, Tyrannical",Corrosion,Mage,Fire,dps,Sundown Marsh
1038,331.8,302709658,10,Mists of Tirna Scithe,2024-10-25T12:05:51.000Z,1294985,1890999,2,"Xal'atath's Bargain: Ascendant, Fortified, Challenger's Peril, Tyrannical",Yamaybmy,Demon Hunter,Vengeance,tank,Menethil
1038,331.8,302709658,10,Mists of Tirna Scithe,2024-10-25T12:05:51.000Z,1294985,1890999,2,"Xal'atath's Bargain: Ascendant, Fortified, Challenger's Peril, Tyrannical",Morphy,Priest,Discipline,healer,Frostmane
1039,331.8,307178062,10,Mists of Tirna Scithe,2024-11-14T17:22:13.000Z,1295328,1890999,2,"Xal'atath's Bargain: Ascendant, Tyrannical, Challenger's Peril, Fortified",小兲蛋,Shaman,Restoration,healer,Frostmane
1039,331.8,307178062,10,Mists of Tirna Scithe,2024-11-14T17:22:13.000Z,1295328,1890999,2,"Xal'atath's Bargain: Ascendant, Tyrannical, Challenger's Peril, Fortified",Acs,Death Knight,Blood,tank,Nightsong
1039,331.8,307178062,10,Mists of Tirna Scithe,2024-11-14T17:22:13.000Z,1295328,1890999,2,"Xal'atath's Bargain: Ascendant, Tyrannical, Challenger's Peril, Fortified",Ellyrose,Warlock,Demonology,dps,Nightsong
1039,331.8,307178062,10,Mists of Tirna Scithe,2024-11-14T17:22:13.000Z,1295328,1890999,2,"Xal'atath's Bargain: Ascendant, Tyrannical, Challenger's Peril, Fortified",橘橙曦,Druid,Balance,dps,Nightsong
1039,331.8,307178062,10,Mists of Tirna Scithe,2024-11-14T17:22:13.000Z,1295328,1890999,2,"Xal'atath's Bargain: Ascendant, Tyrannical, Challenger's Peril, Fortified",Fatrina,Monk,Windwalker,dps,Nightsong
1040,331.8,302923225,10,Mists of Tirna Scithe,2024-10-26T11:57:26.000Z,1296311,1890999,2,"Xal'atath's Bargain: Ascendant, Fortified, Challenger's Peril, Tyrannical",歐絡因,Mage,Frost,dps,Arygos
1040,331.8,302923225,10,Mists of Tirna Scithe,2024-10-26T11:57:26.000Z,1296311,1890999,2,"Xal'atath's Bargain: Ascendant, Fortified, Challenger's Peril, Tyrannical",Kenni,Paladin,Protection,tank,Arygos
1040,331.8,302923225,10,Mists of Tirna Scithe,2024-10-26T11:57:26.000Z,1296311,1890999,2,"Xal'atath's Bargain: Ascendant, Fortified, Challenger's Peril, Tyrannical",進城門滑一跤,Shaman,Restoration,healer,Menethil
1040,331.8,302923225,10,Mists of Tirna Scithe,2024-10-26T11:57:26.000Z,1296311,1890999,2,"Xal'atath's Bargain: Ascendant, Fortified, Challenger's Peril, Tyrannical",一伊拉圖司一,Shaman,Elemental,dps,Silverwing Hold
1040,331.8,302923225,10,Mists of Tirna Scithe,2024-10-26T11:57:26.000Z,1296311,1890999,2,"Xal'atath's Bargain: Ascendant, Fortified, Challenger's Peril, Tyrannical",賊賊不入,Rogue,Outlaw,dps,Shadowmoon
1041,331.8,303653400,10,Mists of Tirna Scithe,2024-10-29T16:17:22.000Z,1296352,1890999,2,"Xal'atath's Bargain: Ascendant, Fortified, Challenger's Peril, Tyrannical",Bloodybyss,Shaman,Elemental,dps,Sundown Marsh
1041,331.8,303653400,10,Mists of Tirna Scithe,2024-10-29T16:17:22.000Z,1296352,1890999,2,"Xal'atath's Bargain: Ascendant, Fortified, Challenger's Peril, Tyrannical",熾天雨,Warlock,Demonology,dps,Sundown Marsh
1041,331.8,303653400,10,Mists of Tirna Scithe,2024-10-29T16:17:22.000Z,1296352,1890999,2,"Xal'atath's Bargain: Ascendant, Fortified, Challenger's Peril, Tyrannical",Fuze,Death Knight,Frost,dps,Arthas
1041,331.8,303653400,10,Mists of Tirna Scithe,2024-10-29T16:17:22.000Z,1296352,1890999,2,"Xal'atath's Bargain: Ascendant, Fortified, Challenger's Peril, Tyrannical",天罡雨月,Warrior,Protection,tank,Sundown Marsh
1041,331.8,303653400,10,Mists of Tirna Scithe,2024-10-29T16:17:22.000Z,1296352,1890999,2,"Xal'atath's Bargain: Ascendant, Fortified, Challenger's Peril, Tyrannical",楓佾,Monk,Mistweaver,healer,Arthas
1042,331.8,307501096,10,Mists of Tirna Scithe,2024-11-16T13:52:25.000Z,1297300,1890999,2,"Xal'atath's Bargain: Ascendant, Tyrannical, Challenger's Peril, Fortified",闇舞者小青,Death Knight,Unholy,dps,Arygos
1042,331.8,307501096,10,Mists of Tirna Scithe,2024-11-16T13:52:25.000Z,1297300,1890999,2,"Xal'atath's Bargain: Ascendant, Tyrannical, Challenger's Peril, Fortified",Belligerent,Warrior,Protection,tank,Arygos
1042,331.8,307501096,10,Mists of Tirna Scithe,2024-11-16T13:52:25.000Z,1297300,1890999,2,"Xal'atath's Bargain: Ascendant, Tyrannical, Challenger's Peril, Fortified",大貓阿魯,Hunter,Beast Mastery,dps,World Tree
1042,331.8,307501096,10,Mists of Tirna Scithe,2024-11-16T13:52:25.000Z,1297300,1890999,2,"Xal'atath's Bargain: Ascendant, Tyrannical, Challenger's Peril, Fortified",Hclsham,Shaman,Enhancement,dps,Arygos
1042,331.8,307501096,10,Mists of Tirna Scithe,2024-11-16T13:52:25.000Z,1297300,1890999,2,"Xal'atath's Bargain: Ascendant, Tyrannical, Challenger's Peril, Fortified",沨箐,Priest,Holy,healer,World Tree
1043,331.8,303460778,10,Mists of Tirna Scithe,2024-10-28T17:16:12.000Z,1297372,1890999,2,"Xal'atath's Bargain: Ascendant, Fortified, Challenger's Peril, Tyrannical",高木同學,Warlock,Destruction,dps,Sundown Marsh
1043,331.8,303460778,10,Mists of Tirna Scithe,2024-10-28T17:16:12.000Z,1297372,1890999,2,"Xal'atath's Bargain: Ascendant, Fortified, Challenger's Peril, Tyrannical",敝姓林,Shaman,Enhancement,dps,Sundown Marsh
1043,331.8,303460778,10,Mists of Tirna Scithe,2024-10-28T17:16:12.000Z,1297372,1890999,2,"Xal'atath's Bargain: Ascendant, Fortified, Challenger's Peril, Tyrannical",天辰狼煞,Mage,Arcane,dps,Demon Fall Canyon
1043,331.8,303460778,10,Mists of Tirna Scithe,2024-10-28T17:16:12.000Z,1297372,1890999,2,"Xal'atath's Bargain: Ascendant, Fortified, Challenger's Peril, Tyrannical",Rubia,Evoker,Preservation,healer,Sundown Marsh
1043,331.8,303460778,10,Mists of Tirna Scithe,2024-10-28T17:16:12.000Z,1297372,1890999,2,"Xal'atath's Bargain: Ascendant, Fortified, Challenger's Peril, Tyrannical",任隨風,Paladin,Protection,tank,Demon Fall Canyon
1044,331.8,307161118,10,Mists of Tirna Scithe,2024-11-14T14:04:48.000Z,1297659,1890999,2,"Xal'atath's Bargain: Ascendant, Tyrannical, Challenger's Peril, Fortified",小波寶寶,Druid,Guardian,tank,Spirestone
1044,331.8,307161118,10,Mists of Tirna Scithe,2024-11-14T14:04:48.000Z,1297659,1890999,2,"Xal'atath's Bargain: Ascendant, Tyrannical, Challenger's Peril, Fortified",免費失學少女,Priest,Discipline,healer,Chillwind Point
1044,331.8,307161118,10,Mists of Tirna Scithe,2024-11-14T14:04:48.000Z,1297659,1890999,2,"Xal'atath's Bargain: Ascendant, Tyrannical, Challenger's Peril, Fortified",術學教授,Warlock,Destruction,dps,Chillwind Point
1044,331.8,307161118,10,Mists of Tirna Scithe,2024-11-14T14:04:48.000Z,1297659,1890999,2,"Xal'atath's Bargain: Ascendant, Tyrannical, Challenger's Peril, Fortified",雲外憧憬,Shaman,Elemental,dps,Spirestone
1044,331.8,307161118,10,Mists of Tirna Scithe,2024-11-14T14:04:48.000Z,1297659,1890999,2,"Xal'atath's Bargain: Ascendant, Tyrannical, Challenger's Peril, Fortified",Moonslemon,Rogue,Assassination,dps,Spirestone
1045,331.8,307748022,10,Mists of Tirna Scithe,2024-11-17T16:51:05.000Z,1297730,1890999,2,"Xal'atath's Bargain: Ascendant, Tyrannical, Challenger's Peril, Fortified",零下幾分鐘,Hunter,Survival,dps,Sundown Marsh
1045,331.8,307748022,10,Mists of Tirna Scithe,2024-11-17T16:51:05.000Z,1297730,1890999,2,"Xal'atath's Bargain: Ascendant, Tyrannical, Challenger's Peril, Fortified",Bluesun,Death Knight,Frost,dps,Wrathbringer
1045,331.8,307748022,10,Mists of Tirna Scithe,2024-11-17T16:51:05.000Z,1297730,1890999,2,"Xal'atath's Bargain: Ascendant, Tyrannical, Challenger's Peril, Fortified",純正公牛奶,Monk,Mistweaver,healer,Demon Fall Canyon
1045,331.8,307748022,10,Mists of Tirna Scithe,2024-11-17T16:51:05.000Z,1297730,1890999,2,"Xal'atath's Bargain: Ascendant, Tyrannical, Challenger's Peril, Fortified",思嬌大術士,Warlock,Destruction,dps,Sundown Marsh
1045,331.8,307748022,10,Mists of Tirna Scithe,2024-11-17T16:51:05.000Z,1297730,1890999,2,"Xal'atath's Bargain: Ascendant, Tyrannical, Challenger's Peril, Fortified",Antimatter,Death Knight,Blood,tank,Sundown Marsh
1046,331.8,302721788,10,Mists of Tirna Scithe,2024-10-25T13:43:00.000Z,1298151,1890999,2,"Xal'atath's Bargain: Ascendant, Fortified, Challenger's Peril, Tyrannical",澟小萌,Mage,Arcane,dps,Icecrown
1046,331.8,302721788,10,Mists of Tirna Scithe,2024-10-25T13:43:00.000Z,1298151,1890999,2,"Xal'atath's Bargain: Ascendant, Fortified, Challenger's Peril, Tyrannical",傑特拉洛,Shaman,Restoration,healer,Chillwind Point
1046,331.8,302721788,10,Mists of Tirna Scithe,2024-10-25T13:43:00.000Z,1298151,1890999,2,"Xal'atath's Bargain: Ascendant, Fortified, Challenger's Peril, Tyrannical",四季春茶,Druid,Balance,dps,Spirestone
1046,331.8,302721788,10,Mists of Tirna Scithe,2024-10-25T13:43:00.000Z,1298151,1890999,2,"Xal'atath's Bargain: Ascendant, Fortified, Challenger's Peril, Tyrannical",韜風,Paladin,Retribution,dps,Chillwind Point
1046,331.8,302721788,10,Mists of Tirna Scithe,2024-10-25T13:43:00.000Z,1298151,1890999,2,"Xal'atath's Bargain: Ascendant, Fortified, Challenger's Peril, Tyrannical",堤恩,Warrior,Protection,tank,Chillwind Point
1047,331.8,308121440,10,Mists of Tirna Scithe,2024-11-19T16:53:41.000Z,1298190,1890999,2,"Xal'atath's Bargain: Ascendant, Tyrannical, Challenger's Peril, Fortified",Leiil,Priest,Discipline,healer,Light's Hope
1047,331.8,308121440,10,Mists of Tirna Scithe,2024-11-19T16:53:41.000Z,1298190,1890999,2,"Xal'atath's Bargain: Ascendant, Tyrannical, Challenger's Peril, Fortified",Tutuxx,Hunter,Beast Mastery,dps,Arygos
1047,331.8,308121440,10,Mists of Tirna Scithe,2024-11-19T16:53:41.000Z,1298190,1890999,2,"Xal'atath's Bargain: Ascendant, Tyrannical, Challenger's Peril, Fortified",Achlyse,Death Knight,Blood,tank,Arygos
1047,331.8,308121440,10,Mists of Tirna Scithe,2024-11-19T16:53:41.000Z,1298190,1890999,2,"Xal'atath's Bargain: Ascendant, Tyrannical, Challenger's Peril, Fortified",多隆,Death Knight,Frost,dps,Arygos
1047,331.8,308121440,10,Mists of Tirna Scithe,2024-11-19T16:53:41.000Z,1298190,1890999,2,"Xal'atath's Bargain: Ascendant, Tyrannical, Challenger's Peril, Fortified",Pyrrhaa,Paladin,Retribution,dps,Arygos
1048,331.7,307759828,10,Mists of Tirna Scithe,2024-11-17T14:51:09.000Z,1298562,1890999,2,"Xal'atath's Bargain: Ascendant, Tyrannical, Challenger's Peril, Fortified",稚氣小杰,Hunter,Survival,dps,Whisperwind
1048,331.7,307759828,10,Mists of Tirna Scithe,2024-11-17T14:51:09.000Z,1298562,1890999,2,"Xal'atath's Bargain: Ascendant, Tyrannical, Challenger's Peril, Fortified",詩物,Paladin,Retribution,dps,Arthas
1048,331.7,307759828,10,Mists of Tirna Scithe,2024-11-17T14:51:09.000Z,1298562,1890999,2,"Xal'atath's Bargain: Ascendant, Tyrannical, Challenger's Peril, Fortified",濯沁,Warrior,Protection,tank,Quel'dorei
1048,331.7,307759828,10,Mists of Tirna Scithe,2024-11-17T14:51:09.000Z,1298562,1890999,2,"Xal'atath's Bargain: Ascendant, Tyrannical, Challenger's Peril, Fortified",冇乜特別意義,Druid,Balance,dps,Chillwind Point
1048,331.7,307759828,10,Mists of Tirna Scithe,2024-11-17T14:51:09.000Z,1298562,1890999,2,"Xal'atath's Bargain: Ascendant, Tyrannical, Challenger's Peril, Fortified",紲星燈,Priest,Discipline,healer,Shadowmoon
1049,331.7,307125803,10,Mists of Tirna Scithe,2024-11-14T06:59:01.000Z,1298780,1890999,2,"Xal'atath's Bargain: Ascendant, Tyrannical, Challenger's Peril, Fortified",尼古拉斯睡魔,Hunter,Beast Mastery,dps,Chillwind Point
1049,331.7,307125803,10,Mists of Tirna Scithe,2024-11-14T06:59:01.000Z,1298780,1890999,2,"Xal'atath's Bargain: Ascendant, Tyrannical, Challenger's Peril, Fortified",蕾克希亞,Paladin,Retribution,dps,Hellscream
1049,331.7,307125803,10,Mists of Tirna Scithe,2024-11-14T06:59:01.000Z,1298780,1890999,2,"Xal'atath's Bargain: Ascendant, Tyrannical, Challenger's Peril, Fortified",咖哩燒肉丼,Paladin,Protection,tank,Skywall
1049,331.7,307125803,10,Mists of Tirna Scithe,2024-11-14T06:59:01.000Z,1298780,1890999,2,"Xal'atath's Bargain: Ascendant, Tyrannical, Challenger's Peril, Fortified",時夢有病,Evoker,Preservation,healer,Zealot Blade
1049,331.7,307125803,10,Mists of Tirna Scithe,2024-11-14T06:59:01.000Z,1298780,1890999,2,"Xal'atath's Bargain: Ascendant, Tyrannical, Challenger's Peril, Fortified",極星之殤,Death Knight,Frost,dps,Crystalpine Stinger
1050,331.7,308420379,10,Mists of Tirna Scithe,2024-11-20T17:54:52.000Z,1299161,1890999,2,"Xal'atath's Bargain: Ascendant, Tyrannical, Challenger's Peril, Fortified",盧隊長幫幫我,Paladin,Protection,tank,Chillwind Point
1050,331.7,308420379,10,Mists of Tirna Scithe,2024-11-20T17:54:52.000Z,1299161,1890999,2,"Xal'atath's Bargain: Ascendant, Tyrannical, Challenger's Peril, Fortified",蓮旭宗初,Shaman,Elemental,dps,Arthas
1050,331.7,308420379,10,Mists of Tirna Scithe,2024-11-20T17:54:52.000Z,1299161,1890999,2,"Xal'atath's Bargain: Ascendant, Tyrannical, Challenger's Peril, Fortified",饞嘴的喵,Warlock,Destruction,dps,Nightsong
1050,331.7,308420379,10,Mists of Tirna Scithe,2024-11-20T17:54:52.000Z,1299161,1890999,2,"Xal'atath's Bargain: Ascendant, Tyrannical, Challenger's Peril, Fortified",氣噗噗先生,Priest,Discipline,healer,Nightsong
1050,331.7,308420379,10,Mists of Tirna Scithe,2024-11-20T17:54:52.000Z,1299161,1890999,2,"Xal'atath's Bargain: Ascendant, Tyrannical, Challenger's Peril, Fortified",十二的特別準,Hunter,Survival,dps,Shadowmoon
1051,331.7,303421237,10,Mists of Tirna Scithe,2024-10-28T14:12:32.000Z,1299285,1890999,2,"Xal'atath's Bargain: Ascendant, Fortified, Challenger's Peril, Tyrannical",Oofasi,Mage,Arcane,dps,Sundown Marsh
1051,331.7,303421237,10,Mists of Tirna Scithe,2024-10-28T14:12:32.000Z,1299285,1890999,2,"Xal'atath's Bargain: Ascendant, Fortified, Challenger's Peril, Tyrannical",刮痧小吉牧師,Priest,Discipline,healer,Wrathbringer
1051,331.7,303421237,10,Mists of Tirna Scithe,2024-10-28T14:12:32.000Z,1299285,1890999,2,"Xal'atath's Bargain: Ascendant, Fortified, Challenger's Peril, Tyrannical",水潤鵝,Evoker,Augmentation,dps,Wrathbringer
1051,331.7,303421237,10,Mists of Tirna Scithe,2024-10-28T14:12:32.000Z,1299285,1890999,2,"Xal'atath's Bargain: Ascendant, Fortified, Challenger's Peril, Tyrannical",Yendh,Demon Hunter,Vengeance,tank,Arthas
1051,331.7,303421237,10,Mists of Tirna Scithe,2024-10-28T14:12:32.000Z,1299285,1890999,2,"Xal'atath's Bargain: Ascendant, Fortified, Challenger's Peril, Tyrannical",Kiihongan,Death Knight,Frost,dps,Demon Fall Canyon
1052,331.7,304717232,10,Mists of Tirna Scithe,2024-11-19T14:50:33.000Z,1299373,1890999,2,"Xal'atath's Bargain: Ascendant, Tyrannical, Challenger's Peril, Fortified",樂喵,Shaman,Elemental,dps,Shadowmoon
1052,331.7,304717232,10,Mists of Tirna Scithe,2024-11-19T14:50:33.000Z,1299373,1890999,2,"Xal'atath's Bargain: Ascendant, Tyrannical, Challenger's Peril, Fortified",大郎君,Death Knight,Frost,dps,Shadowmoon
1052,331.7,304717232,10,Mists of Tirna Scithe,2024-11-19T14:50:33.000Z,1299373,1890999,2,"Xal'atath's Bargain: Ascendant, Tyrannical, Challenger's Peril, Fortified",Devon,Hunter,Survival,dps,Spirestone
1052,331.7,304717232,10,Mists of Tirna Scithe,2024-11-19T14:50:33.000Z,1299373,1890999,2,"Xal'atath's Bargain: Ascendant, Tyrannical, Challenger's Peril, Fortified",苡旎,Priest,Holy,healer,Shadowmoon
1052,331.7,304717232,10,Mists of Tirna Scithe,2024-11-19T14:50:33.000Z,1299373,1890999,2,"Xal'atath's Bargain: Ascendant, Tyrannical, Challenger's Peril, Fortified",艾希薇亞,Paladin,Protection,tank,Spirestone
1053,331.7,302686481,10,Mists of Tirna Scithe,2024-10-25T15:36:21.000Z,1299504,1890999,2,"Xal'atath's Bargain: Ascendant, Fortified, Challenger's Peril, Tyrannical",瓦蜜菈影歿,Demon Hunter,Havoc,dps,Nightsong
1053,331.7,302686481,10,Mists of Tirna Scithe,2024-10-25T15:36:21.000Z,1299504,1890999,2,"Xal'atath's Bargain: Ascendant, Fortified, Challenger's Peril, Tyrannical",墨角,Warrior,Protection,tank,Bleeding Hollow
1053,331.7,302686481,10,Mists of Tirna Scithe,2024-10-25T15:36:21.000Z,1299504,1890999,2,"Xal'atath's Bargain: Ascendant, Fortified, Challenger's Peril, Tyrannical",阿蹦,Mage,Frost,dps,Nightsong
1053,331.7,302686481,10,Mists of Tirna Scithe,2024-10-25T15:36:21.000Z,1299504,1890999,2,"Xal'atath's Bargain: Ascendant, Fortified, Challenger's Peril, Tyrannical",Littleholy,Priest,Holy,healer,Shadowmoon
1053,331.7,302686481,10,Mists of Tirna Scithe,2024-10-25T15:36:21.000Z,1299504,1890999,2,"Xal'atath's Bargain: Ascendant, Fortified, Challenger's Peril, Tyrannical",小豆豉,Shaman,Enhancement,dps,Nightsong
1054,331.7,302717632,10,Mists of Tirna Scithe,2024-10-25T05:39:49.000Z,1299734,1890999,2,"Xal'atath's Bargain: Ascendant, Fortified, Challenger's Peril, Tyrannical",Tsunami,Shaman,Enhancement,dps,Nightsong
1054,331.7,302717632,10,Mists of Tirna Scithe,2024-10-25T05:39:49.000Z,1299734,1890999,2,"Xal'atath's Bargain: Ascendant, Fortified, Challenger's Peril, Tyrannical",琉架,Priest,Discipline,healer,Demon Fall Canyon
1054,331.7,302717632,10,Mists of Tirna Scithe,2024-10-25T05:39:49.000Z,1299734,1890999,2,"Xal'atath's Bargain: Ascendant, Fortified, Challenger's Peril, Tyrannical",Kuwar,Warrior,Arms,dps,Sundown Marsh
1054,331.7,302717632,10,Mists of Tirna Scithe,2024-10-25T05:39:49.000Z,1299734,1890999,2,"Xal'atath's Bargain: Ascendant, Fortified, Challenger's Peril, Tyrannical",龍楓凌空,Death Knight,Frost,dps,Stormscale
1054,331.7,302717632,10,Mists of Tirna Scithe,2024-10-25T05:39:49.000Z,1299734,1890999,2,"Xal'atath's Bargain: Ascendant, Fortified, Challenger's Peril, Tyrannical",Twlpal-229858596,Paladin,Protection,tank,Nightsong
1055,331.7,302870843,10,Mists of Tirna Scithe,2024-10-26T08:05:13.000Z,1299932,1890999,2,"Xal'atath's Bargain: Ascendant, Fortified, Challenger's Peril, Tyrannical",Leiil,Priest,Discipline,healer,Light's Hope
1055,331.7,302870843,10,Mists of Tirna Scithe,2024-10-26T08:05:13.000Z,1299932,1890999,2,"Xal'atath's Bargain: Ascendant, Fortified, Challenger's Peril, Tyrannical",新生聖光,Paladin,Protection,tank,Stormscale
1055,331.7,302870843,10,Mists of Tirna Scithe,2024-10-26T08:05:13.000Z,1299932,1890999,2,"Xal'atath's Bargain: Ascendant, Fortified, Challenger's Peril, Tyrannical",Munchkin,Hunter,Beast Mastery,dps,World Tree
1055,331.7,302870843,10,Mists of Tirna Scithe,2024-10-26T08:05:13.000Z,1299932,1890999,2,"Xal'atath's Bargain: Ascendant, Fortified, Challenger's Peril, Tyrannical",奶雞有兄弟劍,Paladin,Retribution,dps,Arygos
1055,331.7,302870843,10,Mists of Tirna Scithe,2024-10-26T08:05:13.000Z,1299932,1890999,2,"Xal'atath's Bargain: Ascendant, Fortified, Challenger's Peril, Tyrannical",黎陌,Paladin,Retribution,dps,Arygos
1056,331.7,302959481,10,Mists of Tirna Scithe,2024-10-26T16:09:17.000Z,1300035,1890999,2,"Xal'atath's Bargain: Ascendant, Fortified, Challenger's Peril, Tyrannical",闇影霜瞳,Death Knight,Frost,dps,Shadowmoon
1056,331.7,302959481,10,Mists of Tirna Scithe,2024-10-26T16:09:17.000Z,1300035,1890999,2,"Xal'atath's Bargain: Ascendant, Fortified, Challenger's Peril, Tyrannical",Chrisxx,Paladin,Protection,tank,Arygos
1056,331.7,302959481,10,Mists of Tirna Scithe,2024-10-26T16:09:17.000Z,1300035,1890999,2,"Xal'atath's Bargain: Ascendant, Fortified, Challenger's Peril, Tyrannical",Jaym,Shaman,Enhancement,dps,Arygos
1056,331.7,302959481,10,Mists of Tirna Scithe,2024-10-26T16:09:17.000Z,1300035,1890999,2,"Xal'atath's Bargain: Ascendant, Fortified, Challenger's Peril, Tyrannical",Laurus,Priest,Holy,healer,Arygos
1056,331.7,302959481,10,Mists of Tirna Scithe,2024-10-26T16:09:17.000Z,1300035,1890999,2,"Xal'atath's Bargain: Ascendant, Fortified, Challenger's Peril, Tyrannical",Pyrrhaa,Paladin,Retribution,dps,Arygos
1057,331.7,303194254,10,Mists of Tirna Scithe,2024-10-27T13:55:41.000Z,1301402,1890999,2,"Xal'atath's Bargain: Ascendant, Fortified, Challenger's Peril, Tyrannical",歐尼狐,Warrior,Protection,tank,Sundown Marsh
1057,331.7,303194254,10,Mists of Tirna Scithe,2024-10-27T13:55:41.000Z,1301402,1890999,2,"Xal'atath's Bargain: Ascendant, Fortified, Challenger's Peril, Tyrannical",調皮搗蛋,Shaman,Restoration,healer,Crystalpine Stinger
1057,331.7,303194254,10,Mists of Tirna Scithe,2024-10-27T13:55:41.000Z,1301402,1890999,2,"Xal'atath's Bargain: Ascendant, Fortified, Challenger's Peril, Tyrannical",甜甜香草熊貓,Shaman,Enhancement,dps,Crystalpine Stinger
1057,331.7,303194254,10,Mists of Tirna Scithe,2024-10-27T13:55:41.000Z,1301402,1890999,2,"Xal'atath's Bargain: Ascendant, Fortified, Challenger's Peril, Tyrannical",Durran,Evoker,Devastation,dps,Wrathbringer
1057,331.7,303194254,10,Mists of Tirna Scithe,2024-10-27T13:55:41.000Z,1301402,1890999,2,"Xal'atath's Bargain: Ascendant, Fortified, Challenger's Peril, Tyrannical",Wizack,Warrior,Fury,dps,Wrathbringer
1058,331.6,308286271,10,Mists of Tirna Scithe,2024-11-20T14:07:12.000Z,1303545,1890999,2,"Xal'atath's Bargain: Ascendant, Tyrannical, Challenger's Peril, Fortified",Tayrand,Priest,Shadow,dps,Crystalpine Stinger
1058,331.6,308286271,10,Mists of Tirna Scithe,2024-11-20T14:07:12.000Z,1303545,1890999,2,"Xal'atath's Bargain: Ascendant, Tyrannical, Challenger's Peril, Fortified",Bn,Death Knight,Unholy,dps,Wrathbringer
1058,331.6,308286271,10,Mists of Tirna Scithe,2024-11-20T14:07:12.000Z,1303545,1890999,2,"Xal'atath's Bargain: Ascendant, Tyrannical, Challenger's Peril, Fortified",骑手战鹰,Monk,Mistweaver,healer,World Tree
1058,331.6,308286271,10,Mists of Tirna Scithe,2024-11-20T14:07:12.000Z,1303545,1890999,2,"Xal'atath's Bargain: Ascendant, Tyrannical, Challenger's Peril, Fortified",給我電電,Shaman,Elemental,dps,Arthas
1058,331.6,308286271,10,Mists of Tirna Scithe,2024-11-20T14:07:12.000Z,1303545,1890999,2,"Xal'atath's Bargain: Ascendant, Tyrannical, Challenger's Peril, Fortified",Noonkamwarr,Warrior,Protection,tank,Shadowmoon
1059,331.6,308299375,10,Mists of Tirna Scithe,2024-11-20T16:13:57.000Z,1303747,1890999,2,"Xal'atath's Bargain: Ascendant, Tyrannical, Challenger's Peril, Fortified",紀天胤禪武,Monk,Mistweaver,healer,Nightsong
1059,331.6,308299375,10,Mists of Tirna Scithe,2024-11-20T16:13:57.000Z,1303747,1890999,2,"Xal'atath's Bargain: Ascendant, Tyrannical, Challenger's Peril, Fortified",趴趴熊貓,Shaman,Elemental,dps,Nightsong
1059,331.6,308299375,10,Mists of Tirna Scithe,2024-11-20T16:13:57.000Z,1303747,1890999,2,"Xal'atath's Bargain: Ascendant, Tyrannical, Challenger's Peril, Fortified",薩提斯,Shaman,Enhancement,dps,Dragonmaw
1059,331.6,308299375,10,Mists of Tirna Scithe,2024-11-20T16:13:57.000Z,1303747,1890999,2,"Xal'atath's Bargain: Ascendant, Tyrannical, Challenger's Peril, Fortified",哈末,Hunter,Survival,dps,Nightsong
1059,331.6,308299375,10,Mists of Tirna Scithe,2024-11-20T16:13:57.000Z,1303747,1890999,2,"Xal'atath's Bargain: Ascendant, Tyrannical, Challenger's Peril, Fortified",Azur,Paladin,Protection,tank,Bleeding Hollow
1060,331.6,295289737,10,Mists of Tirna Scithe,2024-10-28T15:10:25.000Z,1303773,1890999,2,"Xal'atath's Bargain: Ascendant, Fortified, Challenger's Peril, Tyrannical",追憶奈辛瓦里,Death Knight,Frost,dps,Arthas
1060,331.6,295289737,10,Mists of Tirna Scithe,2024-10-28T15:10:25.000Z,1303773,1890999,2,"Xal'atath's Bargain: Ascendant, Fortified, Challenger's Peril, Tyrannical",阿力斯泰爾,Mage,Arcane,dps,Arthas
1060,331.6,295289737,10,Mists of Tirna Scithe,2024-10-28T15:10:25.000Z,1303773,1890999,2,"Xal'atath's Bargain: Ascendant, Fortified, Challenger's Peril, Tyrannical",哆啦咪,Shaman,Restoration,healer,Spirestone
1060,331.6,295289737,10,Mists of Tirna Scithe,2024-10-28T15:10:25.000Z,1303773,1890999,2,"Xal'atath's Bargain: Ascendant, Fortified, Challenger's Peril, Tyrannical",水漾乂雨,Paladin,Retribution,dps,Hellscream
1060,331.6,295289737,10,Mists of Tirna Scithe,2024-10-28T15:10:25.000Z,1303773,1890999,2,"Xal'atath's Bargain: Ascendant, Fortified, Challenger's Peril, Tyrannical",傑哥不要啊,Demon Hunter,Vengeance,tank,Arthas
1061,331.6,308301123,10,Mists of Tirna Scithe,2024-11-20T14:25:47.000Z,1303823,1890999,2,"Xal'atath's Bargain: Ascendant, Tyrannical, Challenger's Peril, Fortified",Rallyz,Shaman,Restoration,healer,Arthas
1061,331.6,308301123,10,Mists of Tirna Scithe,2024-11-20T14:25:47.000Z,1303823,1890999,2,"Xal'atath's Bargain: Ascendant, Tyrannical, Challenger's Peril, Fortified",零崎零識,Warlock,Destruction,dps,Arthas
1061,331.6,308301123,10,Mists of Tirna Scithe,2024-11-20T14:25:47.000Z,1303823,1890999,2,"Xal'atath's Bargain: Ascendant, Tyrannical, Challenger's Peril, Fortified",Keepnout,Demon Hunter,Vengeance,tank,Arthas
1061,331.6,308301123,10,Mists of Tirna Scithe,2024-11-20T14:25:47.000Z,1303823,1890999,2,"Xal'atath's Bargain: Ascendant, Tyrannical, Challenger's Peril, Fortified",Azki,Death Knight,Frost,dps,Shadowmoon
1061,331.6,308301123,10,Mists of Tirna Scithe,2024-11-20T14:25:47.000Z,1303823,1890999,2,"Xal'atath's Bargain: Ascendant, Tyrannical, Challenger's Peril, Fortified",陌九,Druid,Balance,dps,Frostmane
1062,331.6,307656055,10,Mists of Tirna Scithe,2024-11-17T03:08:15.000Z,1303944,1890999,2,"Xal'atath's Bargain: Ascendant, Tyrannical, Challenger's Peril, Fortified",莉莉的小雪狼,Shaman,Restoration,healer,Quel'dorei
1062,331.6,307656055,10,Mists of Tirna Scithe,2024-11-17T03:08:15.000Z,1303944,1890999,2,"Xal'atath's Bargain: Ascendant, Tyrannical, Challenger's Peril, Fortified",輝夜姬,Death Knight,Frost,dps,Skywall
1062,331.6,307656055,10,Mists of Tirna Scithe,2024-11-17T03:08:15.000Z,1303944,1890999,2,"Xal'atath's Bargain: Ascendant, Tyrannical, Challenger's Peril, Fortified",续命神蛤,Evoker,Augmentation,dps,Whisperwind
1062,331.6,307656055,10,Mists of Tirna Scithe,2024-11-17T03:08:15.000Z,1303944,1890999,2,"Xal'atath's Bargain: Ascendant, Tyrannical, Challenger's Peril, Fortified",蹦巴鴨,Mage,Frost,dps,Skywall
1062,331.6,307656055,10,Mists of Tirna Scithe,2024-11-17T03:08:15.000Z,1303944,1890999,2,"Xal'atath's Bargain: Ascendant, Tyrannical, Challenger's Peril, Fortified",飄飄,Paladin,Protection,tank,Whisperwind
1063,331.6,307728159,10,Mists of Tirna Scithe,2024-11-17T14:56:20.000Z,1304161,1890999,2,"Xal'atath's Bargain: Ascendant, Tyrannical, Challenger's Peril, Fortified",希緹,Paladin,Protection,tank,Bleeding Hollow
1063,331.6,307728159,10,Mists of Tirna Scithe,2024-11-17T14:56:20.000Z,1304161,1890999,2,"Xal'atath's Bargain: Ascendant, Tyrannical, Challenger's Peril, Fortified",科科牛,Druid,Restoration,healer,Menethil
1063,331.6,307728159,10,Mists of Tirna Scithe,2024-11-17T14:56:20.000Z,1304161,1890999,2,"Xal'atath's Bargain: Ascendant, Tyrannical, Challenger's Peril, Fortified",燙燙你,Mage,Frost,dps,Menethil
1063,331.6,307728159,10,Mists of Tirna Scithe,2024-11-17T14:56:20.000Z,1304161,1890999,2,"Xal'atath's Bargain: Ascendant, Tyrannical, Challenger's Peril, Fortified",Lunatea,Paladin,Retribution,dps,Bleeding Hollow
1063,331.6,307728159,10,Mists of Tirna Scithe,2024-11-17T14:56:20.000Z,1304161,1890999,2,"Xal'atath's Bargain: Ascendant, Tyrannical, Challenger's Peril, Fortified",囧囧瞎,Demon Hunter,Havoc,dps,Frostmane
1064,331.6,303572031,10,Mists of Tirna Scithe,2024-10-28T17:18:22.000Z,1304673,1890999,2,"Xal'atath's Bargain: Ascendant, Fortified, Challenger's Peril, Tyrannical",喔是喔,Druid,Balance,dps,Shadowmoon
1064,331.6,303572031,10,Mists of Tirna Scithe,2024-10-28T17:18:22.000Z,1304673,1890999,2,"Xal'atath's Bargain: Ascendant, Fortified, Challenger's Peril, Tyrannical",羊咩,Rogue,Assassination,dps,Quel'dorei
1064,331.6,303572031,10,Mists of Tirna Scithe,2024-10-28T17:18:22.000Z,1304673,1890999,2,"Xal'atath's Bargain: Ascendant, Fortified, Challenger's Peril, Tyrannical",懲愛,Paladin,Retribution,dps,Whisperwind
1064,331.6,303572031,10,Mists of Tirna Scithe,2024-10-28T17:18:22.000Z,1304673,1890999,2,"Xal'atath's Bargain: Ascendant, Fortified, Challenger's Peril, Tyrannical",奈思兔咪啾,Shaman,Restoration,healer,Light's Hope
1064,331.6,303572031,10,Mists of Tirna Scithe,2024-10-28T17:18:22.000Z,1304673,1890999,2,"Xal'atath's Bargain: Ascendant, Fortified, Challenger's Peril, Tyrannical",太屌鳥,Paladin,Protection,tank,Shadowmoon
1065,331.6,307556084,10,Mists of Tirna Scithe,2024-11-16T19:05:49.000Z,1304956,1890999,2,"Xal'atath's Bargain: Ascendant, Tyrannical, Challenger's Peril, Fortified",Pureladin,Paladin,Retribution,dps,Shadowmoon
1065,331.6,307556084,10,Mists of Tirna Scithe,2024-11-16T19:05:49.000Z,1304956,1890999,2,"Xal'atath's Bargain: Ascendant, Tyrannical, Challenger's Peril, Fortified",Yurisa,Druid,Restoration,healer,Nightsong
1065,331.6,307556084,10,Mists of Tirna Scithe,2024-11-16T19:05:49.000Z,1304956,1890999,2,"Xal'atath's Bargain: Ascendant, Tyrannical, Challenger's Peril, Fortified",米粒,Mage,Frost,dps,Arthas
1065,331.6,307556084,10,Mists of Tirna Scithe,2024-11-16T19:05:49.000Z,1304956,1890999,2,"Xal'atath's Bargain: Ascendant, Tyrannical, Challenger's Peril, Fortified",偶而,Druid,Guardian,tank,Nightsong
1065,331.6,307556084,10,Mists of Tirna Scithe,2024-11-16T19:05:49.000Z,1304956,1890999,2,"Xal'atath's Bargain: Ascendant, Tyrannical, Challenger's Peril, Fortified",羅德隆大孝子,Death Knight,Frost,dps,Wrathbringer
1066,331.6,307686094,10,Mists of Tirna Scithe,2024-11-17T09:35:53.000Z,1305942,1890999,2,"Xal'atath's Bargain: Ascendant, Tyrannical, Challenger's Peril, Fortified",友善的肥牛,Shaman,Restoration,healer,Wrathbringer
1066,331.6,307686094,10,Mists of Tirna Scithe,2024-11-17T09:35:53.000Z,1305942,1890999,2,"Xal'atath's Bargain: Ascendant, Tyrannical, Challenger's Peril, Fortified",革敦哇哈啊哈,Mage,Frost,dps,Chillwind Point
1066,331.6,307686094,10,Mists of Tirna Scithe,2024-11-17T09:35:53.000Z,1305942,1890999,2,"Xal'atath's Bargain: Ascendant, Tyrannical, Challenger's Peril, Fortified",貓小爪,Rogue,Assassination,dps,Whisperwind
1066,331.6,307686094,10,Mists of Tirna Scithe,2024-11-17T09:35:53.000Z,1305942,1890999,2,"Xal'atath's Bargain: Ascendant, Tyrannical, Challenger's Peril, Fortified",西斯萊恩,Monk,Brewmaster,tank,Shadowmoon
1066,331.6,307686094,10,Mists of Tirna Scithe,2024-11-17T09:35:53.000Z,1305942,1890999,2,"Xal'atath's Bargain: Ascendant, Tyrannical, Challenger's Peril, Fortified",時光老人,Death Knight,Frost,dps,Arthas
1067,331.6,307279710,10,Mists of Tirna Scithe,2024-11-14T15:36:47.000Z,1306094,1890999,2,"Xal'atath's Bargain: Ascendant, Tyrannical, Challenger's Peril, Fortified",三室兩廳,Shaman,Restoration,healer,Crystalpine Stinger
1067,331.6,307279710,10,Mists of Tirna Scithe,2024-11-14T15:36:47.000Z,1306094,1890999,2,"Xal'atath's Bargain: Ascendant, Tyrannical, Challenger's Peril, Fortified",落敗姬騎士,Paladin,Retribution,dps,Crystalpine Stinger
1067,331.6,307279710,10,Mists of Tirna Scithe,2024-11-14T15:36:47.000Z,1306094,1890999,2,"Xal'atath's Bargain: Ascendant, Tyrannical, Challenger's Peril, Fortified",咖喱飯隊長,Shaman,Enhancement,dps,Crystalpine Stinger
1067,331.6,307279710,10,Mists of Tirna Scithe,2024-11-14T15:36:47.000Z,1306094,1890999,2,"Xal'atath's Bargain: Ascendant, Tyrannical, Challenger's Peril, Fortified",玉玉戰,Warrior,Protection,tank,Crystalpine Stinger
1067,331.6,307279710,10,Mists of Tirna Scithe,2024-11-14T15:36:47.000Z,1306094,1890999,2,"Xal'atath's Bargain: Ascendant, Tyrannical, Challenger's Peril, Fortified",拉卡尼修,Shaman,Elemental,dps,Wrathbringer
1068,331.6,303822014,10,Mists of Tirna Scithe,2024-10-30T06:45:34.000Z,1306227,1890999,2,"Xal'atath's Bargain: Ascendant, Fortified, Challenger's Peril, Tyrannical",圖騰月半,Shaman,Elemental,dps,Shadowmoon
1068,331.6,303822014,10,Mists of Tirna Scithe,2024-10-30T06:45:34.000Z,1306227,1890999,2,"Xal'atath's Bargain: Ascendant, Fortified, Challenger's Peril, Tyrannical",伊塔琳娜,Priest,Discipline,healer,Chillwind Point
1068,331.6,303822014,10,Mists of Tirna Scithe,2024-10-30T06:45:34.000Z,1306227,1890999,2,"Xal'atath's Bargain: Ascendant, Fortified, Challenger's Peril, Tyrannical",一夜霧雨丶,Demon Hunter,Vengeance,tank,Sundown Marsh
1068,331.6,303822014,10,Mists of Tirna Scithe,2024-10-30T06:45:34.000Z,1306227,1890999,2,"Xal'atath's Bargain: Ascendant, Fortified, Challenger's Peril, Tyrannical",黑心棉,Priest,Shadow,dps,Sundown Marsh
1068,331.6,303822014,10,Mists of Tirna Scithe,2024-10-30T06:45:34.000Z,1306227,1890999,2,"Xal'atath's Bargain: Ascendant, Fortified, Challenger's Peril, Tyrannical",羽毛霜雪明,Death Knight,Frost,dps,Demon Fall Canyon
1069,331.6,308281462,10,Mists of Tirna Scithe,2024-11-20T14:07:01.000Z,1306278,1890999,2,"Xal'atath's Bargain: Ascendant, Tyrannical, Challenger's Peril, Fortified",蜜雪兒颯卡拉,Priest,Holy,healer,Skywall
1069,331.6,308281462,10,Mists of Tirna Scithe,2024-11-20T14:07:01.000Z,1306278,1890999,2,"Xal'atath's Bargain: Ascendant, Tyrannical, Challenger's Peril, Fortified",朱理,Druid,Balance,dps,Light's Hope
1069,331.6,308281462,10,Mists of Tirna Scithe,2024-11-20T14:07:01.000Z,1306278,1890999,2,"Xal'atath's Bargain: Ascendant, Tyrannical, Challenger's Peril, Fortified",Deathroach,Paladin,Retribution,dps,Chillwind Point
1069,331.6,308281462,10,Mists of Tirna Scithe,2024-11-20T14:07:01.000Z,1306278,1890999,2,"Xal'atath's Bargain: Ascendant, Tyrannical, Challenger's Peril, Fortified",一囧,Warrior,Protection,tank,Whisperwind
1069,331.6,308281462,10,Mists of Tirna Scithe,2024-11-20T14:07:01.000Z,1306278,1890999,2,"Xal'atath's Bargain: Ascendant, Tyrannical, Challenger's Peril, Fortified",槊風和葉,Shaman,Enhancement,dps,Arthas
1070,331.6,293087053,10,Mists of Tirna Scithe,2024-09-25T19:23:53.000Z,1306406,1890999,2,"Xal'atath's Bargain: Ascendant, Tyrannical, Challenger's Peril, Fortified",笑笑努,Monk,Windwalker,dps,Sundown Marsh
1070,331.6,293087053,10,Mists of Tirna Scithe,2024-09-25T19:23:53.000Z,1306406,1890999,2,"Xal'atath's Bargain: Ascendant, Tyrannical, Challenger's Peril, Fortified",君炎,Demon Hunter,Vengeance,tank,Chillwind Point
1070,331.6,293087053,10,Mists of Tirna Scithe,2024-09-25T19:23:53.000Z,1306406,1890999,2,"Xal'atath's Bargain: Ascendant, Tyrannical, Challenger's Peril, Fortified",海伯特,Shaman,Restoration,healer,Zealot Blade
1070,331.6,293087053,10,Mists of Tirna Scithe,2024-09-25T19:23:53.000Z,1306406,1890999,2,"Xal'atath's Bargain: Ascendant, Tyrannical, Challenger's Peril, Fortified",踢宮北武波比,Death Knight,Frost,dps,Chillwind Point
1070,331.6,293087053,10,Mists of Tirna Scithe,2024-09-25T19:23:53.000Z,1306406,1890999,2,"Xal'atath's Bargain: Ascendant, Tyrannical, Challenger's Peril, Fortified",藥膏潮了,Shaman,Enhancement,dps,Arthas
1071,331.6,307168826,10,Mists of Tirna Scithe,2024-11-14T15:43:58.000Z,1306655,1890999,2,"Xal'atath's Bargain: Ascendant, Tyrannical, Challenger's Peril, Fortified",Demian,Warlock,Demonology,dps,Stormscale
1071,331.6,307168826,10,Mists of Tirna Scithe,2024-11-14T15:43:58.000Z,1306655,1890999,2,"Xal'atath's Bargain: Ascendant, Tyrannical, Challenger's Peril, Fortified",心跳很動聽,Priest,Shadow,dps,Stormscale
1071,331.6,307168826,10,Mists of Tirna Scithe,2024-11-14T15:43:58.000Z,1306655,1890999,2,"Xal'atath's Bargain: Ascendant, Tyrannical, Challenger's Peril, Fortified",Pong,Paladin,Protection,tank,Stormscale
1071,331.6,307168826,10,Mists of Tirna Scithe,2024-11-14T15:43:58.000Z,1306655,1890999,2,"Xal'atath's Bargain: Ascendant, Tyrannical, Challenger's Peril, Fortified",湫風,Priest,Discipline,healer,Stormscale
1071,331.6,307168826,10,Mists of Tirna Scithe,2024-11-14T15:43:58.000Z,1306655,1890999,2,"Xal'atath's Bargain: Ascendant, Tyrannical, Challenger's Peril, Fortified",獵人發大財,Hunter,Survival,dps,Stormscale
1072,331.5,307918642,10,Mists of Tirna Scithe,2024-11-18T14:12:44.000Z,1308986,1890999,2,"Xal'atath's Bargain: Ascendant, Tyrannical, Challenger's Peril, Fortified",霜舞者小青,Mage,Fire,dps,Arygos
1072,331.5,307918642,10,Mists of Tirna Scithe,2024-11-18T14:12:44.000Z,1308986,1890999,2,"Xal'atath's Bargain: Ascendant, Tyrannical, Challenger's Peril, Fortified",霜雪繽紛,Druid,Restoration,healer,World Tree
1072,331.5,307918642,10,Mists of Tirna Scithe,2024-11-18T14:12:44.000Z,1308986,1890999,2,"Xal'atath's Bargain: Ascendant, Tyrannical, Challenger's Peril, Fortified",一彩虹盒子一,Paladin,Protection,tank,Quel'dorei
1072,331.5,307918642,10,Mists of Tirna Scithe,2024-11-18T14:12:44.000Z,1308986,1890999,2,"Xal'atath's Bargain: Ascendant, Tyrannical, Challenger's Peril, Fortified",雲卷,Death Knight,Unholy,dps,Arygos
1072,331.5,307918642,10,Mists of Tirna Scithe,2024-11-18T14:12:44.000Z,1308986,1890999,2,"Xal'atath's Bargain: Ascendant, Tyrannical, Challenger's Peril, Fortified",Hclsham,Shaman,Enhancement,dps,Arygos
1073,331.5,308024592,10,Mists of Tirna Scithe,2024-11-19T03:43:21.000Z,1310110,1890999,2,"Xal'atath's Bargain: Ascendant, Tyrannical, Challenger's Peril, Fortified",三重西瓜來,Rogue,Assassination,dps,Dragonmaw
1073,331.5,308024592,10,Mists of Tirna Scithe,2024-11-19T03:43:21.000Z,1310110,1890999,2,"Xal'atath's Bargain: Ascendant, Tyrannical, Challenger's Peril, Fortified",豬豬兒,Paladin,Holy,healer,Skywall
1073,331.5,308024592,10,Mists of Tirna Scithe,2024-11-19T03:43:21.000Z,1310110,1890999,2,"Xal'atath's Bargain: Ascendant, Tyrannical, Challenger's Peril, Fortified",皓玥孤星,Druid,Guardian,tank,Sundown Marsh
1073,331.5,308024592,10,Mists of Tirna Scithe,2024-11-19T03:43:21.000Z,1310110,1890999,2,"Xal'atath's Bargain: Ascendant, Tyrannical, Challenger's Peril, Fortified",Sullivenevo,Evoker,Augmentation,dps,Arthas
1073,331.5,308024592,10,Mists of Tirna Scithe,2024-11-19T03:43:21.000Z,1310110,1890999,2,"Xal'atath's Bargain: Ascendant, Tyrannical, Challenger's Peril, Fortified",那一粒粉紅丶-230947563,Paladin,Retribution,dps,Nightsong
1074,331.5,303392391,10,Mists of Tirna Scithe,2024-10-28T09:22:31.000Z,1311409,1890999,2,"Xal'atath's Bargain: Ascendant, Fortified, Challenger's Peril, Tyrannical",Oofasi,Mage,Arcane,dps,Sundown Marsh
1074,331.5,303392391,10,Mists of Tirna Scithe,2024-10-28T09:22:31.000Z,1311409,1890999,2,"Xal'atath's Bargain: Ascendant, Fortified, Challenger's Peril, Tyrannical",海鹿三仙,Evoker,Devastation,dps,Chillwind Point
1074,331.5,303392391,10,Mists of Tirna Scithe,2024-10-28T09:22:31.000Z,1311409,1890999,2,"Xal'atath's Bargain: Ascendant, Fortified, Challenger's Peril, Tyrannical",看來過倒別,Demon Hunter,Vengeance,tank,Wrathbringer
1074,331.5,303392391,10,Mists of Tirna Scithe,2024-10-28T09:22:31.000Z,1311409,1890999,2,"Xal'atath's Bargain: Ascendant, Fortified, Challenger's Peril, Tyrannical",包屁屁的妞妞,Paladin,Retribution,dps,Sundown Marsh
1074,331.5,303392391,10,Mists of Tirna Scithe,2024-10-28T09:22:31.000Z,1311409,1890999,2,"Xal'atath's Bargain: Ascendant, Fortified, Challenger's Peril, Tyrannical",貼心小棉襖,Monk,Mistweaver,healer,Whisperwind
1075,331.5,302716799,10,Mists of Tirna Scithe,2024-10-25T17:04:12.000Z,1311987,1890999,2,"Xal'atath's Bargain: Ascendant, Fortified, Challenger's Peril, Tyrannical",Linga,Shaman,Elemental,dps,Quel'dorei
1075,331.5,302716799,10,Mists of Tirna Scithe,2024-10-25T17:04:12.000Z,1311987,1890999,2,"Xal'atath's Bargain: Ascendant, Fortified, Challenger's Peril, Tyrannical",奧麗給,Warrior,Protection,tank,Whisperwind
1075,331.5,302716799,10,Mists of Tirna Scithe,2024-10-25T17:04:12.000Z,1311987,1890999,2,"Xal'atath's Bargain: Ascendant, Fortified, Challenger's Peril, Tyrannical",給你一針科興,Priest,Discipline,healer,Crystalpine Stinger
1075,331.5,302716799,10,Mists of Tirna Scithe,2024-10-25T17:04:12.000Z,1311987,1890999,2,"Xal'atath's Bargain: Ascendant, Fortified, Challenger's Peril, Tyrannical",歐欸,Death Knight,Frost,dps,Quel'dorei
1075,331.5,302716799,10,Mists of Tirna Scithe,2024-10-25T17:04:12.000Z,1311987,1890999,2,"Xal'atath's Bargain: Ascendant, Fortified, Challenger's Peril, Tyrannical",丸辣,Death Knight,Frost,dps,Shadowmoon
1076,331.5,302686820,10,Mists of Tirna Scithe,2024-10-25T15:41:22.000Z,1312395,1890999,2,"Xal'atath's Bargain: Ascendant, Fortified, Challenger's Peril, Tyrannical",Loserz,Hunter,Beast Mastery,dps,Arthas
1076,331.5,302686820,10,Mists of Tirna Scithe,2024-10-25T15:41:22.000Z,1312395,1890999,2,"Xal'atath's Bargain: Ascendant, Fortified, Challenger's Peril, Tyrannical",噗噗胖哥,Demon Hunter,Vengeance,tank,Wrathbringer
1076,331.5,302686820,10,Mists of Tirna Scithe,2024-10-25T15:41:22.000Z,1312395,1890999,2,"Xal'atath's Bargain: Ascendant, Fortified, Challenger's Peril, Tyrannical",牛僧儒,Monk,Windwalker,dps,Wrathbringer
1076,331.5,302686820,10,Mists of Tirna Scithe,2024-10-25T15:41:22.000Z,1312395,1890999,2,"Xal'atath's Bargain: Ascendant, Fortified, Challenger's Peril, Tyrannical",Lilies,Druid,Restoration,healer,Nightsong
1076,331.5,302686820,10,Mists of Tirna Scithe,2024-10-25T15:41:22.000Z,1312395,1890999,2,"Xal'atath's Bargain: Ascendant, Fortified, Challenger's Peril, Tyrannical",孤嘯西風,Hunter,Beast Mastery,dps,Wrathbringer
1077,331.5,302841795,10,Mists of Tirna Scithe,2024-10-26T03:41:52.000Z,1312602,1890999,2,"Xal'atath's Bargain: Ascendant, Fortified, Challenger's Peril, Tyrannical",基本電學,Shaman,Restoration,healer,Shadowmoon
1077,331.5,302841795,10,Mists of Tirna Scithe,2024-10-26T03:41:52.000Z,1312602,1890999,2,"Xal'atath's Bargain: Ascendant, Fortified, Challenger's Peril, Tyrannical",奶綠杯杯,Hunter,Survival,dps,Shadowmoon
1077,331.5,302841795,10,Mists of Tirna Scithe,2024-10-26T03:41:52.000Z,1312602,1890999,2,"Xal'atath's Bargain: Ascendant, Fortified, Challenger's Peril, Tyrannical",七風蛋糕,Hunter,Beast Mastery,dps,Quel'dorei
1077,331.5,302841795,10,Mists of Tirna Scithe,2024-10-26T03:41:52.000Z,1312602,1890999,2,"Xal'atath's Bargain: Ascendant, Fortified, Challenger's Peril, Tyrannical",黃心怡,Demon Hunter,Vengeance,tank,Quel'dorei
1077,331.5,302841795,10,Mists of Tirna Scithe,2024-10-26T03:41:52.000Z,1312602,1890999,2,"Xal'atath's Bargain: Ascendant, Fortified, Challenger's Peril, Tyrannical",眾星之眠,Mage,Fire,dps,Shadowmoon
1078,331.5,308075630,10,Mists of Tirna Scithe,2024-11-19T13:45:35.000Z,1312785,1890999,2,"Xal'atath's Bargain: Ascendant, Tyrannical, Challenger's Peril, Fortified",感冒用術士,Warlock,Destruction,dps,Chillwind Point
1078,331.5,308075630,10,Mists of Tirna Scithe,2024-11-19T13:45:35.000Z,1312785,1890999,2,"Xal'atath's Bargain: Ascendant, Tyrannical, Challenger's Peril, Fortified",糯米薩滿,Shaman,Restoration,healer,Order of the Cloud Serpent
1078,331.5,308075630,10,Mists of Tirna Scithe,2024-11-19T13:45:35.000Z,1312785,1890999,2,"Xal'atath's Bargain: Ascendant, Tyrannical, Challenger's Peril, Fortified",怪形怪狀,Paladin,Protection,tank,Chillwind Point
1078,331.5,308075630,10,Mists of Tirna Scithe,2024-11-19T13:45:35.000Z,1312785,1890999,2,"Xal'atath's Bargain: Ascendant, Tyrannical, Challenger's Peril, Fortified",七上八薩,Shaman,Enhancement,dps,Demon Fall Canyon
1078,331.5,308075630,10,Mists of Tirna Scithe,2024-11-19T13:45:35.000Z,1312785,1890999,2,"Xal'atath's Bargain: Ascendant, Tyrannical, Challenger's Peril, Fortified",妳媽在天上飛,Mage,Frost,dps,Spirestone
1079,331.5,307749577,10,Mists of Tirna Scithe,2024-11-17T16:37:47.000Z,1313606,1890999,2,"Xal'atath's Bargain: Ascendant, Tyrannical, Challenger's Peril, Fortified",砸貨電老闆,Rogue,Outlaw,dps,Nightsong
1079,331.5,307749577,10,Mists of Tirna Scithe,2024-11-17T16:37:47.000Z,1313606,1890999,2,"Xal'atath's Bargain: Ascendant, Tyrannical, Challenger's Peril, Fortified",廟爺,Warrior,Protection,tank,Dragonmaw
1079,331.5,307749577,10,Mists of Tirna Scithe,2024-11-17T16:37:47.000Z,1313606,1890999,2,"Xal'atath's Bargain: Ascendant, Tyrannical, Challenger's Peril, Fortified",狠餃色,Druid,Balance,dps,Nightsong
1079,331.5,307749577,10,Mists of Tirna Scithe,2024-11-17T16:37:47.000Z,1313606,1890999,2,"Xal'atath's Bargain: Ascendant, Tyrannical, Challenger's Peril, Fortified",Lattedutemp,Death Knight,Unholy,dps,Spirestone
1079,331.5,307749577,10,Mists of Tirna Scithe,2024-11-17T16:37:47.000Z,1313606,1890999,2,"Xal'atath's Bargain: Ascendant, Tyrannical, Challenger's Peril, Fortified",Tmay,Evoker,Preservation,healer,Nightsong
1080,331.4,307914739,10,Mists of Tirna Scithe,2024-11-18T14:21:05.000Z,1313640,1890999,2,"Xal'atath's Bargain: Ascendant, Tyrannical, Challenger's Peril, Fortified",腳在麻,Hunter,Beast Mastery,dps,Arthas
1080,331.4,307914739,10,Mists of Tirna Scithe,2024-11-18T14:21:05.000Z,1313640,1890999,2,"Xal'atath's Bargain: Ascendant, Tyrannical, Challenger's Peril, Fortified",滅天使,Mage,Frost,dps,Hellscream
1080,331.4,307914739,10,Mists of Tirna Scithe,2024-11-18T14:21:05.000Z,1313640,1890999,2,"Xal'atath's Bargain: Ascendant, Tyrannical, Challenger's Peril, Fortified",褲襠草上飛,Monk,Mistweaver,healer,Zealot Blade
1080,331.4,307914739,10,Mists of Tirna Scithe,2024-11-18T14:21:05.000Z,1313640,1890999,2,"Xal'atath's Bargain: Ascendant, Tyrannical, Challenger's Peril, Fortified",死柄木弔,Death Knight,Blood,tank,Arthas
1080,331.4,307914739,10,Mists of Tirna Scithe,2024-11-18T14:21:05.000Z,1313640,1890999,2,"Xal'atath's Bargain: Ascendant, Tyrannical, Challenger's Peril, Fortified",褲襠大藍鮫,Rogue,Assassination,dps,Arthas
1081,331.4,307706768,10,Mists of Tirna Scithe,2024-11-17T12:10:06.000Z,1314873,1890999,2,"Xal'atath's Bargain: Ascendant, Tyrannical, Challenger's Peril, Fortified",皇絕,Paladin,Retribution,dps,Shadowmoon
1081,331.4,307706768,10,Mists of Tirna Scithe,2024-11-17T12:10:06.000Z,1314873,1890999,2,"Xal'atath's Bargain: Ascendant, Tyrannical, Challenger's Peril, Fortified",漂流箭雨,Hunter,Survival,dps,Silverwing Hold
1081,331.4,307706768,10,Mists of Tirna Scithe,2024-11-17T12:10:06.000Z,1314873,1890999,2,"Xal'atath's Bargain: Ascendant, Tyrannical, Challenger's Peril, Fortified",嘛嘛咪呀,Warlock,Demonology,dps,Shadowmoon
1081,331.4,307706768,10,Mists of Tirna Scithe,2024-11-17T12:10:06.000Z,1314873,1890999,2,"Xal'atath's Bargain: Ascendant, Tyrannical, Challenger's Peril, Fortified",銀懸,Shaman,Restoration,healer,Wrathbringer
1081,331.4,307706768,10,Mists of Tirna Scithe,2024-11-17T12:10:06.000Z,1314873,1890999,2,"Xal'atath's Bargain: Ascendant, Tyrannical, Challenger's Peril, Fortified",Yingmingkit,Death Knight,Blood,tank,Arygos
1082,331.4,303621020,10,Mists of Tirna Scithe,2024-10-28T20:52:11.000Z,1315025,1890999,2,"Xal'atath's Bargain: Ascendant, Fortified, Challenger's Peril, Tyrannical",紫晨曦,Paladin,Holy,healer,Nightsong
1082,331.4,303621020,10,Mists of Tirna Scithe,2024-10-28T20:52:11.000Z,1315025,1890999,2,"Xal'atath's Bargain: Ascendant, Fortified, Challenger's Peril, Tyrannical",Acq,Paladin,Retribution,dps,Nightsong
1082,331.4,303621020,10,Mists of Tirna Scithe,2024-10-28T20:52:11.000Z,1315025,1890999,2,"Xal'atath's Bargain: Ascendant, Fortified, Challenger's Peril, Tyrannical",Ellyrose,Warlock,Demonology,dps,Nightsong
1082,331.4,303621020,10,Mists of Tirna Scithe,2024-10-28T20:52:11.000Z,1315025,1890999,2,"Xal'atath's Bargain: Ascendant, Fortified, Challenger's Peril, Tyrannical",艾默瑞斯,Hunter,Survival,dps,Nightsong
1082,331.4,303621020,10,Mists of Tirna Scithe,2024-10-28T20:52:11.000Z,1315025,1890999,2,"Xal'atath's Bargain: Ascendant, Fortified, Challenger's Peril, Tyrannical",酷拉皮卡,Druid,Guardian,tank,Stormscale
1083,331.4,307291204,10,Mists of Tirna Scithe,2024-11-15T09:08:55.000Z,1315044,1890999,2,"Xal'atath's Bargain: Ascendant, Tyrannical, Challenger's Peril, Fortified",柳橙丁,Mage,Arcane,dps,Zealot Blade
1083,331.4,307291204,10,Mists of Tirna Scithe,2024-11-15T09:08:55.000Z,1315044,1890999,2,"Xal'atath's Bargain: Ascendant, Tyrannical, Challenger's Peril, Fortified",花青青,Druid,Restoration,healer,Demon Fall Canyon
1083,331.4,307291204,10,Mists of Tirna Scithe,2024-11-15T09:08:55.000Z,1315044,1890999,2,"Xal'atath's Bargain: Ascendant, Tyrannical, Challenger's Peril, Fortified",Mejumpdk,Death Knight,Blood,tank,Shadowmoon
1083,331.4,307291204,10,Mists of Tirna Scithe,2024-11-15T09:08:55.000Z,1315044,1890999,2,"Xal'atath's Bargain: Ascendant, Tyrannical, Challenger's Peril, Fortified",娜小米,Priest,Shadow,dps,Arygos
1083,331.4,307291204,10,Mists of Tirna Scithe,2024-11-15T09:08:55.000Z,1315044,1890999,2,"Xal'atath's Bargain: Ascendant, Tyrannical, Challenger's Peril, Fortified",Azazell,Rogue,Assassination,dps,World Tree
1084,331.4,307461117,10,Mists of Tirna Scithe,2024-11-16T06:54:05.000Z,1315843,1890999,2,"Xal'atath's Bargain: Ascendant, Tyrannical, Challenger's Peril, Fortified",蒼天疾驅,Demon Hunter,Vengeance,tank,Bleeding Hollow
1084,331.4,307461117,10,Mists of Tirna Scithe,2024-11-16T06:54:05.000Z,1315843,1890999,2,"Xal'atath's Bargain: Ascendant, Tyrannical, Challenger's Peril, Fortified",幽靈小倩,Priest,Discipline,healer,Wrathbringer
1084,331.4,307461117,10,Mists of Tirna Scithe,2024-11-16T06:54:05.000Z,1315843,1890999,2,"Xal'atath's Bargain: Ascendant, Tyrannical, Challenger's Peril, Fortified",三皈依,Shaman,Enhancement,dps,Shadowmoon
1084,331.4,307461117,10,Mists of Tirna Scithe,2024-11-16T06:54:05.000Z,1315843,1890999,2,"Xal'atath's Bargain: Ascendant, Tyrannical, Challenger's Peril, Fortified",皮卡邱邱,Shaman,Enhancement,dps,Sundown Marsh
1084,331.4,307461117,10,Mists of Tirna Scithe,2024-11-16T06:54:05.000Z,1315843,1890999,2,"Xal'atath's Bargain: Ascendant, Tyrannical, Challenger's Peril, Fortified",吸多年的農藥,Mage,Frost,dps,Menethil
1085,331.4,307141092,10,Mists of Tirna Scithe,2024-11-14T10:44:48.000Z,1316080,1890999,2,"Xal'atath's Bargain: Ascendant, Tyrannical, Challenger's Peril, Fortified",Lapetos,Rogue,Assassination,dps,Shadowmoon
1085,331.4,307141092,10,Mists of Tirna Scithe,2024-11-14T10:44:48.000Z,1316080,1890999,2,"Xal'atath's Bargain: Ascendant, Tyrannical, Challenger's Peril, Fortified",非凡之血,Mage,Frost,dps,Spirestone
1085,331.4,307141092,10,Mists of Tirna Scithe,2024-11-14T10:44:48.000Z,1316080,1890999,2,"Xal'atath's Bargain: Ascendant, Tyrannical, Challenger's Peril, Fortified",眼眸那抹笑,Hunter,Beast Mastery,dps,Crystalpine Stinger
1085,331.4,307141092,10,Mists of Tirna Scithe,2024-11-14T10:44:48.000Z,1316080,1890999,2,"Xal'atath's Bargain: Ascendant, Tyrannical, Challenger's Peril, Fortified",櫻華月響,Death Knight,Blood,tank,Sundown Marsh
1085,331.4,307141092,10,Mists of Tirna Scithe,2024-11-14T10:44:48.000Z,1316080,1890999,2,"Xal'atath's Bargain: Ascendant, Tyrannical, Challenger's Peril, Fortified",錢妞妞,Shaman,Restoration,healer,Wrathbringer
1086,331.4,308288461,10,Mists of Tirna Scithe,2024-11-20T15:14:47.000Z,1316244,1890999,2,"Xal'atath's Bargain: Ascendant, Tyrannical, Challenger's Peril, Fortified",豬阿,Mage,Frost,dps,Light's Hope
1086,331.4,308288461,10,Mists of Tirna Scithe,2024-11-20T15:14:47.000Z,1316244,1890999,2,"Xal'atath's Bargain: Ascendant, Tyrannical, Challenger's Peril, Fortified",杏花微雨,Priest,Holy,healer,Demon Fall Canyon
1086,331.4,308288461,10,Mists of Tirna Scithe,2024-11-20T15:14:47.000Z,1316244,1890999,2,"Xal'atath's Bargain: Ascendant, Tyrannical, Challenger's Peril, Fortified",滷洨武僧,Monk,Brewmaster,tank,Skywall
1086,331.4,308288461,10,Mists of Tirna Scithe,2024-11-20T15:14:47.000Z,1316244,1890999,2,"Xal'atath's Bargain: Ascendant, Tyrannical, Challenger's Peril, Fortified",血雨探花,Death Knight,Frost,dps,Demon Fall Canyon
1086,331.4,308288461,10,Mists of Tirna Scithe,2024-11-20T15:14:47.000Z,1316244,1890999,2,"Xal'atath's Bargain: Ascendant, Tyrannical, Challenger's Peril, Fortified",笑死哈哈,Paladin,Retribution,dps,Frostmane
1087,331.4,305542026,10,Mists of Tirna Scithe,2024-11-13T23:45:53.000Z,1316394,1890999,2,"Xal'atath's Bargain: Ascendant, Tyrannical, Challenger's Peril, Fortified",挖咖摸多,Death Knight,Blood,tank,Arygos
1087,331.4,305542026,10,Mists of Tirna Scithe,2024-11-13T23:45:53.000Z,1316394,1890999,2,"Xal'atath's Bargain: Ascendant, Tyrannical, Challenger's Peril, Fortified",Arskia,Shaman,Enhancement,dps,Arygos
1087,331.4,305542026,10,Mists of Tirna Scithe,2024-11-13T23:45:53.000Z,1316394,1890999,2,"Xal'atath's Bargain: Ascendant, Tyrannical, Challenger's Peril, Fortified",Jjay,Rogue,Assassination,dps,Arygos
1087,331.4,305542026,10,Mists of Tirna Scithe,2024-11-13T23:45:53.000Z,1316394,1890999,2,"Xal'atath's Bargain: Ascendant, Tyrannical, Challenger's Peril, Fortified",咪咪茆茆,Priest,Holy,healer,Arygos
1087,331.4,305542026,10,Mists of Tirna Scithe,2024-11-13T23:45:53.000Z,1316394,1890999,2,"Xal'atath's Bargain: Ascendant, Tyrannical, Challenger's Peril, Fortified",Saruei,Death Knight,Frost,dps,Arygos
1088,331.4,308174714,10,Mists of Tirna Scithe,2024-11-19T21:48:29.000Z,1317185,1890999,2,"Xal'atath's Bargain: Ascendant, Tyrannical, Challenger's Peril, Fortified",宿便博士,Warrior,Protection,tank,Nightsong
1088,331.4,308174714,10,Mists of Tirna Scithe,2024-11-19T21:48:29.000Z,1317185,1890999,2,"Xal'atath's Bargain: Ascendant, Tyrannical, Challenger's Peril, Fortified",瑪瑞安娜,Druid,Feral,dps,Silverwing Hold
1088,331.4,308174714,10,Mists of Tirna Scithe,2024-11-19T21:48:29.000Z,1317185,1890999,2,"Xal'atath's Bargain: Ascendant, Tyrannical, Challenger's Peril, Fortified",米妮妮小肚嘟,Shaman,Elemental,dps,Zealot Blade
1088,331.4,308174714,10,Mists of Tirna Scithe,2024-11-19T21:48:29.000Z,1317185,1890999,2,"Xal'atath's Bargain: Ascendant, Tyrannical, Challenger's Peril, Fortified",歸途,Rogue,Assassination,dps,Zealot Blade
1088,331.4,308174714,10,Mists of Tirna Scithe,2024-11-19T21:48:29.000Z,1317185,1890999,2,"Xal'atath's Bargain: Ascendant, Tyrannical, Challenger's Peril, Fortified",炎上泡泡,Shaman,Restoration,healer,Hellscream
1089,331.4,308307782,10,Mists of Tirna Scithe,2024-11-20T13:56:16.000Z,1317325,1890999,2,"Xal'atath's Bargain: Ascendant, Tyrannical, Challenger's Peril, Fortified",Bigchicken,Paladin,Retribution,dps,Light's Hope
1089,331.4,308307782,10,Mists of Tirna Scithe,2024-11-20T13:56:16.000Z,1317325,1890999,2,"Xal'atath's Bargain: Ascendant, Tyrannical, Challenger's Peril, Fortified",我看起來真矮,Death Knight,Unholy,dps,Sundown Marsh
1089,331.4,308307782,10,Mists of Tirna Scithe,2024-11-20T13:56:16.000Z,1317325,1890999,2,"Xal'atath's Bargain: Ascendant, Tyrannical, Challenger's Peril, Fortified",Dirklike,Warrior,Protection,tank,Shadowmoon
1089,331.4,308307782,10,Mists of Tirna Scithe,2024-11-20T13:56:16.000Z,1317325,1890999,2,"Xal'atath's Bargain: Ascendant, Tyrannical, Challenger's Peril, Fortified",陌九,Druid,Balance,dps,Frostmane
1089,331.4,308307782,10,Mists of Tirna Scithe,2024-11-20T13:56:16.000Z,1317325,1890999,2,"Xal'atath's Bargain: Ascendant, Tyrannical, Challenger's Peril, Fortified",瀰羊,Shaman,Restoration,healer,Arthas
1090,331.4,307432809,10,Mists of Tirna Scithe,2024-11-16T02:40:44.000Z,1318118,1890999,2,"Xal'atath's Bargain: Ascendant, Tyrannical, Challenger's Peril, Fortified",亂刀迅雷,Death Knight,Frost,dps,Wrathbringer
1090,331.4,307432809,10,Mists of Tirna Scithe,2024-11-16T02:40:44.000Z,1318118,1890999,2,"Xal'atath's Bargain: Ascendant, Tyrannical, Challenger's Peril, Fortified",三連星,Hunter,Beast Mastery,dps,Shadowmoon
1090,331.4,307432809,10,Mists of Tirna Scithe,2024-11-16T02:40:44.000Z,1318118,1890999,2,"Xal'atath's Bargain: Ascendant, Tyrannical, Challenger's Peril, Fortified",穢邪路路,Death Knight,Unholy,dps,Arygos
1090,331.4,307432809,10,Mists of Tirna Scithe,2024-11-16T02:40:44.000Z,1318118,1890999,2,"Xal'atath's Bargain: Ascendant, Tyrannical, Challenger's Peril, Fortified",Stationchef,Druid,Guardian,tank,Skywall
1090,331.4,307432809,10,Mists of Tirna Scithe,2024-11-16T02:40:44.000Z,1318118,1890999,2,"Xal'atath's Bargain: Ascendant, Tyrannical, Challenger's Peril, Fortified",動態平衡,Shaman,Restoration,healer,Shadowmoon
1091,331.4,307522024,10,Mists of Tirna Scithe,2024-11-16T15:50:23.000Z,1318163,1890999,2,"Xal'atath's Bargain: Ascendant, Tyrannical, Challenger's Peril, Fortified",美味風蛇,Warrior,Protection,tank,Shadowmoon
1091,331.4,307522024,10,Mists of Tirna Scithe,2024-11-16T15:50:23.000Z,1318163,1890999,2,"Xal'atath's Bargain: Ascendant, Tyrannical, Challenger's Peril, Fortified",風龍烙,Monk,Mistweaver,healer,World Tree
1091,331.4,307522024,10,Mists of Tirna Scithe,2024-11-16T15:50:23.000Z,1318163,1890999,2,"Xal'atath's Bargain: Ascendant, Tyrannical, Challenger's Peril, Fortified",豬排丼,Paladin,Retribution,dps,Whisperwind
1091,331.4,307522024,10,Mists of Tirna Scithe,2024-11-16T15:50:23.000Z,1318163,1890999,2,"Xal'atath's Bargain: Ascendant, Tyrannical, Challenger's Peril, Fortified",茶水弟弟,Priest,Shadow,dps,Whisperwind
1091,331.4,307522024,10,Mists of Tirna Scithe,2024-11-16T15:50:23.000Z,1318163,1890999,2,"Xal'atath's Bargain: Ascendant, Tyrannical, Challenger's Peril, Fortified",阪口,Shaman,Enhancement,dps,Dragonmaw
1092,331.3,301692900,10,Mists of Tirna Scithe,2024-10-24T14:47:22.000Z,1319473,1890999,2,"Xal'atath's Bargain: Ascendant, Fortified, Challenger's Peril, Tyrannical",Demian,Warlock,Demonology,dps,Stormscale
1092,331.3,301692900,10,Mists of Tirna Scithe,2024-10-24T14:47:22.000Z,1319473,1890999,2,"Xal'atath's Bargain: Ascendant, Fortified, Challenger's Peril, Tyrannical",哈茲卡析,Warlock,Affliction,dps,Nightsong
1092,331.3,301692900,10,Mists of Tirna Scithe,2024-10-24T14:47:22.000Z,1319473,1890999,2,"Xal'atath's Bargain: Ascendant, Fortified, Challenger's Peril, Tyrannical",Pong,Paladin,Protection,tank,Stormscale
1092,331.3,301692900,10,Mists of Tirna Scithe,2024-10-24T14:47:22.000Z,1319473,1890999,2,"Xal'atath's Bargain: Ascendant, Fortified, Challenger's Peril, Tyrannical",湫風,Priest,Discipline,healer,Stormscale
1092,331.3,301692900,10,Mists of Tirna Scithe,2024-10-24T14:47:22.000Z,1319473,1890999,2,"Xal'atath's Bargain: Ascendant, Fortified, Challenger's Peril, Tyrannical",火焰魔法師,Mage,Arcane,dps,Stormscale
1093,331.3,302626461,10,Mists of Tirna Scithe,2024-10-25T07:16:53.000Z,1320349,1890999,2,"Xal'atath's Bargain: Ascendant, Fortified, Challenger's Peril, Tyrannical",Holyfish,Druid,Balance,dps,Arygos
1093,331.3,302626461,10,Mists of Tirna Scithe,2024-10-25T07:16:53.000Z,1320349,1890999,2,"Xal'atath's Bargain: Ascendant, Fortified, Challenger's Peril, Tyrannical",八卦嬸,Druid,Guardian,tank,Quel'dorei
1093,331.3,302626461,10,Mists of Tirna Scithe,2024-10-25T07:16:53.000Z,1320349,1890999,2,"Xal'atath's Bargain: Ascendant, Fortified, Challenger's Peril, Tyrannical",Vicmage,Mage,Arcane,dps,Shadowmoon
1093,331.3,302626461,10,Mists of Tirna Scithe,2024-10-25T07:16:53.000Z,1320349,1890999,2,"Xal'atath's Bargain: Ascendant, Fortified, Challenger's Peril, Tyrannical",灬颩凨灬,Demon Hunter,Havoc,dps,World Tree
1093,331.3,302626461,10,Mists of Tirna Scithe,2024-10-25T07:16:53.000Z,1320349,1890999,2,"Xal'atath's Bargain: Ascendant, Fortified, Challenger's Peril, Tyrannical",齊格佛雷德,Shaman,Restoration,healer,Shadowmoon
1094,331.3,265261153,10,Mists of Tirna Scithe,2024-11-17T09:00:46.000Z,1320426,1890999,2,"Xal'atath's Bargain: Ascendant, Tyrannical, Challenger's Peril, Fortified",納米斯,Priest,Holy,healer,Light's Hope
1094,331.3,265261153,10,Mists of Tirna Scithe,2024-11-17T09:00:46.000Z,1320426,1890999,2,"Xal'atath's Bargain: Ascendant, Tyrannical, Challenger's Peril, Fortified",席飛斯,Mage,Frost,dps,Sundown Marsh
1094,331.3,265261153,10,Mists of Tirna Scithe,2024-11-17T09:00:46.000Z,1320426,1890999,2,"Xal'atath's Bargain: Ascendant, Tyrannical, Challenger's Peril, Fortified",你洗澡我偷看,Monk,Brewmaster,tank,Demon Fall Canyon
1094,331.3,265261153,10,Mists of Tirna Scithe,2024-11-17T09:00:46.000Z,1320426,1890999,2,"Xal'atath's Bargain: Ascendant, Tyrannical, Challenger's Peril, Fortified",天國殺戮,Warlock,Destruction,dps,Sundown Marsh
1094,331.3,265261153,10,Mists of Tirna Scithe,2024-11-17T09:00:46.000Z,1320426,1890999,2,"Xal'atath's Bargain: Ascendant, Tyrannical, Challenger's Peril, Fortified",阿爾迪斯,Warrior,Fury,dps,Wrathbringer
1095,331.3,302718235,10,Mists of Tirna Scithe,2024-10-25T06:54:07.000Z,1322130,1890999,2,"Xal'atath's Bargain: Ascendant, Fortified, Challenger's Peril, Tyrannical",排骨雞,Warrior,Fury,dps,Crystalpine Stinger
1095,331.3,302718235,10,Mists of Tirna Scithe,2024-10-25T06:54:07.000Z,1322130,1890999,2,"Xal'atath's Bargain: Ascendant, Fortified, Challenger's Peril, Tyrannical",Walkerdk,Death Knight,Frost,dps,World Tree
1095,331.3,302718235,10,Mists of Tirna Scithe,2024-10-25T06:54:07.000Z,1322130,1890999,2,"Xal'atath's Bargain: Ascendant, Fortified, Challenger's Peril, Tyrannical",貓貓薩,Shaman,Restoration,healer,Wrathbringer
1095,331.3,302718235,10,Mists of Tirna Scithe,2024-10-25T06:54:07.000Z,1322130,1890999,2,"Xal'atath's Bargain: Ascendant, Fortified, Challenger's Peril, Tyrannical",明日的希望,Mage,Frost,dps,Sundown Marsh
1095,331.3,302718235,10,Mists of Tirna Scithe,2024-10-25T06:54:07.000Z,1322130,1890999,2,"Xal'atath's Bargain: Ascendant, Fortified, Challenger's Peril, Tyrannical",Didilong,Warrior,Protection,tank,Nightsong
1096,331.3,303401767,10,Mists of Tirna Scithe,2024-10-27T14:57:08.000Z,1322428,1890999,2,"Xal'atath's Bargain: Ascendant, Fortified, Challenger's Peril, Tyrannical",於戲,Shaman,Elemental,dps,Shadowmoon
1096,331.3,303401767,10,Mists of Tirna Scithe,2024-10-27T14:57:08.000Z,1322428,1890999,2,"Xal'atath's Bargain: Ascendant, Fortified, Challenger's Peril, Tyrannical",再苟一回合,Warrior,Protection,tank,Shadowmoon
1096,331.3,303401767,10,Mists of Tirna Scithe,2024-10-27T14:57:08.000Z,1322428,1890999,2,"Xal'atath's Bargain: Ascendant, Fortified, Challenger's Peril, Tyrannical",大文,Paladin,Retribution,dps,Shadowmoon
1096,331.3,303401767,10,Mists of Tirna Scithe,2024-10-27T14:57:08.000Z,1322428,1890999,2,"Xal'atath's Bargain: Ascendant, Fortified, Challenger's Peril, Tyrannical",又乾您什麼事,Shaman,Restoration,healer,Whisperwind
1096,331.3,303401767,10,Mists of Tirna Scithe,2024-10-27T14:57:08.000Z,1322428,1890999,2,"Xal'atath's Bargain: Ascendant, Fortified, Challenger's Peril, Tyrannical",霜風殘月,Death Knight,Frost,dps,Whisperwind
1097,331.3,307706774,10,Mists of Tirna Scithe,2024-11-17T12:20:46.000Z,1322859,1890999,2,"Xal'atath's Bargain: Ascendant, Tyrannical, Challenger's Peril, Fortified",Walkerss,Warlock,Demonology,dps,World Tree
1097,331.3,307706774,10,Mists of Tirna Scithe,2024-11-17T12:20:46.000Z,1322859,1890999,2,"Xal'atath's Bargain: Ascendant, Tyrannical, Challenger's Peril, Fortified",Kitkitkit,Paladin,Protection,tank,Skywall
1097,331.3,307706774,10,Mists of Tirna Scithe,2024-11-17T12:20:46.000Z,1322859,1890999,2,"Xal'atath's Bargain: Ascendant, Tyrannical, Challenger's Peril, Fortified",一记喵喵拳,Shaman,Enhancement,dps,Sundown Marsh
1097,331.3,307706774,10,Mists of Tirna Scithe,2024-11-17T12:20:46.000Z,1322859,1890999,2,"Xal'atath's Bargain: Ascendant, Tyrannical, Challenger's Peril, Fortified",萌萌小腦斧,Paladin,Retribution,dps,Skywall
1097,331.3,307706774,10,Mists of Tirna Scithe,2024-11-17T12:20:46.000Z,1322859,1890999,2,"Xal'atath's Bargain: Ascendant, Tyrannical, Challenger's Peril, Fortified",絲利娜,Priest,Discipline,healer,Skywall
1098,331.3,307091112,10,Mists of Tirna Scithe,2024-11-14T00:02:11.000Z,1323141,1890999,2,"Xal'atath's Bargain: Ascendant, Tyrannical, Challenger's Peril, Fortified",尤文,Priest,Discipline,healer,Whisperwind
1098,331.3,307091112,10,Mists of Tirna Scithe,2024-11-14T00:02:11.000Z,1323141,1890999,2,"Xal'atath's Bargain: Ascendant, Tyrannical, Challenger's Peril, Fortified",切糕刺客,Paladin,Retribution,dps,Crystalpine Stinger
1098,331.3,307091112,10,Mists of Tirna Scithe,2024-11-14T00:02:11.000Z,1323141,1890999,2,"Xal'atath's Bargain: Ascendant, Tyrannical, Challenger's Peril, Fortified",醒來,Shaman,Enhancement,dps,Shadowmoon
1098,331.3,307091112,10,Mists of Tirna Scithe,2024-11-14T00:02:11.000Z,1323141,1890999,2,"Xal'atath's Bargain: Ascendant, Tyrannical, Challenger's Peril, Fortified",赤霄,Paladin,Protection,tank,Crystalpine Stinger
1098,331.3,307091112,10,Mists of Tirna Scithe,2024-11-14T00:02:11.000Z,1323141,1890999,2,"Xal'atath's Bargain: Ascendant, Tyrannical, Challenger's Peril, Fortified",十小魚十,Shaman,Elemental,dps,Shadowmoon
1099,331.3,307928029,10,Mists of Tirna Scithe,2024-11-18T16:36:07.000Z,1323172,1890999,2,"Xal'atath's Bargain: Ascendant, Tyrannical, Challenger's Peril, Fortified",紀天胤禪武,Monk,Mistweaver,healer,Nightsong
1099,331.3,307928029,10,Mists of Tirna Scithe,2024-11-18T16:36:07.000Z,1323172,1890999,2,"Xal'atath's Bargain: Ascendant, Tyrannical, Challenger's Peril, Fortified",巫蠱機,Evoker,Augmentation,dps,Bleeding Hollow
1099,331.3,307928029,10,Mists of Tirna Scithe,2024-11-18T16:36:07.000Z,1323172,1890999,2,"Xal'atath's Bargain: Ascendant, Tyrannical, Challenger's Peril, Fortified",小寶妮,Paladin,Protection,tank,Nightsong
1099,331.3,307928029,10,Mists of Tirna Scithe,2024-11-18T16:36:07.000Z,1323172,1890999,2,"Xal'atath's Bargain: Ascendant, Tyrannical, Challenger's Peril, Fortified",夏恩諾斯,Death Knight,Frost,dps,Nightsong
1099,331.3,307928029,10,Mists of Tirna Scithe,2024-11-18T16:36:07.000Z,1323172,1890999,2,"Xal'atath's Bargain: Ascendant, Tyrannical, Challenger's Peril, Fortified",哈鄚,Rogue,Assassination,dps,Nightsong
1100,331.2,303817524,10,Mists of Tirna Scithe,2024-10-30T07:58:12.000Z,1325015,1890999,2,"Xal'atath's Bargain: Ascendant, Fortified, Challenger's Peril, Tyrannical",圣靈之怒,Paladin,Protection,tank,Frostmane
1100,331.2,303817524,10,Mists of Tirna Scithe,2024-10-30T07:58:12.000Z,1325015,1890999,2,"Xal'atath's Bargain: Ascendant, Fortified, Challenger's Peril, Tyrannical",溝北溝北,Druid,Restoration,healer,World Tree
1100,331.2,303817524,10,Mists of Tirna Scithe,2024-10-30T07:58:12.000Z,1325015,1890999,2,"Xal'atath's Bargain: Ascendant, Fortified, Challenger's Peril, Tyrannical",炮聖剩光,Paladin,Retribution,dps,Nightsong
1100,331.2,303817524,10,Mists of Tirna Scithe,2024-10-30T07:58:12.000Z,1325015,1890999,2,"Xal'atath's Bargain: Ascendant, Fortified, Challenger's Peril, Tyrannical",晴之銀狼,Paladin,Retribution,dps,Nightsong
1100,331.2,303817524,10,Mists of Tirna Scithe,2024-10-30T07:58:12.000Z,1325015,1890999,2,"Xal'atath's Bargain: Ascendant, Fortified, Challenger's Peril, Tyrannical",夏蟒,Shaman,Elemental,dps,World Tree
1101,331.2,303626194,10,Mists of Tirna Scithe,2024-10-29T04:28:26.000Z,1325411,1890999,2,"Xal'atath's Bargain: Ascendant, Fortified, Challenger's Peril, Tyrannical",六呂,Priest,Shadow,dps,Wrathbringer
1101,331.2,303626194,10,Mists of Tirna Scithe,2024-10-29T04:28:26.000Z,1325411,1890999,2,"Xal'atath's Bargain: Ascendant, Fortified, Challenger's Peril, Tyrannical",九嫂,Shaman,Restoration,healer,Silverwing Hold
1101,331.2,303626194,10,Mists of Tirna Scithe,2024-10-29T04:28:26.000Z,1325411,1890999,2,"Xal'atath's Bargain: Ascendant, Fortified, Challenger's Peril, Tyrannical",犀牛,Paladin,Protection,tank,Shadowmoon
1101,331.2,303626194,10,Mists of Tirna Scithe,2024-10-29T04:28:26.000Z,1325411,1890999,2,"Xal'atath's Bargain: Ascendant, Fortified, Challenger's Peril, Tyrannical",Worrynedwhen,Mage,Frost,dps,Menethil
1101,331.2,303626194,10,Mists of Tirna Scithe,2024-10-29T04:28:26.000Z,1325411,1890999,2,"Xal'atath's Bargain: Ascendant, Fortified, Challenger's Peril, Tyrannical",熊咪,Death Knight,Frost,dps,Bleeding Hollow
1102,331.2,308075410,10,Mists of Tirna Scithe,2024-11-19T13:42:44.000Z,1327117,1890999,2,"Xal'atath's Bargain: Ascendant, Tyrannical, Challenger's Peril, Fortified",小軟吧,Druid,Balance,dps,Icecrown
1102,331.2,308075410,10,Mists of Tirna Scithe,2024-11-19T13:42:44.000Z,1327117,1890999,2,"Xal'atath's Bargain: Ascendant, Tyrannical, Challenger's Peril, Fortified",蘑菇殿下,Shaman,Restoration,healer,Bleeding Hollow
1102,331.2,308075410,10,Mists of Tirna Scithe,2024-11-19T13:42:44.000Z,1327117,1890999,2,"Xal'atath's Bargain: Ascendant, Tyrannical, Challenger's Peril, Fortified",餘霞,Death Knight,Blood,tank,Bleeding Hollow
1102,331.2,308075410,10,Mists of Tirna Scithe,2024-11-19T13:42:44.000Z,1327117,1890999,2,"Xal'atath's Bargain: Ascendant, Tyrannical, Challenger's Peril, Fortified",Lunatea,Paladin,Retribution,dps,Bleeding Hollow
1102,331.2,308075410,10,Mists of Tirna Scithe,2024-11-19T13:42:44.000Z,1327117,1890999,2,"Xal'atath's Bargain: Ascendant, Tyrannical, Challenger's Peril, Fortified",跑跑先不要,Warlock,Demonology,dps,Bleeding Hollow
1103,331.2,302873999,10,Mists of Tirna Scithe,2024-10-26T08:39:31.000Z,1327788,1890999,2,"Xal'atath's Bargain: Ascendant, Fortified, Challenger's Peril, Tyrannical",Leiil,Priest,Discipline,healer,Light's Hope
1103,331.2,302873999,10,Mists of Tirna Scithe,2024-10-26T08:39:31.000Z,1327788,1890999,2,"Xal'atath's Bargain: Ascendant, Fortified, Challenger's Peril, Tyrannical",伊蕾恩,Death Knight,Frost,dps,Arygos
1103,331.2,302873999,10,Mists of Tirna Scithe,2024-10-26T08:39:31.000Z,1327788,1890999,2,"Xal'atath's Bargain: Ascendant, Fortified, Challenger's Peril, Tyrannical",新生聖光,Paladin,Protection,tank,Stormscale
1103,331.2,302873999,10,Mists of Tirna Scithe,2024-10-26T08:39:31.000Z,1327788,1890999,2,"Xal'atath's Bargain: Ascendant, Fortified, Challenger's Peril, Tyrannical",Hestiatulip,Mage,Frost,dps,Arygos
1103,331.2,302873999,10,Mists of Tirna Scithe,2024-10-26T08:39:31.000Z,1327788,1890999,2,"Xal'atath's Bargain: Ascendant, Fortified, Challenger's Peril, Tyrannical",黎陌,Paladin,Retribution,dps,Arygos
1104,331.2,307508904,10,Mists of Tirna Scithe,2024-11-16T14:17:29.000Z,1327834,1890999,2,"Xal'atath's Bargain: Ascendant, Tyrannical, Challenger's Peril, Fortified",楓纓,Druid,Restoration,healer,Skywall
1104,331.2,307508904,10,Mists of Tirna Scithe,2024-11-16T14:17:29.000Z,1327834,1890999,2,"Xal'atath's Bargain: Ascendant, Tyrannical, Challenger's Peril, Fortified",奧祕匕首,Mage,Frost,dps,Nightsong
1104,331.2,307508904,10,Mists of Tirna Scithe,2024-11-16T14:17:29.000Z,1327834,1890999,2,"Xal'atath's Bargain: Ascendant, Tyrannical, Challenger's Peril, Fortified",打臉騎士,Paladin,Retribution,dps,Wrathbringer
1104,331.2,307508904,10,Mists of Tirna Scithe,2024-11-16T14:17:29.000Z,1327834,1890999,2,"Xal'atath's Bargain: Ascendant, Tyrannical, Challenger's Peril, Fortified",搞怪,Shaman,Elemental,dps,Skywall
1104,331.2,307508904,10,Mists of Tirna Scithe,2024-11-16T14:17:29.000Z,1327834,1890999,2,"Xal'atath's Bargain: Ascendant, Tyrannical, Challenger's Peril, Fortified",二哈絲絲,Death Knight,Blood,tank,Skywall
1105,331.2,308270724,10,Mists of Tirna Scithe,2024-11-20T11:23:52.000Z,1328086,1890999,2,"Xal'atath's Bargain: Ascendant, Tyrannical, Challenger's Peril, Fortified",賈拉克瑟斯,Death Knight,Frost,dps,Shadowmoon
1105,331.2,308270724,10,Mists of Tirna Scithe,2024-11-20T11:23:52.000Z,1328086,1890999,2,"Xal'atath's Bargain: Ascendant, Tyrannical, Challenger's Peril, Fortified",圖騰亂插大師,Shaman,Restoration,healer,Shadowmoon
1105,331.2,308270724,10,Mists of Tirna Scithe,2024-11-20T11:23:52.000Z,1328086,1890999,2,"Xal'atath's Bargain: Ascendant, Tyrannical, Challenger's Peril, Fortified",月落花秋,Hunter,Beast Mastery,dps,Crystalpine Stinger
1105,331.2,308270724,10,Mists of Tirna Scithe,2024-11-20T11:23:52.000Z,1328086,1890999,2,"Xal'atath's Bargain: Ascendant, Tyrannical, Challenger's Peril, Fortified",沐雪清風,Mage,Frost,dps,Light's Hope
1105,331.2,308270724,10,Mists of Tirna Scithe,2024-11-20T11:23:52.000Z,1328086,1890999,2,"Xal'atath's Bargain: Ascendant, Tyrannical, Challenger's Peril, Fortified",鬼月教科書,Paladin,Protection,tank,Light's Hope
1106,331.2,303680013,10,Mists of Tirna Scithe,2024-10-29T17:06:34.000Z,1328526,1890999,2,"Xal'atath's Bargain: Ascendant, Fortified, Challenger's Peril, Tyrannical",致盲誘惑,Rogue,Assassination,dps,Shadowmoon
1106,331.2,303680013,10,Mists of Tirna Scithe,2024-10-29T17:06:34.000Z,1328526,1890999,2,"Xal'atath's Bargain: Ascendant, Fortified, Challenger's Peril, Tyrannical",希蕾緹亞,Priest,Discipline,healer,Spirestone
1106,331.2,303680013,10,Mists of Tirna Scithe,2024-10-29T17:06:34.000Z,1328526,1890999,2,"Xal'atath's Bargain: Ascendant, Fortified, Challenger's Peril, Tyrannical",沒吃飯欸,Mage,Frost,dps,Shadowmoon
1106,331.2,303680013,10,Mists of Tirna Scithe,2024-10-29T17:06:34.000Z,1328526,1890999,2,"Xal'atath's Bargain: Ascendant, Fortified, Challenger's Peril, Tyrannical",Asnder,Druid,Guardian,tank,Quel'dorei
1106,331.2,303680013,10,Mists of Tirna Scithe,2024-10-29T17:06:34.000Z,1328526,1890999,2,"Xal'atath's Bargain: Ascendant, Fortified, Challenger's Peril, Tyrannical",Rubia,Evoker,Devastation,dps,Sundown Marsh
1107,331.1,303257020,10,Mists of Tirna Scithe,2024-10-27T19:25:00.000Z,1328928,1890999,2,"Xal'atath's Bargain: Ascendant, Fortified, Challenger's Peril, Tyrannical",亞由依,Paladin,Retribution,dps,Bleeding Hollow
1107,331.1,303257020,10,Mists of Tirna Scithe,2024-10-27T19:25:00.000Z,1328928,1890999,2,"Xal'atath's Bargain: Ascendant, Fortified, Challenger's Peril, Tyrannical",新台,Priest,Discipline,healer,Bleeding Hollow
1107,331.1,303257020,10,Mists of Tirna Scithe,2024-10-27T19:25:00.000Z,1328928,1890999,2,"Xal'atath's Bargain: Ascendant, Fortified, Challenger's Peril, Tyrannical",Anon687EAAD,Paladin,Retribution,dps,Anonymous
1107,331.1,303257020,10,Mists of Tirna Scithe,2024-10-27T19:25:00.000Z,1328928,1890999,2,"Xal'atath's Bargain: Ascendant, Fortified, Challenger's Peril, Tyrannical",Laharl,Demon Hunter,Vengeance,tank,Spirestone
1107,331.1,303257020,10,Mists of Tirna Scithe,2024-10-27T19:25:00.000Z,1328928,1890999,2,"Xal'atath's Bargain: Ascendant, Fortified, Challenger's Peril, Tyrannical",乚廴,Rogue,Assassination,dps,Sundown Marsh
1108,331.1,303257020,10,Mists of Tirna Scithe,2024-10-27T19:24:59.000Z,1328928,1890999,2,"Xal'atath's Bargain: Ascendant, Fortified, Challenger's Peril, Tyrannical",亞由依,Paladin,Retribution,dps,Bleeding Hollow
1108,331.1,303257020,10,Mists of Tirna Scithe,2024-10-27T19:24:59.000Z,1328928,1890999,2,"Xal'atath's Bargain: Ascendant, Fortified, Challenger's Peril, Tyrannical",新台,Priest,Discipline,healer,Bleeding Hollow
1108,331.1,303257020,10,Mists of Tirna Scithe,2024-10-27T19:24:59.000Z,1328928,1890999,2,"Xal'atath's Bargain: Ascendant, Fortified, Challenger's Peril, Tyrannical",Anon687EAAD,Paladin,Retribution,dps,Anonymous
1108,331.1,303257020,10,Mists of Tirna Scithe,2024-10-27T19:24:59.000Z,1328928,1890999,2,"Xal'atath's Bargain: Ascendant, Fortified, Challenger's Peril, Tyrannical",Laharl,Demon Hunter,Vengeance,tank,Spirestone
1108,331.1,303257020,10,Mists of Tirna Scithe,2024-10-27T19:24:59.000Z,1328928,1890999,2,"Xal'atath's Bargain: Ascendant, Fortified, Challenger's Peril, Tyrannical",乚廴,Rogue,Assassination,dps,Sundown Marsh
1109,331.1,307550342,10,Mists of Tirna Scithe,2024-11-16T18:28:40.000Z,1328959,1890999,2,"Xal'atath's Bargain: Ascendant, Tyrannical, Challenger's Peril, Fortified",艾爾維希,Mage,Frost,dps,Sundown Marsh
1109,331.1,307550342,10,Mists of Tirna Scithe,2024-11-16T18:28:40.000Z,1328959,1890999,2,"Xal'atath's Bargain: Ascendant, Tyrannical, Challenger's Peril, Fortified",痛風皇冠豹,Monk,Mistweaver,healer,Shadowmoon
1109,331.1,307550342,10,Mists of Tirna Scithe,2024-11-16T18:28:40.000Z,1328959,1890999,2,"Xal'atath's Bargain: Ascendant, Tyrannical, Challenger's Peril, Fortified",靈感,Paladin,Protection,tank,Chillwind Point
1109,331.1,307550342,10,Mists of Tirna Scithe,2024-11-16T18:28:40.000Z,1328959,1890999,2,"Xal'atath's Bargain: Ascendant, Tyrannical, Challenger's Peril, Fortified",我是三點,Paladin,Retribution,dps,Skywall
1109,331.1,307550342,10,Mists of Tirna Scithe,2024-11-16T18:28:40.000Z,1328959,1890999,2,"Xal'atath's Bargain: Ascendant, Tyrannical, Challenger's Peril, Fortified",耶蘇激凸,Evoker,Augmentation,dps,Crystalpine Stinger
1110,331.1,302854486,10,Mists of Tirna Scithe,2024-10-26T05:55:15.000Z,1329194,1890999,2,"Xal'atath's Bargain: Ascendant, Fortified, Challenger's Peril, Tyrannical",人生多少十年,Demon Hunter,Havoc,dps,Silverwing Hold
1110,331.1,302854486,10,Mists of Tirna Scithe,2024-10-26T05:55:15.000Z,1329194,1890999,2,"Xal'atath's Bargain: Ascendant, Fortified, Challenger's Peril, Tyrannical",香草把撲,Hunter,Survival,dps,Light's Hope
1110,331.1,302854486,10,Mists of Tirna Scithe,2024-10-26T05:55:15.000Z,1329194,1890999,2,"Xal'atath's Bargain: Ascendant, Fortified, Challenger's Peril, Tyrannical",直女天菜,Paladin,Protection,tank,Shadowmoon
1110,331.1,302854486,10,Mists of Tirna Scithe,2024-10-26T05:55:15.000Z,1329194,1890999,2,"Xal'atath's Bargain: Ascendant, Fortified, Challenger's Peril, Tyrannical",Codelia,Shaman,Elemental,dps,Shadowmoon
1110,331.1,302854486,10,Mists of Tirna Scithe,2024-10-26T05:55:15.000Z,1329194,1890999,2,"Xal'atath's Bargain: Ascendant, Fortified, Challenger's Peril, Tyrannical",武松打狗,Shaman,Restoration,healer,Chillwind Point
1111,331.1,303184965,10,Mists of Tirna Scithe,2024-10-27T09:36:02.000Z,1329295,1890999,2,"Xal'atath's Bargain: Ascendant, Fortified, Challenger's Peril, Tyrannical",哞哞小眼睛,Druid,Guardian,tank,Spirestone
1111,331.1,303184965,10,Mists of Tirna Scithe,2024-10-27T09:36:02.000Z,1329295,1890999,2,"Xal'atath's Bargain: Ascendant, Fortified, Challenger's Peril, Tyrannical",四季春茶,Druid,Restoration,healer,Spirestone
1111,331.1,303184965,10,Mists of Tirna Scithe,2024-10-27T09:36:02.000Z,1329295,1890999,2,"Xal'atath's Bargain: Ascendant, Fortified, Challenger's Peril, Tyrannical",Liee,Evoker,Augmentation,dps,Whisperwind
1111,331.1,303184965,10,Mists of Tirna Scithe,2024-10-27T09:36:02.000Z,1329295,1890999,2,"Xal'atath's Bargain: Ascendant, Fortified, Challenger's Peril, Tyrannical",耀全,Death Knight,Frost,dps,Nightsong
1111,331.1,303184965,10,Mists of Tirna Scithe,2024-10-27T09:36:02.000Z,1329295,1890999,2,"Xal'atath's Bargain: Ascendant, Fortified, Challenger's Peril, Tyrannical",Honeymilk,Hunter,Beast Mastery,dps,Sundown Marsh
1112,331.1,307464652,10,Mists of Tirna Scithe,2024-11-16T07:34:49.000Z,1329588,1890999,2,"Xal'atath's Bargain: Ascendant, Tyrannical, Challenger's Peril, Fortified",Howdareu,Hunter,Survival,dps,Bleeding Hollow
1112,331.1,307464652,10,Mists of Tirna Scithe,2024-11-16T07:34:49.000Z,1329588,1890999,2,"Xal'atath's Bargain: Ascendant, Tyrannical, Challenger's Peril, Fortified",Bakamage,Mage,Fire,dps,Hellscream
1112,331.1,307464652,10,Mists of Tirna Scithe,2024-11-16T07:34:49.000Z,1329588,1890999,2,"Xal'atath's Bargain: Ascendant, Tyrannical, Challenger's Peril, Fortified",Derlu,Druid,Guardian,tank,Sundown Marsh
1112,331.1,307464652,10,Mists of Tirna Scithe,2024-11-16T07:34:49.000Z,1329588,1890999,2,"Xal'atath's Bargain: Ascendant, Tyrannical, Challenger's Peril, Fortified",Sunnydk,Death Knight,Frost,dps,Frostmane
1112,331.1,307464652,10,Mists of Tirna Scithe,2024-11-16T07:34:49.000Z,1329588,1890999,2,"Xal'atath's Bargain: Ascendant, Tyrannical, Challenger's Peril, Fortified",你的厚外套,Shaman,Restoration,healer,Wrathbringer
1113,331.1,307184830,10,Mists of Tirna Scithe,2024-11-14T17:47:18.000Z,1330033,1890999,2,"Xal'atath's Bargain: Ascendant, Tyrannical, Challenger's Peril, Fortified",小兲蛋,Shaman,Restoration,healer,Frostmane
1113,331.1,307184830,10,Mists of Tirna Scithe,2024-11-14T17:47:18.000Z,1330033,1890999,2,"Xal'atath's Bargain: Ascendant, Tyrannical, Challenger's Peril, Fortified",Acs,Death Knight,Blood,tank,Nightsong
1113,331.1,307184830,10,Mists of Tirna Scithe,2024-11-14T17:47:18.000Z,1330033,1890999,2,"Xal'atath's Bargain: Ascendant, Tyrannical, Challenger's Peril, Fortified",Ellyrose,Warlock,Demonology,dps,Nightsong
1113,331.1,307184830,10,Mists of Tirna Scithe,2024-11-14T17:47:18.000Z,1330033,1890999,2,"Xal'atath's Bargain: Ascendant, Tyrannical, Challenger's Peril, Fortified",Fatrina,Monk,Windwalker,dps,Nightsong
1113,331.1,307184830,10,Mists of Tirna Scithe,2024-11-14T17:47:18.000Z,1330033,1890999,2,"Xal'atath's Bargain: Ascendant, Tyrannical, Challenger's Peril, Fortified",懷真,Paladin,Retribution,dps,Nightsong
1114,331.1,307265694,10,Mists of Tirna Scithe,2024-11-15T04:03:21.000Z,1330535,1890999,2,"Xal'atath's Bargain: Ascendant, Tyrannical, Challenger's Peril, Fortified",愛爾莉,Paladin,Retribution,dps,Light's Hope
1114,331.1,307265694,10,Mists of Tirna Scithe,2024-11-15T04:03:21.000Z,1330535,1890999,2,"Xal'atath's Bargain: Ascendant, Tyrannical, Challenger's Peril, Fortified",痕月,Warrior,Protection,tank,Whisperwind
1114,331.1,307265694,10,Mists of Tirna Scithe,2024-11-15T04:03:21.000Z,1330535,1890999,2,"Xal'atath's Bargain: Ascendant, Tyrannical, Challenger's Peril, Fortified",眼底丶,Priest,Shadow,dps,Icecrown
1114,331.1,307265694,10,Mists of Tirna Scithe,2024-11-15T04:03:21.000Z,1330535,1890999,2,"Xal'atath's Bargain: Ascendant, Tyrannical, Challenger's Peril, Fortified",暴殄天物,Shaman,Restoration,healer,World Tree
1114,331.1,307265694,10,Mists of Tirna Scithe,2024-11-15T04:03:21.000Z,1330535,1890999,2,"Xal'atath's Bargain: Ascendant, Tyrannical, Challenger's Peril, Fortified",鱗羽天使-230024564,Hunter,Survival,dps,Shadowmoon
1115,331.1,307128709,10,Mists of Tirna Scithe,2024-11-14T07:42:30.000Z,1330567,1890999,2,"Xal'atath's Bargain: Ascendant, Tyrannical, Challenger's Peril, Fortified",獵術,Hunter,Survival,dps,Crystalpine Stinger
1115,331.1,307128709,10,Mists of Tirna Scithe,2024-11-14T07:42:30.000Z,1330567,1890999,2,"Xal'atath's Bargain: Ascendant, Tyrannical, Challenger's Peril, Fortified",魚花花,Shaman,Restoration,healer,Sundown Marsh
1115,331.1,307128709,10,Mists of Tirna Scithe,2024-11-14T07:42:30.000Z,1330567,1890999,2,"Xal'atath's Bargain: Ascendant, Tyrannical, Challenger's Peril, Fortified",Kitemonk,Monk,Brewmaster,tank,Nightsong
1115,331.1,307128709,10,Mists of Tirna Scithe,2024-11-14T07:42:30.000Z,1330567,1890999,2,"Xal'atath's Bargain: Ascendant, Tyrannical, Challenger's Peril, Fortified",恋上龙井茶,Paladin,Retribution,dps,Shadowmoon
1115,331.1,307128709,10,Mists of Tirna Scithe,2024-11-14T07:42:30.000Z,1330567,1890999,2,"Xal'atath's Bargain: Ascendant, Tyrannical, Challenger's Peril, Fortified",蒼山愛奈,Paladin,Retribution,dps,World Tree
1116,331.1,302486251,10,Mists of Tirna Scithe,2024-10-24T14:21:35.000Z,1331963,1890999,2,"Xal'atath's Bargain: Ascendant, Fortified, Challenger's Peril, Tyrannical",瘋狗大頭,Druid,Guardian,tank,Wrathbringer
1116,331.1,302486251,10,Mists of Tirna Scithe,2024-10-24T14:21:35.000Z,1331963,1890999,2,"Xal'atath's Bargain: Ascendant, Fortified, Challenger's Peril, Tyrannical",夢想旅途,Death Knight,Frost,dps,Sundown Marsh
1116,331.1,302486251,10,Mists of Tirna Scithe,2024-10-24T14:21:35.000Z,1331963,1890999,2,"Xal'atath's Bargain: Ascendant, Fortified, Challenger's Peril, Tyrannical",劍部武一郎,Shaman,Restoration,healer,Spirestone
1116,331.1,302486251,10,Mists of Tirna Scithe,2024-10-24T14:21:35.000Z,1331963,1890999,2,"Xal'atath's Bargain: Ascendant, Fortified, Challenger's Peril, Tyrannical",橘色噬元獸,Druid,Balance,dps,Whisperwind
1116,331.1,302486251,10,Mists of Tirna Scithe,2024-10-24T14:21:35.000Z,1331963,1890999,2,"Xal'atath's Bargain: Ascendant, Fortified, Challenger's Peril, Tyrannical",Heyyoggsm,Shaman,Elemental,dps,Sundown Marsh
1117,331.1,307541404,10,Mists of Tirna Scithe,2024-11-16T17:54:58.000Z,1332075,1890999,2,"Xal'atath's Bargain: Ascendant, Tyrannical, Challenger's Peril, Fortified",獨酌飲月,Priest,Discipline,healer,Dragonmaw
1117,331.1,307541404,10,Mists of Tirna Scithe,2024-11-16T17:54:58.000Z,1332075,1890999,2,"Xal'atath's Bargain: Ascendant, Tyrannical, Challenger's Peril, Fortified",高木同學,Warlock,Destruction,dps,Sundown Marsh
1117,331.1,307541404,10,Mists of Tirna Scithe,2024-11-16T17:54:58.000Z,1332075,1890999,2,"Xal'atath's Bargain: Ascendant, Tyrannical, Challenger's Peril, Fortified",燒起來的老六,Mage,Frost,dps,Demon Fall Canyon
1117,331.1,307541404,10,Mists of Tirna Scithe,2024-11-16T17:54:58.000Z,1332075,1890999,2,"Xal'atath's Bargain: Ascendant, Tyrannical, Challenger's Peril, Fortified",九月的風,Death Knight,Frost,dps,Sundown Marsh
1117,331.1,307541404,10,Mists of Tirna Scithe,2024-11-16T17:54:58.000Z,1332075,1890999,2,"Xal'atath's Bargain: Ascendant, Tyrannical, Challenger's Peril, Fortified",Paladín,Paladin,Protection,tank,Demon Fall Canyon
1118,331.1,308391904,10,Mists of Tirna Scithe,2024-11-20T18:10:42.000Z,1332196,1890999,2,"Xal'atath's Bargain: Ascendant, Tyrannical, Challenger's Peril, Fortified",超自然力量,Druid,Feral,dps,Wrathbringer
1118,331.1,308391904,10,Mists of Tirna Scithe,2024-11-20T18:10:42.000Z,1332196,1890999,2,"Xal'atath's Bargain: Ascendant, Tyrannical, Challenger's Peril, Fortified",Kitevoker,Evoker,Augmentation,dps,Skywall
1118,331.1,308391904,10,Mists of Tirna Scithe,2024-11-20T18:10:42.000Z,1332196,1890999,2,"Xal'atath's Bargain: Ascendant, Tyrannical, Challenger's Peril, Fortified",Ariadne,Priest,Discipline,healer,Light's Hope
1118,331.1,308391904,10,Mists of Tirna Scithe,2024-11-20T18:10:42.000Z,1332196,1890999,2,"Xal'atath's Bargain: Ascendant, Tyrannical, Challenger's Peril, Fortified",雙持信用卡,Warrior,Protection,tank,Sundown Marsh
1118,331.1,308391904,10,Mists of Tirna Scithe,2024-11-20T18:10:42.000Z,1332196,1890999,2,"Xal'atath's Bargain: Ascendant, Tyrannical, Challenger's Peril, Fortified",北走,Paladin,Retribution,dps,Spirestone
1119,331.1,302521062,10,Mists of Tirna Scithe,2024-10-24T16:41:05.000Z,1332297,1890999,2,"Xal'atath's Bargain: Ascendant, Fortified, Challenger's Peril, Tyrannical",Peeterdk,Death Knight,Frost,dps,Frostmane
1119,331.1,302521062,10,Mists of Tirna Scithe,2024-10-24T16:41:05.000Z,1332297,1890999,2,"Xal'atath's Bargain: Ascendant, Fortified, Challenger's Peril, Tyrannical",蘑菇殿下,Shaman,Restoration,healer,Bleeding Hollow
1119,331.1,302521062,10,Mists of Tirna Scithe,2024-10-24T16:41:05.000Z,1332297,1890999,2,"Xal'atath's Bargain: Ascendant, Fortified, Challenger's Peril, Tyrannical",Flowertea,Hunter,Marksmanship,dps,Bleeding Hollow
1119,331.1,302521062,10,Mists of Tirna Scithe,2024-10-24T16:41:05.000Z,1332297,1890999,2,"Xal'atath's Bargain: Ascendant, Fortified, Challenger's Peril, Tyrannical",科科大師,Monk,Brewmaster,tank,Menethil
1119,331.1,302521062,10,Mists of Tirna Scithe,2024-10-24T16:41:05.000Z,1332297,1890999,2,"Xal'atath's Bargain: Ascendant, Fortified, Challenger's Peril, Tyrannical",謝謝你,Priest,Shadow,dps,Menethil
1120,331.1,301365912,10,Mists of Tirna Scithe,2024-10-27T08:13:37.000Z,1332933,1890999,2,"Xal'atath's Bargain: Ascendant, Fortified, Challenger's Peril, Tyrannical",餅皮扁,Paladin,Holy,healer,Shadowmoon
1120,331.1,301365912,10,Mists of Tirna Scithe,2024-10-27T08:13:37.000Z,1332933,1890999,2,"Xal'atath's Bargain: Ascendant, Fortified, Challenger's Peril, Tyrannical",Hansiao,Death Knight,Frost,dps,Spirestone
1120,331.1,301365912,10,Mists of Tirna Scithe,2024-10-27T08:13:37.000Z,1332933,1890999,2,"Xal'atath's Bargain: Ascendant, Fortified, Challenger's Peril, Tyrannical",都沒特異功能,Shaman,Enhancement,dps,Shadowmoon
1120,331.1,301365912,10,Mists of Tirna Scithe,2024-10-27T08:13:37.000Z,1332933,1890999,2,"Xal'atath's Bargain: Ascendant, Fortified, Challenger's Peril, Tyrannical",曖比,Warlock,Destruction,dps,Shadowmoon
1120,331.1,301365912,10,Mists of Tirna Scithe,2024-10-27T08:13:37.000Z,1332933,1890999,2,"Xal'atath's Bargain: Ascendant, Fortified, Challenger's Peril, Tyrannical",Toden,Druid,Guardian,tank,Shadowmoon
1121,331.1,303144492,10,Mists of Tirna Scithe,2024-10-27T09:15:07.000Z,1332933,1890999,2,"Xal'atath's Bargain: Ascendant, Fortified, Challenger's Peril, Tyrannical",Vicdk,Death Knight,Frost,dps,Shadowmoon
1121,331.1,303144492,10,Mists of Tirna Scithe,2024-10-27T09:15:07.000Z,1332933,1890999,2,"Xal'atath's Bargain: Ascendant, Fortified, Challenger's Peril, Tyrannical",如璃百守,Paladin,Protection,tank,Shadowmoon
1121,331.1,303144492,10,Mists of Tirna Scithe,2024-10-27T09:15:07.000Z,1332933,1890999,2,"Xal'atath's Bargain: Ascendant, Fortified, Challenger's Peril, Tyrannical",Ceylon,Death Knight,Frost,dps,Quel'dorei
1121,331.1,303144492,10,Mists of Tirna Scithe,2024-10-27T09:15:07.000Z,1332933,1890999,2,"Xal'atath's Bargain: Ascendant, Fortified, Challenger's Peril, Tyrannical",Sstill,Warrior,Fury,dps,Wrathbringer
1121,331.1,303144492,10,Mists of Tirna Scithe,2024-10-27T09:15:07.000Z,1332933,1890999,2,"Xal'atath's Bargain: Ascendant, Fortified, Challenger's Peril, Tyrannical",齊格佛雷德,Shaman,Restoration,healer,Shadowmoon
1122,331.1,302868454,10,Mists of Tirna Scithe,2024-10-26T08:14:40.000Z,1333045,1890999,2,"Xal'atath's Bargain: Ascendant, Fortified, Challenger's Peril, Tyrannical",踹尼斯功夫,Druid,Guardian,tank,Sundown Marsh
1122,331.1,302868454,10,Mists of Tirna Scithe,2024-10-26T08:14:40.000Z,1333045,1890999,2,"Xal'atath's Bargain: Ascendant, Fortified, Challenger's Peril, Tyrannical",Bloodybyss,Shaman,Elemental,dps,Sundown Marsh
1122,331.1,302868454,10,Mists of Tirna Scithe,2024-10-26T08:14:40.000Z,1333045,1890999,2,"Xal'atath's Bargain: Ascendant, Fortified, Challenger's Peril, Tyrannical",月底喊好累,Paladin,Retribution,dps,Demon Fall Canyon
1122,331.1,302868454,10,Mists of Tirna Scithe,2024-10-26T08:14:40.000Z,1333045,1890999,2,"Xal'atath's Bargain: Ascendant, Fortified, Challenger's Peril, Tyrannical",無涯,Hunter,Marksmanship,dps,Frostmane
1122,331.1,302868454,10,Mists of Tirna Scithe,2024-10-26T08:14:40.000Z,1333045,1890999,2,"Xal'atath's Bargain: Ascendant, Fortified, Challenger's Peril, Tyrannical",夜與星之歌,Priest,Discipline,healer,Sundown Marsh
1123,331.1,307540736,10,Mists of Tirna Scithe,2024-11-16T17:48:06.000Z,1333439,1890999,2,"Xal'atath's Bargain: Ascendant, Tyrannical, Challenger's Peril, Fortified",忒鴯,Druid,Balance,dps,Bleeding Hollow
1123,331.1,307540736,10,Mists of Tirna Scithe,2024-11-16T17:48:06.000Z,1333439,1890999,2,"Xal'atath's Bargain: Ascendant, Tyrannical, Challenger's Peril, Fortified",熊貓妹,Monk,Mistweaver,healer,Nightsong
1123,331.1,307540736,10,Mists of Tirna Scithe,2024-11-16T17:48:06.000Z,1333439,1890999,2,"Xal'atath's Bargain: Ascendant, Tyrannical, Challenger's Peril, Fortified",墨角,Warrior,Protection,tank,Bleeding Hollow
1123,331.1,307540736,10,Mists of Tirna Scithe,2024-11-16T17:48:06.000Z,1333439,1890999,2,"Xal'atath's Bargain: Ascendant, Tyrannical, Challenger's Peril, Fortified",哈墨,Shaman,Elemental,dps,Nightsong
1123,331.1,307540736,10,Mists of Tirna Scithe,2024-11-16T17:48:06.000Z,1333439,1890999,2,"Xal'atath's Bargain: Ascendant, Tyrannical, Challenger's Peril, Fortified",小牛奶,Hunter,Survival,dps,Nightsong
1124,331.1,303228576,10,Mists of Tirna Scithe,2024-10-27T17:16:03.000Z,1333662,1890999,2,"Xal'atath's Bargain: Ascendant, Fortified, Challenger's Peril, Tyrannical",Tutupriest,Priest,Discipline,healer,Arygos
1124,331.1,303228576,10,Mists of Tirna Scithe,2024-10-27T17:16:03.000Z,1333662,1890999,2,"Xal'atath's Bargain: Ascendant, Fortified, Challenger's Peril, Tyrannical",新生聖光,Paladin,Protection,tank,Stormscale
1124,331.1,303228576,10,Mists of Tirna Scithe,2024-10-27T17:16:03.000Z,1333662,1890999,2,"Xal'atath's Bargain: Ascendant, Fortified, Challenger's Peril, Tyrannical",Jaym,Shaman,Enhancement,dps,Arygos
1124,331.1,303228576,10,Mists of Tirna Scithe,2024-10-27T17:16:03.000Z,1333662,1890999,2,"Xal'atath's Bargain: Ascendant, Fortified, Challenger's Peril, Tyrannical",多隆,Death Knight,Frost,dps,Arygos
1124,331.1,303228576,10,Mists of Tirna Scithe,2024-10-27T17:16:03.000Z,1333662,1890999,2,"Xal'atath's Bargain: Ascendant, Fortified, Challenger's Peril, Tyrannical",Pyrrhaa,Paladin,Retribution,dps,Arygos
1125,331,307510730,10,Mists of Tirna Scithe,2024-11-16T15:01:21.000Z,1334257,1890999,2,"Xal'atath's Bargain: Ascendant, Tyrannical, Challenger's Peril, Fortified",Bape,Mage,Frost,dps,Chillwind Point
1125,331,307510730,10,Mists of Tirna Scithe,2024-11-16T15:01:21.000Z,1334257,1890999,2,"Xal'atath's Bargain: Ascendant, Tyrannical, Challenger's Peril, Fortified",Dimsaber,Death Knight,Frost,dps,Arthas
1125,331,307510730,10,Mists of Tirna Scithe,2024-11-16T15:01:21.000Z,1334257,1890999,2,"Xal'atath's Bargain: Ascendant, Tyrannical, Challenger's Peril, Fortified",卡西特,Priest,Discipline,healer,Shadowmoon
1125,331,307510730,10,Mists of Tirna Scithe,2024-11-16T15:01:21.000Z,1334257,1890999,2,"Xal'atath's Bargain: Ascendant, Tyrannical, Challenger's Peril, Fortified",梅莉迪絲,Paladin,Retribution,dps,Spirestone
1125,331,307510730,10,Mists of Tirna Scithe,2024-11-16T15:01:21.000Z,1334257,1890999,2,"Xal'atath's Bargain: Ascendant, Tyrannical, Challenger's Peril, Fortified",Longines-231144281,Paladin,Protection,tank,Icecrown
1126,331,307316870,10,Mists of Tirna Scithe,2024-11-15T14:16:02.000Z,1335158,1890999,2,"Xal'atath's Bargain: Ascendant, Tyrannical, Challenger's Peril, Fortified",小戰,Warrior,Fury,dps,Dragonmaw
1126,331,307316870,10,Mists of Tirna Scithe,2024-11-15T14:16:02.000Z,1335158,1890999,2,"Xal'atath's Bargain: Ascendant, Tyrannical, Challenger's Peril, Fortified",小霸王本王,Shaman,Restoration,healer,Stormscale
1126,331,307316870,10,Mists of Tirna Scithe,2024-11-15T14:16:02.000Z,1335158,1890999,2,"Xal'atath's Bargain: Ascendant, Tyrannical, Challenger's Peril, Fortified",暴風酒,Monk,Brewmaster,tank,Stormscale
1126,331,307316870,10,Mists of Tirna Scithe,2024-11-15T14:16:02.000Z,1335158,1890999,2,"Xal'atath's Bargain: Ascendant, Tyrannical, Challenger's Peril, Fortified",魅影飛羽,Warlock,Destruction,dps,Shadowmoon
1126,331,307316870,10,Mists of Tirna Scithe,2024-11-15T14:16:02.000Z,1335158,1890999,2,"Xal'atath's Bargain: Ascendant, Tyrannical, Challenger's Peril, Fortified",夜玄,Hunter,Beast Mastery,dps,Sundown Marsh
1127,331,302472637,10,Mists of Tirna Scithe,2024-10-24T13:01:19.000Z,1335503,1890999,2,"Xal'atath's Bargain: Ascendant, Fortified, Challenger's Peril, Tyrannical",黑魔殺手,Warrior,Protection,tank,Hellscream
1127,331,302472637,10,Mists of Tirna Scithe,2024-10-24T13:01:19.000Z,1335503,1890999,2,"Xal'atath's Bargain: Ascendant, Fortified, Challenger's Peril, Tyrannical",殷純太后,Evoker,Augmentation,dps,Shadowmoon
1127,331,302472637,10,Mists of Tirna Scithe,2024-10-24T13:01:19.000Z,1335503,1890999,2,"Xal'atath's Bargain: Ascendant, Fortified, Challenger's Peril, Tyrannical",英純太后,Rogue,Assassination,dps,Shadowmoon
1127,331,302472637,10,Mists of Tirna Scithe,2024-10-24T13:01:19.000Z,1335503,1890999,2,"Xal'atath's Bargain: Ascendant, Fortified, Challenger's Peril, Tyrannical",農姬,Paladin,Holy,healer,Arygos
1127,331,302472637,10,Mists of Tirna Scithe,2024-10-24T13:01:19.000Z,1335503,1890999,2,"Xal'atath's Bargain: Ascendant, Fortified, Challenger's Peril, Tyrannical",苦命阿勞,Shaman,Elemental,dps,Quel'dorei
1128,331,307508677,10,Mists of Tirna Scithe,2024-11-16T14:53:11.000Z,1335932,1890999,2,"Xal'atath's Bargain: Ascendant, Tyrannical, Challenger's Peril, Fortified",一千減七,Warlock,Demonology,dps,Sundown Marsh
1128,331,307508677,10,Mists of Tirna Scithe,2024-11-16T14:53:11.000Z,1335932,1890999,2,"Xal'atath's Bargain: Ascendant, Tyrannical, Challenger's Peril, Fortified",風冥殺神,Shaman,Restoration,healer,Crystalpine Stinger
1128,331,307508677,10,Mists of Tirna Scithe,2024-11-16T14:53:11.000Z,1335932,1890999,2,"Xal'atath's Bargain: Ascendant, Tyrannical, Challenger's Peril, Fortified",漓樂,Death Knight,Frost,dps,Crystalpine Stinger
1128,331,307508677,10,Mists of Tirna Scithe,2024-11-16T14:53:11.000Z,1335932,1890999,2,"Xal'atath's Bargain: Ascendant, Tyrannical, Challenger's Peril, Fortified",森里喵,Shaman,Enhancement,dps,Crystalpine Stinger
1128,331,307508677,10,Mists of Tirna Scithe,2024-11-16T14:53:11.000Z,1335932,1890999,2,"Xal'atath's Bargain: Ascendant, Tyrannical, Challenger's Peril, Fortified",泰國合法大麻,Druid,Guardian,tank,Stormscale
1129,331,307942017,10,Mists of Tirna Scithe,2024-11-18T14:17:04.000Z,1336045,1890999,2,"Xal'atath's Bargain: Ascendant, Tyrannical, Challenger's Peril, Fortified",維羅妮卡,Paladin,Retribution,dps,Frostmane
1129,331,307942017,10,Mists of Tirna Scithe,2024-11-18T14:17:04.000Z,1336045,1890999,2,"Xal'atath's Bargain: Ascendant, Tyrannical, Challenger's Peril, Fortified",Anon365210F,Hunter,Survival,dps,Anonymous
1129,331,307942017,10,Mists of Tirna Scithe,2024-11-18T14:17:04.000Z,1336045,1890999,2,"Xal'atath's Bargain: Ascendant, Tyrannical, Challenger's Peril, Fortified",冰風之月,Mage,Frost,dps,Chillwind Point
1129,331,307942017,10,Mists of Tirna Scithe,2024-11-18T14:17:04.000Z,1336045,1890999,2,"Xal'atath's Bargain: Ascendant, Tyrannical, Challenger's Peril, Fortified",睫毛倒插,Priest,Discipline,healer,Nightsong
1129,331,307942017,10,Mists of Tirna Scithe,2024-11-18T14:17:04.000Z,1336045,1890999,2,"Xal'atath's Bargain: Ascendant, Tyrannical, Challenger's Peril, Fortified",我快要中風,Warrior,Protection,tank,Chillwind Point
1130,331,308065806,10,Mists of Tirna Scithe,2024-11-19T10:09:08.000Z,1336196,1890999,2,"Xal'atath's Bargain: Ascendant, Tyrannical, Challenger's Peril, Fortified",燈籠魚,Paladin,Protection,tank,Whisperwind
1130,331,308065806,10,Mists of Tirna Scithe,2024-11-19T10:09:08.000Z,1336196,1890999,2,"Xal'atath's Bargain: Ascendant, Tyrannical, Challenger's Peril, Fortified",斐琰,Warlock,Destruction,dps,Chillwind Point
1130,331,308065806,10,Mists of Tirna Scithe,2024-11-19T10:09:08.000Z,1336196,1890999,2,"Xal'atath's Bargain: Ascendant, Tyrannical, Challenger's Peril, Fortified",長離,Mage,Frost,dps,Nightsong
1130,331,308065806,10,Mists of Tirna Scithe,2024-11-19T10:09:08.000Z,1336196,1890999,2,"Xal'atath's Bargain: Ascendant, Tyrannical, Challenger's Peril, Fortified",水蜜桃可朗芙,Shaman,Restoration,healer,Demon Fall Canyon
1130,331,308065806,10,Mists of Tirna Scithe,2024-11-19T10:09:08.000Z,1336196,1890999,2,"Xal'atath's Bargain: Ascendant, Tyrannical, Challenger's Peril, Fortified",藥膏潮了,Paladin,Retribution,dps,Shadowmoon
1131,331,302641201,10,Mists of Tirna Scithe,2024-10-25T09:40:04.000Z,1336757,1890999,2,"Xal'atath's Bargain: Ascendant, Fortified, Challenger's Peril, Tyrannical",Azur,Paladin,Protection,tank,Bleeding Hollow
1131,331,302641201,10,Mists of Tirna Scithe,2024-10-25T09:40:04.000Z,1336757,1890999,2,"Xal'atath's Bargain: Ascendant, Fortified, Challenger's Peril, Tyrannical",泰瑞爾光誓,Paladin,Retribution,dps,Nightsong
1131,331,302641201,10,Mists of Tirna Scithe,2024-10-25T09:40:04.000Z,1336757,1890999,2,"Xal'atath's Bargain: Ascendant, Fortified, Challenger's Peril, Tyrannical",我全家都矮人,Shaman,Elemental,dps,Frostmane
1131,331,302641201,10,Mists of Tirna Scithe,2024-10-25T09:40:04.000Z,1336757,1890999,2,"Xal'atath's Bargain: Ascendant, Fortified, Challenger's Peril, Tyrannical",哈歿,Priest,Discipline,healer,Nightsong
1131,331,302641201,10,Mists of Tirna Scithe,2024-10-25T09:40:04.000Z,1336757,1890999,2,"Xal'atath's Bargain: Ascendant, Fortified, Challenger's Peril, Tyrannical",獅子牡丹,Death Knight,Unholy,dps,Bleeding Hollow
1132,331,303847044,10,Mists of Tirna Scithe,2024-10-30T14:47:38.000Z,1336975,1890999,2,"Xal'atath's Bargain: Ascendant, Fortified, Challenger's Peril, Tyrannical",我需要抱抱,Warlock,Destruction,dps,Arthas
1132,331,303847044,10,Mists of Tirna Scithe,2024-10-30T14:47:38.000Z,1336975,1890999,2,"Xal'atath's Bargain: Ascendant, Fortified, Challenger's Peril, Tyrannical",雁雪晴,Shaman,Restoration,healer,Silverwing Hold
1132,331,303847044,10,Mists of Tirna Scithe,2024-10-30T14:47:38.000Z,1336975,1890999,2,"Xal'atath's Bargain: Ascendant, Fortified, Challenger's Peril, Tyrannical",姜太公,Paladin,Protection,tank,Icecrown
1132,331,303847044,10,Mists of Tirna Scithe,2024-10-30T14:47:38.000Z,1336975,1890999,2,"Xal'atath's Bargain: Ascendant, Fortified, Challenger's Peril, Tyrannical",石小傑,Druid,Balance,dps,World Tree
1132,331,303847044,10,Mists of Tirna Scithe,2024-10-30T14:47:38.000Z,1336975,1890999,2,"Xal'atath's Bargain: Ascendant, Fortified, Challenger's Peril, Tyrannical",盜聖白展堂,Rogue,Assassination,dps,Nightsong
1133,331,302500245,10,Mists of Tirna Scithe,2024-10-24T15:42:51.000Z,1337202,1890999,2,"Xal'atath's Bargain: Ascendant, Fortified, Challenger's Peril, Tyrannical",地瓜綠,Priest,Holy,healer,Menethil
1133,331,302500245,10,Mists of Tirna Scithe,2024-10-24T15:42:51.000Z,1337202,1890999,2,"Xal'atath's Bargain: Ascendant, Fortified, Challenger's Peril, Tyrannical",普莉希菈,Shaman,Elemental,dps,Menethil
1133,331,302500245,10,Mists of Tirna Scithe,2024-10-24T15:42:51.000Z,1337202,1890999,2,"Xal'atath's Bargain: Ascendant, Fortified, Challenger's Peril, Tyrannical",Yamadope,Warrior,Protection,tank,Menethil
1133,331,302500245,10,Mists of Tirna Scithe,2024-10-24T15:42:51.000Z,1337202,1890999,2,"Xal'atath's Bargain: Ascendant, Fortified, Challenger's Peril, Tyrannical",啊晴欸,Rogue,Assassination,dps,Menethil
1133,331,302500245,10,Mists of Tirna Scithe,2024-10-24T15:42:51.000Z,1337202,1890999,2,"Xal'atath's Bargain: Ascendant, Fortified, Challenger's Peril, Tyrannical",小欸奶,Death Knight,Frost,dps,Bleeding Hollow
1134,331,303195145,10,Mists of Tirna Scithe,2024-10-27T12:37:54.000Z,1337520,1890999,2,"Xal'atath's Bargain: Ascendant, Fortified, Challenger's Peril, Tyrannical",呆萌魚,Paladin,Protection,tank,Shadowmoon
1134,331,303195145,10,Mists of Tirna Scithe,2024-10-27T12:37:54.000Z,1337520,1890999,2,"Xal'atath's Bargain: Ascendant, Fortified, Challenger's Peril, Tyrannical",辤藻,Paladin,Retribution,dps,Shadowmoon
1134,331,303195145,10,Mists of Tirna Scithe,2024-10-27T12:37:54.000Z,1337520,1890999,2,"Xal'atath's Bargain: Ascendant, Fortified, Challenger's Peril, Tyrannical",蹦巴鴨,Mage,Frost,dps,Skywall
1134,331,303195145,10,Mists of Tirna Scithe,2024-10-27T12:37:54.000Z,1337520,1890999,2,"Xal'atath's Bargain: Ascendant, Fortified, Challenger's Peril, Tyrannical",小喬轉彎,Druid,Balance,dps,Shadowmoon
1134,331,303195145,10,Mists of Tirna Scithe,2024-10-27T12:37:54.000Z,1337520,1890999,2,"Xal'atath's Bargain: Ascendant, Fortified, Challenger's Peril, Tyrannical",Mindblastbot,Priest,Discipline,healer,Wrathbringer
1135,331,303404621,10,Mists of Tirna Scithe,2024-10-28T12:09:44.000Z,1337604,1890999,2,"Xal'atath's Bargain: Ascendant, Fortified, Challenger's Peril, Tyrannical",Ninjasm,Shaman,Enhancement,dps,Bleeding Hollow
1135,331,303404621,10,Mists of Tirna Scithe,2024-10-28T12:09:44.000Z,1337604,1890999,2,"Xal'atath's Bargain: Ascendant, Fortified, Challenger's Peril, Tyrannical",被無視的存在,Druid,Restoration,healer,Frostmane
1135,331,303404621,10,Mists of Tirna Scithe,2024-10-28T12:09:44.000Z,1337604,1890999,2,"Xal'atath's Bargain: Ascendant, Fortified, Challenger's Peril, Tyrannical",扒褲亂擼,Shaman,Elemental,dps,Sundown Marsh
1135,331,303404621,10,Mists of Tirna Scithe,2024-10-28T12:09:44.000Z,1337604,1890999,2,"Xal'atath's Bargain: Ascendant, Fortified, Challenger's Peril, Tyrannical",被水嗆到的魚,Demon Hunter,Vengeance,tank,Stormscale
1135,331,303404621,10,Mists of Tirna Scithe,2024-10-28T12:09:44.000Z,1337604,1890999,2,"Xal'atath's Bargain: Ascendant, Fortified, Challenger's Peril, Tyrannical",嬌小易推倒,Mage,Frost,dps,Menethil
1136,331,307167876,10,Mists of Tirna Scithe,2024-11-14T15:21:11.000Z,1338025,1890999,2,"Xal'atath's Bargain: Ascendant, Tyrannical, Challenger's Peril, Fortified",魔法小豬,Mage,Frost,dps,Shadowmoon
1136,331,307167876,10,Mists of Tirna Scithe,2024-11-14T15:21:11.000Z,1338025,1890999,2,"Xal'atath's Bargain: Ascendant, Tyrannical, Challenger's Peril, Fortified",布丁佐山葵,Death Knight,Unholy,dps,Shadowmoon
1136,331,307167876,10,Mists of Tirna Scithe,2024-11-14T15:21:11.000Z,1338025,1890999,2,"Xal'atath's Bargain: Ascendant, Tyrannical, Challenger's Peril, Fortified",漢堡加奶昔,Mage,Frost,dps,Shadowmoon
1136,331,307167876,10,Mists of Tirna Scithe,2024-11-14T15:21:11.000Z,1338025,1890999,2,"Xal'atath's Bargain: Ascendant, Tyrannical, Challenger's Peril, Fortified",灬颩凨灬,Demon Hunter,Vengeance,tank,World Tree
1136,331,307167876,10,Mists of Tirna Scithe,2024-11-14T15:21:11.000Z,1338025,1890999,2,"Xal'atath's Bargain: Ascendant, Tyrannical, Challenger's Peril, Fortified",Eleanke,Shaman,Restoration,healer,Spirestone
1137,330.9,303859642,10,Mists of Tirna Scithe,2024-10-30T06:31:16.000Z,1338888,1890999,2,"Xal'atath's Bargain: Ascendant, Fortified, Challenger's Peril, Tyrannical",薩薩大人,Shaman,Enhancement,dps,Stormscale
1137,330.9,303859642,10,Mists of Tirna Scithe,2024-10-30T06:31:16.000Z,1338888,1890999,2,"Xal'atath's Bargain: Ascendant, Fortified, Challenger's Peril, Tyrannical",尼古拉斯睡魔,Hunter,Beast Mastery,dps,Chillwind Point
1137,330.9,303859642,10,Mists of Tirna Scithe,2024-10-30T06:31:16.000Z,1338888,1890999,2,"Xal'atath's Bargain: Ascendant, Fortified, Challenger's Peril, Tyrannical",沉睡的大象,Paladin,Protection,tank,Crystalpine Stinger
1137,330.9,303859642,10,Mists of Tirna Scithe,2024-10-30T06:31:16.000Z,1338888,1890999,2,"Xal'atath's Bargain: Ascendant, Fortified, Challenger's Peril, Tyrannical",安瞳特,Druid,Restoration,healer,Light's Hope
1137,330.9,303859642,10,Mists of Tirna Scithe,2024-10-30T06:31:16.000Z,1338888,1890999,2,"Xal'atath's Bargain: Ascendant, Fortified, Challenger's Peril, Tyrannical",多多綠微微,Warlock,Destruction,dps,Zealot Blade
1138,330.9,307561885,10,Mists of Tirna Scithe,2024-11-16T19:52:10.000Z,1339388,1890999,2,"Xal'atath's Bargain: Ascendant, Tyrannical, Challenger's Peril, Fortified",麻辣隔壁的射,Hunter,Survival,dps,Silverwing Hold
1138,330.9,307561885,10,Mists of Tirna Scithe,2024-11-16T19:52:10.000Z,1339388,1890999,2,"Xal'atath's Bargain: Ascendant, Tyrannical, Challenger's Peril, Fortified",雷蒙戈爾特,Paladin,Protection,tank,Zealot Blade
1138,330.9,307561885,10,Mists of Tirna Scithe,2024-11-16T19:52:10.000Z,1339388,1890999,2,"Xal'atath's Bargain: Ascendant, Tyrannical, Challenger's Peril, Fortified",無敵是最寂寞,Paladin,Retribution,dps,Zealot Blade
1138,330.9,307561885,10,Mists of Tirna Scithe,2024-11-16T19:52:10.000Z,1339388,1890999,2,"Xal'atath's Bargain: Ascendant, Tyrannical, Challenger's Peril, Fortified",歸途,Rogue,Assassination,dps,Zealot Blade
1138,330.9,307561885,10,Mists of Tirna Scithe,2024-11-16T19:52:10.000Z,1339388,1890999,2,"Xal'atath's Bargain: Ascendant, Tyrannical, Challenger's Peril, Fortified",Kuyuru,Priest,Discipline,healer,Bleeding Hollow
1139,330.9,302445148,10,Mists of Tirna Scithe,2024-10-24T07:07:37.000Z,1339708,1890999,2,"Xal'atath's Bargain: Ascendant, Fortified, Challenger's Peril, Tyrannical",闇影霜瞳,Death Knight,Frost,dps,Shadowmoon
1139,330.9,302445148,10,Mists of Tirna Scithe,2024-10-24T07:07:37.000Z,1339708,1890999,2,"Xal'atath's Bargain: Ascendant, Fortified, Challenger's Peril, Tyrannical",Achlyse,Death Knight,Blood,tank,Arygos
1139,330.9,302445148,10,Mists of Tirna Scithe,2024-10-24T07:07:37.000Z,1339708,1890999,2,"Xal'atath's Bargain: Ascendant, Fortified, Challenger's Peril, Tyrannical",Aspen,Demon Hunter,Havoc,dps,Arygos
1139,330.9,302445148,10,Mists of Tirna Scithe,2024-10-24T07:07:37.000Z,1339708,1890999,2,"Xal'atath's Bargain: Ascendant, Fortified, Challenger's Peril, Tyrannical",Tulparlock,Warlock,Destruction,dps,Arygos
1139,330.9,302445148,10,Mists of Tirna Scithe,2024-10-24T07:07:37.000Z,1339708,1890999,2,"Xal'atath's Bargain: Ascendant, Fortified, Challenger's Peril, Tyrannical",Chatterley,Druid,Restoration,healer,Shadowmoon
1140,330.9,307498539,10,Mists of Tirna Scithe,2024-11-16T13:20:45.000Z,1339906,1890999,2,"Xal'atath's Bargain: Ascendant, Tyrannical, Challenger's Peril, Fortified",吉娃娃貝霍瑪,Demon Hunter,Vengeance,tank,Whisperwind
1140,330.9,307498539,10,Mists of Tirna Scithe,2024-11-16T13:20:45.000Z,1339906,1890999,2,"Xal'atath's Bargain: Ascendant, Tyrannical, Challenger's Peril, Fortified",口丕,Death Knight,Unholy,dps,Nightsong
1140,330.9,307498539,10,Mists of Tirna Scithe,2024-11-16T13:20:45.000Z,1339906,1890999,2,"Xal'atath's Bargain: Ascendant, Tyrannical, Challenger's Peril, Fortified",風怒,Shaman,Elemental,dps,Dragonmaw
1140,330.9,307498539,10,Mists of Tirna Scithe,2024-11-16T13:20:45.000Z,1339906,1890999,2,"Xal'atath's Bargain: Ascendant, Tyrannical, Challenger's Peril, Fortified",龍骨科比比,Druid,Restoration,healer,Shadowmoon
1140,330.9,307498539,10,Mists of Tirna Scithe,2024-11-16T13:20:45.000Z,1339906,1890999,2,"Xal'atath's Bargain: Ascendant, Tyrannical, Challenger's Peril, Fortified",阿毛混蛋,Warlock,Demonology,dps,Skywall
1141,330.9,307475818,10,Mists of Tirna Scithe,2024-11-16T09:58:06.000Z,1340012,1890999,2,"Xal'atath's Bargain: Ascendant, Tyrannical, Challenger's Peril, Fortified",Arielle,Paladin,Retribution,dps,Nightsong
1141,330.9,307475818,10,Mists of Tirna Scithe,2024-11-16T09:58:06.000Z,1340012,1890999,2,"Xal'atath's Bargain: Ascendant, Tyrannical, Challenger's Peril, Fortified",想補就補,Priest,Shadow,dps,Wrathbringer
1141,330.9,307475818,10,Mists of Tirna Scithe,2024-11-16T09:58:06.000Z,1340012,1890999,2,"Xal'atath's Bargain: Ascendant, Tyrannical, Challenger's Peril, Fortified",Rala,Hunter,Survival,dps,Arygos
1141,330.9,307475818,10,Mists of Tirna Scithe,2024-11-16T09:58:06.000Z,1340012,1890999,2,"Xal'atath's Bargain: Ascendant, Tyrannical, Challenger's Peril, Fortified",Rikameowmeow,Evoker,Preservation,healer,Chillwind Point
1141,330.9,307475818,10,Mists of Tirna Scithe,2024-11-16T09:58:06.000Z,1340012,1890999,2,"Xal'atath's Bargain: Ascendant, Tyrannical, Challenger's Peril, Fortified",Bibootax,Paladin,Protection,tank,Menethil
1142,330.9,308312738,10,Mists of Tirna Scithe,2024-11-20T18:11:25.000Z,1340165,1890999,2,"Xal'atath's Bargain: Ascendant, Tyrannical, Challenger's Peril, Fortified",Uzura,Druid,Restoration,healer,Sundown Marsh
1142,330.9,308312738,10,Mists of Tirna Scithe,2024-11-20T18:11:25.000Z,1340165,1890999,2,"Xal'atath's Bargain: Ascendant, Tyrannical, Challenger's Peril, Fortified",李李,Paladin,Protection,tank,Shadowmoon
1142,330.9,308312738,10,Mists of Tirna Scithe,2024-11-20T18:11:25.000Z,1340165,1890999,2,"Xal'atath's Bargain: Ascendant, Tyrannical, Challenger's Peril, Fortified",莉法,Hunter,Beast Mastery,dps,Arthas
1142,330.9,308312738,10,Mists of Tirna Scithe,2024-11-20T18:11:25.000Z,1340165,1890999,2,"Xal'atath's Bargain: Ascendant, Tyrannical, Challenger's Peril, Fortified",Marz,Paladin,Retribution,dps,Wrathbringer
1142,330.9,308312738,10,Mists of Tirna Scithe,2024-11-20T18:11:25.000Z,1340165,1890999,2,"Xal'atath's Bargain: Ascendant, Tyrannical, Challenger's Peril, Fortified",淡紫色的回憶,Paladin,Retribution,dps,Crystalpine Stinger
1143,330.9,303222715,10,Mists of Tirna Scithe,2024-10-27T16:56:24.000Z,1340925,1890999,2,"Xal'atath's Bargain: Ascendant, Fortified, Challenger's Peril, Tyrannical",甜豆兒,Priest,Discipline,healer,Shadowmoon
1143,330.9,303222715,10,Mists of Tirna Scithe,2024-10-27T16:56:24.000Z,1340925,1890999,2,"Xal'atath's Bargain: Ascendant, Fortified, Challenger's Peril, Tyrannical",Bambibae,Evoker,Augmentation,dps,Nightsong
1143,330.9,303222715,10,Mists of Tirna Scithe,2024-10-27T16:56:24.000Z,1340925,1890999,2,"Xal'atath's Bargain: Ascendant, Fortified, Challenger's Peril, Tyrannical",瑪斯,Paladin,Protection,tank,Sundown Marsh
1143,330.9,303222715,10,Mists of Tirna Scithe,2024-10-27T16:56:24.000Z,1340925,1890999,2,"Xal'atath's Bargain: Ascendant, Fortified, Challenger's Peril, Tyrannical",小雪會漏電,Shaman,Elemental,dps,Sundown Marsh
1143,330.9,303222715,10,Mists of Tirna Scithe,2024-10-27T16:56:24.000Z,1340925,1890999,2,"Xal'atath's Bargain: Ascendant, Fortified, Challenger's Peril, Tyrannical",泫雅寶,Rogue,Assassination,dps,Shadowmoon
1144,330.9,302479991,10,Mists of Tirna Scithe,2024-10-24T14:58:28.000Z,1341167,1890999,2,"Xal'atath's Bargain: Ascendant, Fortified, Challenger's Peril, Tyrannical",小土仔,Shaman,Restoration,healer,Shadowmoon
1144,330.9,302479991,10,Mists of Tirna Scithe,2024-10-24T14:58:28.000Z,1341167,1890999,2,"Xal'atath's Bargain: Ascendant, Fortified, Challenger's Peril, Tyrannical",別再教召我惹,Death Knight,Unholy,dps,Chillwind Point
1144,330.9,302479991,10,Mists of Tirna Scithe,2024-10-24T14:58:28.000Z,1341167,1890999,2,"Xal'atath's Bargain: Ascendant, Fortified, Challenger's Peril, Tyrannical",薩克量產型,Monk,Brewmaster,tank,Shadowmoon
1144,330.9,302479991,10,Mists of Tirna Scithe,2024-10-24T14:58:28.000Z,1341167,1890999,2,"Xal'atath's Bargain: Ascendant, Fortified, Challenger's Peril, Tyrannical",Irk,Shaman,Enhancement,dps,Quel'dorei
1144,330.9,302479991,10,Mists of Tirna Scithe,2024-10-24T14:58:28.000Z,1341167,1890999,2,"Xal'atath's Bargain: Ascendant, Fortified, Challenger's Peril, Tyrannical",養豚人家,Warlock,Demonology,dps,Quel'dorei
1145,330.9,307692345,10,Mists of Tirna Scithe,2024-11-17T10:24:59.000Z,1341199,1890999,2,"Xal'atath's Bargain: Ascendant, Tyrannical, Challenger's Peril, Fortified",Clemon,Demon Hunter,Vengeance,tank,Whisperwind
1145,330.9,307692345,10,Mists of Tirna Scithe,2024-11-17T10:24:59.000Z,1341199,1890999,2,"Xal'atath's Bargain: Ascendant, Tyrannical, Challenger's Peril, Fortified",絕情守護,Paladin,Retribution,dps,Shadowmoon
1145,330.9,307692345,10,Mists of Tirna Scithe,2024-11-17T10:24:59.000Z,1341199,1890999,2,"Xal'atath's Bargain: Ascendant, Tyrannical, Challenger's Peril, Fortified",修羅血獄,Hunter,Beast Mastery,dps,Sundown Marsh
1145,330.9,307692345,10,Mists of Tirna Scithe,2024-11-17T10:24:59.000Z,1341199,1890999,2,"Xal'atath's Bargain: Ascendant, Tyrannical, Challenger's Peril, Fortified",啾啾軒,Priest,Discipline,healer,Whisperwind
1145,330.9,307692345,10,Mists of Tirna Scithe,2024-11-17T10:24:59.000Z,1341199,1890999,2,"Xal'atath's Bargain: Ascendant, Tyrannical, Challenger's Peril, Fortified",牛頭聖騎士,Paladin,Retribution,dps,World Tree
1146,330.9,302407873,10,Mists of Tirna Scithe,2024-10-24T02:03:15.000Z,1341934,1890999,2,"Xal'atath's Bargain: Ascendant, Fortified, Challenger's Peril, Tyrannical",挖咖摸多,Death Knight,Blood,tank,Arygos
1146,330.9,302407873,10,Mists of Tirna Scithe,2024-10-24T02:03:15.000Z,1341934,1890999,2,"Xal'atath's Bargain: Ascendant, Fortified, Challenger's Peril, Tyrannical",Achlyse,Death Knight,Frost,dps,Arygos
1146,330.9,302407873,10,Mists of Tirna Scithe,2024-10-24T02:03:15.000Z,1341934,1890999,2,"Xal'atath's Bargain: Ascendant, Fortified, Challenger's Peril, Tyrannical",Jjay,Rogue,Assassination,dps,Arygos
1146,330.9,302407873,10,Mists of Tirna Scithe,2024-10-24T02:03:15.000Z,1341934,1890999,2,"Xal'atath's Bargain: Ascendant, Fortified, Challenger's Peril, Tyrannical",咪咪茆茆,Priest,Holy,healer,Arygos
1146,330.9,302407873,10,Mists of Tirna Scithe,2024-10-24T02:03:15.000Z,1341934,1890999,2,"Xal'atath's Bargain: Ascendant, Fortified, Challenger's Peril, Tyrannical",Saruei,Death Knight,Frost,dps,Arygos
1147,330.9,307312606,10,Mists of Tirna Scithe,2024-11-15T13:18:07.000Z,1342161,1890999,2,"Xal'atath's Bargain: Ascendant, Tyrannical, Challenger's Peril, Fortified",阿筆,Hunter,Beast Mastery,dps,World Tree
1147,330.9,307312606,10,Mists of Tirna Scithe,2024-11-15T13:18:07.000Z,1342161,1890999,2,"Xal'atath's Bargain: Ascendant, Tyrannical, Challenger's Peril, Fortified",眾生咩,Monk,Mistweaver,healer,Light's Hope
1147,330.9,307312606,10,Mists of Tirna Scithe,2024-11-15T13:18:07.000Z,1342161,1890999,2,"Xal'atath's Bargain: Ascendant, Tyrannical, Challenger's Peril, Fortified",月夜情風,Druid,Balance,dps,Shadowmoon
1147,330.9,307312606,10,Mists of Tirna Scithe,2024-11-15T13:18:07.000Z,1342161,1890999,2,"Xal'atath's Bargain: Ascendant, Tyrannical, Challenger's Peril, Fortified",聖瑪利亞,Warrior,Protection,tank,Shadowmoon
1147,330.9,307312606,10,Mists of Tirna Scithe,2024-11-15T13:18:07.000Z,1342161,1890999,2,"Xal'atath's Bargain: Ascendant, Tyrannical, Challenger's Peril, Fortified",拉姆拉迪,Paladin,Retribution,dps,Stormscale
1148,330.9,307476605,10,Mists of Tirna Scithe,2024-11-16T09:45:38.000Z,1342312,1890999,2,"Xal'atath's Bargain: Ascendant, Tyrannical, Challenger's Peril, Fortified",阿忒密斯,Hunter,Beast Mastery,dps,Arthas
1148,330.9,307476605,10,Mists of Tirna Scithe,2024-11-16T09:45:38.000Z,1342312,1890999,2,"Xal'atath's Bargain: Ascendant, Tyrannical, Challenger's Peril, Fortified",鋼鐵樂團,Shaman,Restoration,healer,Frostmane
1148,330.9,307476605,10,Mists of Tirna Scithe,2024-11-16T09:45:38.000Z,1342312,1890999,2,"Xal'atath's Bargain: Ascendant, Tyrannical, Challenger's Peril, Fortified",烤乳鴿,Warrior,Fury,dps,Shadowmoon
1148,330.9,307476605,10,Mists of Tirna Scithe,2024-11-16T09:45:38.000Z,1342312,1890999,2,"Xal'atath's Bargain: Ascendant, Tyrannical, Challenger's Peril, Fortified",Skypal,Paladin,Protection,tank,Shadowmoon
1148,330.9,307476605,10,Mists of Tirna Scithe,2024-11-16T09:45:38.000Z,1342312,1890999,2,"Xal'atath's Bargain: Ascendant, Tyrannical, Challenger's Peril, Fortified",芈廿乜爿厶,Death Knight,Unholy,dps,Arthas
1149,330.9,307456996,10,Mists of Tirna Scithe,2024-11-16T06:11:49.000Z,1342360,1890999,2,"Xal'atath's Bargain: Ascendant, Tyrannical, Challenger's Peril, Fortified",風殤雪,Paladin,Protection,tank,Sundown Marsh
1149,330.9,307456996,10,Mists of Tirna Scithe,2024-11-16T06:11:49.000Z,1342360,1890999,2,"Xal'atath's Bargain: Ascendant, Tyrannical, Challenger's Peril, Fortified",群小眾,Hunter,Survival,dps,Crystalpine Stinger
1149,330.9,307456996,10,Mists of Tirna Scithe,2024-11-16T06:11:49.000Z,1342360,1890999,2,"Xal'atath's Bargain: Ascendant, Tyrannical, Challenger's Peril, Fortified",迷路貓,Druid,Restoration,healer,Crystalpine Stinger
1149,330.9,307456996,10,Mists of Tirna Scithe,2024-11-16T06:11:49.000Z,1342360,1890999,2,"Xal'atath's Bargain: Ascendant, Tyrannical, Challenger's Peril, Fortified",伊利斯翠,Priest,Shadow,dps,Crystalpine Stinger
1149,330.9,307456996,10,Mists of Tirna Scithe,2024-11-16T06:11:49.000Z,1342360,1890999,2,"Xal'atath's Bargain: Ascendant, Tyrannical, Challenger's Peril, Fortified",春色惱人眠,Druid,Balance,dps,Demon Fall Canyon
1150,330.9,307463466,10,Mists of Tirna Scithe,2024-11-16T07:04:15.000Z,1342457,1890999,2,"Xal'atath's Bargain: Ascendant, Tyrannical, Challenger's Peril, Fortified",舞風鈴,Druid,Guardian,tank,Sundown Marsh
1150,330.9,307463466,10,Mists of Tirna Scithe,2024-11-16T07:04:15.000Z,1342457,1890999,2,"Xal'atath's Bargain: Ascendant, Tyrannical, Challenger's Peril, Fortified",江將江將,Shaman,Elemental,dps,Silverwing Hold
1150,330.9,307463466,10,Mists of Tirna Scithe,2024-11-16T07:04:15.000Z,1342457,1890999,2,"Xal'atath's Bargain: Ascendant, Tyrannical, Challenger's Peril, Fortified",不火,Demon Hunter,Havoc,dps,Wrathbringer
1150,330.9,307463466,10,Mists of Tirna Scithe,2024-11-16T07:04:15.000Z,1342457,1890999,2,"Xal'atath's Bargain: Ascendant, Tyrannical, Challenger's Peril, Fortified",你全家才牛蹄,Priest,Discipline,healer,Arthas
1150,330.9,307463466,10,Mists of Tirna Scithe,2024-11-16T07:04:15.000Z,1342457,1890999,2,"Xal'atath's Bargain: Ascendant, Tyrannical, Challenger's Peril, Fortified",柴可扶司機,Hunter,Beast Mastery,dps,Arygos
1151,330.9,307279726,10,Mists of Tirna Scithe,2024-11-15T06:28:30.000Z,1342792,1890999,2,"Xal'atath's Bargain: Ascendant, Tyrannical, Challenger's Peril, Fortified",緣丶妙不可言,Priest,Holy,healer,Crystalpine Stinger
1151,330.9,307279726,10,Mists of Tirna Scithe,2024-11-15T06:28:30.000Z,1342792,1890999,2,"Xal'atath's Bargain: Ascendant, Tyrannical, Challenger's Peril, Fortified",復生的大王,Death Knight,Blood,tank,Crystalpine Stinger
1151,330.9,307279726,10,Mists of Tirna Scithe,2024-11-15T06:28:30.000Z,1342792,1890999,2,"Xal'atath's Bargain: Ascendant, Tyrannical, Challenger's Peril, Fortified",愛莎莉絲,Paladin,Retribution,dps,Crystalpine Stinger
1151,330.9,307279726,10,Mists of Tirna Scithe,2024-11-15T06:28:30.000Z,1342792,1890999,2,"Xal'atath's Bargain: Ascendant, Tyrannical, Challenger's Peril, Fortified",和平改革者,Paladin,Retribution,dps,Crystalpine Stinger
1151,330.9,307279726,10,Mists of Tirna Scithe,2024-11-15T06:28:30.000Z,1342792,1890999,2,"Xal'atath's Bargain: Ascendant, Tyrannical, Challenger's Peril, Fortified",是種心理回應,Shaman,Enhancement,dps,Sundown Marsh
1152,330.9,307508914,10,Mists of Tirna Scithe,2024-11-16T14:14:31.000Z,1342820,1890999,2,"Xal'atath's Bargain: Ascendant, Tyrannical, Challenger's Peril, Fortified",Peeterdk,Death Knight,Frost,dps,Frostmane
1152,330.9,307508914,10,Mists of Tirna Scithe,2024-11-16T14:14:31.000Z,1342820,1890999,2,"Xal'atath's Bargain: Ascendant, Tyrannical, Challenger's Peril, Fortified",霜降冰棒,Shaman,Restoration,healer,Frostmane
1152,330.9,307508914,10,Mists of Tirna Scithe,2024-11-16T14:14:31.000Z,1342820,1890999,2,"Xal'atath's Bargain: Ascendant, Tyrannical, Challenger's Peril, Fortified",科科大師,Monk,Brewmaster,tank,Menethil
1152,330.9,307508914,10,Mists of Tirna Scithe,2024-11-16T14:14:31.000Z,1342820,1890999,2,"Xal'atath's Bargain: Ascendant, Tyrannical, Challenger's Peril, Fortified",靜靜,Hunter,Beast Mastery,dps,Menethil
1152,330.9,307508914,10,Mists of Tirna Scithe,2024-11-16T14:14:31.000Z,1342820,1890999,2,"Xal'atath's Bargain: Ascendant, Tyrannical, Challenger's Peril, Fortified",謝謝你,Priest,Shadow,dps,Menethil
1153,330.9,303232510,10,Mists of Tirna Scithe,2024-10-27T18:13:14.000Z,1343023,1890999,2,"Xal'atath's Bargain: Ascendant, Fortified, Challenger's Peril, Tyrannical",晴仁,Warrior,Fury,dps,Shadowmoon
1153,330.9,303232510,10,Mists of Tirna Scithe,2024-10-27T18:13:14.000Z,1343023,1890999,2,"Xal'atath's Bargain: Ascendant, Fortified, Challenger's Peril, Tyrannical",閃電嗶嗶波,Shaman,Restoration,healer,Shadowmoon
1153,330.9,303232510,10,Mists of Tirna Scithe,2024-10-27T18:13:14.000Z,1343023,1890999,2,"Xal'atath's Bargain: Ascendant, Fortified, Challenger's Peril, Tyrannical",Srocyrt,Shaman,Elemental,dps,Wrathbringer
1153,330.9,303232510,10,Mists of Tirna Scithe,2024-10-27T18:13:14.000Z,1343023,1890999,2,"Xal'atath's Bargain: Ascendant, Fortified, Challenger's Peril, Tyrannical",Hippy,Druid,Balance,dps,Shadowmoon
1153,330.9,303232510,10,Mists of Tirna Scithe,2024-10-27T18:13:14.000Z,1343023,1890999,2,"Xal'atath's Bargain: Ascendant, Fortified, Challenger's Peril, Tyrannical",哺濕,Paladin,Protection,tank,World Tree
1154,330.9,307499295,10,Mists of Tirna Scithe,2024-11-16T13:29:37.000Z,1343437,1890999,2,"Xal'atath's Bargain: Ascendant, Tyrannical, Challenger's Peril, Fortified",偶系阿倫,Druid,Balance,dps,Wrathbringer
1154,330.9,307499295,10,Mists of Tirna Scithe,2024-11-16T13:29:37.000Z,1343437,1890999,2,"Xal'atath's Bargain: Ascendant, Tyrannical, Challenger's Peril, Fortified",江边鸟,Paladin,Retribution,dps,World Tree
1154,330.9,307499295,10,Mists of Tirna Scithe,2024-11-16T13:29:37.000Z,1343437,1890999,2,"Xal'atath's Bargain: Ascendant, Tyrannical, Challenger's Peril, Fortified",Vici,Rogue,Assassination,dps,Sundown Marsh
1154,330.9,307499295,10,Mists of Tirna Scithe,2024-11-16T13:29:37.000Z,1343437,1890999,2,"Xal'atath's Bargain: Ascendant, Tyrannical, Challenger's Peril, Fortified",艾蕾婭,Shaman,Restoration,healer,Sundown Marsh
1154,330.9,307499295,10,Mists of Tirna Scithe,2024-11-16T13:29:37.000Z,1343437,1890999,2,"Xal'atath's Bargain: Ascendant, Tyrannical, Challenger's Peril, Fortified",墨汁战,Warrior,Protection,tank,Wrathbringer
1155,330.9,307931448,10,Mists of Tirna Scithe,2024-11-18T17:12:09.000Z,1343462,1890999,2,"Xal'atath's Bargain: Ascendant, Tyrannical, Challenger's Peril, Fortified",紀天胤禪武,Monk,Mistweaver,healer,Nightsong
1155,330.9,307931448,10,Mists of Tirna Scithe,2024-11-18T17:12:09.000Z,1343462,1890999,2,"Xal'atath's Bargain: Ascendant, Tyrannical, Challenger's Peril, Fortified",忒鴯,Druid,Balance,dps,Bleeding Hollow
1155,330.9,307931448,10,Mists of Tirna Scithe,2024-11-18T17:12:09.000Z,1343462,1890999,2,"Xal'atath's Bargain: Ascendant, Tyrannical, Challenger's Peril, Fortified",哈末,Hunter,Survival,dps,Nightsong
1155,330.9,307931448,10,Mists of Tirna Scithe,2024-11-18T17:12:09.000Z,1343462,1890999,2,"Xal'atath's Bargain: Ascendant, Tyrannical, Challenger's Peril, Fortified",小寶妮,Paladin,Protection,tank,Nightsong
1155,330.9,307931448,10,Mists of Tirna Scithe,2024-11-18T17:12:09.000Z,1343462,1890999,2,"Xal'atath's Bargain: Ascendant, Tyrannical, Challenger's Peril, Fortified",連滾帶爬,Monk,Windwalker,dps,Bleeding Hollow
1156,330.9,307128890,10,Mists of Tirna Scithe,2024-11-14T07:55:30.000Z,1343802,1890999,2,"Xal'atath's Bargain: Ascendant, Tyrannical, Challenger's Peril, Fortified",暗黑殺手,Druid,Feral,dps,Arthas
1156,330.9,307128890,10,Mists of Tirna Scithe,2024-11-14T07:55:30.000Z,1343802,1890999,2,"Xal'atath's Bargain: Ascendant, Tyrannical, Challenger's Peril, Fortified",秋契,Paladin,Protection,tank,Sundown Marsh
1156,330.9,307128890,10,Mists of Tirna Scithe,2024-11-14T07:55:30.000Z,1343802,1890999,2,"Xal'atath's Bargain: Ascendant, Tyrannical, Challenger's Peril, Fortified",Jerjerjer,Warlock,Destruction,dps,World Tree
1156,330.9,307128890,10,Mists of Tirna Scithe,2024-11-14T07:55:30.000Z,1343802,1890999,2,"Xal'atath's Bargain: Ascendant, Tyrannical, Challenger's Peril, Fortified",大雨不治水,Shaman,Restoration,healer,Whisperwind
1156,330.9,307128890,10,Mists of Tirna Scithe,2024-11-14T07:55:30.000Z,1343802,1890999,2,"Xal'atath's Bargain: Ascendant, Tyrannical, Challenger's Peril, Fortified",熙婆婆,Shaman,Elemental,dps,World Tree
1157,330.8,307508938,10,Mists of Tirna Scithe,2024-11-16T14:38:05.000Z,1343956,1890999,2,"Xal'atath's Bargain: Ascendant, Tyrannical, Challenger's Peril, Fortified",Chargedie,Warrior,Protection,tank,Whisperwind
1157,330.8,307508938,10,Mists of Tirna Scithe,2024-11-16T14:38:05.000Z,1343956,1890999,2,"Xal'atath's Bargain: Ascendant, Tyrannical, Challenger's Peril, Fortified",乂嗶哩嗶哩乂,Shaman,Elemental,dps,Shadowmoon
1157,330.8,307508938,10,Mists of Tirna Scithe,2024-11-16T14:38:05.000Z,1343956,1890999,2,"Xal'atath's Bargain: Ascendant, Tyrannical, Challenger's Peril, Fortified",霏莉希亞,Priest,Discipline,healer,Shadowmoon
1157,330.8,307508938,10,Mists of Tirna Scithe,2024-11-16T14:38:05.000Z,1343956,1890999,2,"Xal'atath's Bargain: Ascendant, Tyrannical, Challenger's Peril, Fortified",钵钵猎,Hunter,Survival,dps,Whisperwind
1157,330.8,307508938,10,Mists of Tirna Scithe,2024-11-16T14:38:05.000Z,1343956,1890999,2,"Xal'atath's Bargain: Ascendant, Tyrannical, Challenger's Peril, Fortified",戀依茜茜,Shaman,Elemental,dps,Whisperwind
1158,330.8,307883230,10,Mists of Tirna Scithe,2024-11-18T03:37:43.000Z,1344791,1890999,2,"Xal'atath's Bargain: Ascendant, Tyrannical, Challenger's Peril, Fortified",飛鳥蘭格利-7609720,Death Knight,Blood,tank,Shadowmoon
1158,330.8,307883230,10,Mists of Tirna Scithe,2024-11-18T03:37:43.000Z,1344791,1890999,2,"Xal'atath's Bargain: Ascendant, Tyrannical, Challenger's Peril, Fortified",馨芯,Shaman,Restoration,healer,Nightsong
1158,330.8,307883230,10,Mists of Tirna Scithe,2024-11-18T03:37:43.000Z,1344791,1890999,2,"Xal'atath's Bargain: Ascendant, Tyrannical, Challenger's Peril, Fortified",Shiinadz,Rogue,Outlaw,dps,Arthas
1158,330.8,307883230,10,Mists of Tirna Scithe,2024-11-18T03:37:43.000Z,1344791,1890999,2,"Xal'atath's Bargain: Ascendant, Tyrannical, Challenger's Peril, Fortified",獸人硬起來,Shaman,Elemental,dps,Sundown Marsh
1158,330.8,307883230,10,Mists of Tirna Scithe,2024-11-18T03:37:43.000Z,1344791,1890999,2,"Xal'atath's Bargain: Ascendant, Tyrannical, Challenger's Peril, Fortified",醉生大燻腸,Death Knight,Frost,dps,Demon Fall Canyon
1159,330.8,302868954,10,Mists of Tirna Scithe,2024-10-26T07:41:51.000Z,1345519,1890999,2,"Xal'atath's Bargain: Ascendant, Fortified, Challenger's Peril, Tyrannical",獵藝,Hunter,Beast Mastery,dps,Shadowmoon
1159,330.8,302868954,10,Mists of Tirna Scithe,2024-10-26T07:41:51.000Z,1345519,1890999,2,"Xal'atath's Bargain: Ascendant, Fortified, Challenger's Peril, Tyrannical",雅紗,Shaman,Restoration,healer,Whisperwind
1159,330.8,302868954,10,Mists of Tirna Scithe,2024-10-26T07:41:51.000Z,1345519,1890999,2,"Xal'atath's Bargain: Ascendant, Fortified, Challenger's Peril, Tyrannical",長橋顧馬,Paladin,Protection,tank,Silverwing Hold
1159,330.8,302868954,10,Mists of Tirna Scithe,2024-10-26T07:41:51.000Z,1345519,1890999,2,"Xal'atath's Bargain: Ascendant, Fortified, Challenger's Peril, Tyrannical",壹拾柒刀,Shaman,Elemental,dps,Sundown Marsh
1159,330.8,302868954,10,Mists of Tirna Scithe,2024-10-26T07:41:51.000Z,1345519,1890999,2,"Xal'atath's Bargain: Ascendant, Fortified, Challenger's Peril, Tyrannical",香蕉果凍,Rogue,Outlaw,dps,Whisperwind
1160,330.8,303863155,10,Mists of Tirna Scithe,2024-10-30T16:39:41.000Z,1345554,1890999,2,"Xal'atath's Bargain: Ascendant, Fortified, Challenger's Peril, Tyrannical",不救情傷,Priest,Discipline,healer,Demon Fall Canyon
1160,330.8,303863155,10,Mists of Tirna Scithe,2024-10-30T16:39:41.000Z,1345554,1890999,2,"Xal'atath's Bargain: Ascendant, Fortified, Challenger's Peril, Tyrannical",修羅血獄,Hunter,Marksmanship,dps,Sundown Marsh
1160,330.8,303863155,10,Mists of Tirna Scithe,2024-10-30T16:39:41.000Z,1345554,1890999,2,"Xal'atath's Bargain: Ascendant, Fortified, Challenger's Peril, Tyrannical",次等公民,Monk,Brewmaster,tank,Crystalpine Stinger
1160,330.8,303863155,10,Mists of Tirna Scithe,2024-10-30T16:39:41.000Z,1345554,1890999,2,"Xal'atath's Bargain: Ascendant, Fortified, Challenger's Peril, Tyrannical",天使之城,Priest,Shadow,dps,Light's Hope
1160,330.8,303863155,10,Mists of Tirna Scithe,2024-10-30T16:39:41.000Z,1345554,1890999,2,"Xal'atath's Bargain: Ascendant, Fortified, Challenger's Peril, Tyrannical",空白回憶,Shaman,Enhancement,dps,Skywall
1161,330.8,307526350,10,Mists of Tirna Scithe,2024-11-16T16:19:41.000Z,1345657,1890999,2,"Xal'atath's Bargain: Ascendant, Tyrannical, Challenger's Peril, Fortified",我燒焦啦,Mage,Frost,dps,Whisperwind
1161,330.8,307526350,10,Mists of Tirna Scithe,2024-11-16T16:19:41.000Z,1345657,1890999,2,"Xal'atath's Bargain: Ascendant, Tyrannical, Challenger's Peril, Fortified",綠茶與多多,Warrior,Fury,dps,Shadowmoon
1161,330.8,307526350,10,Mists of Tirna Scithe,2024-11-16T16:19:41.000Z,1345657,1890999,2,"Xal'atath's Bargain: Ascendant, Tyrannical, Challenger's Peril, Fortified",Ohtani,Paladin,Protection,tank,Shadowmoon
1161,330.8,307526350,10,Mists of Tirna Scithe,2024-11-16T16:19:41.000Z,1345657,1890999,2,"Xal'atath's Bargain: Ascendant, Tyrannical, Challenger's Peril, Fortified",芽拜乙恰妲,Demon Hunter,Havoc,dps,Zealot Blade
1161,330.8,307526350,10,Mists of Tirna Scithe,2024-11-16T16:19:41.000Z,1345657,1890999,2,"Xal'atath's Bargain: Ascendant, Tyrannical, Challenger's Peril, Fortified",川普,Priest,Discipline,healer,Shadowmoon
1162,330.8,302693085,10,Mists of Tirna Scithe,2024-10-25T17:07:21.000Z,1346017,1890999,2,"Xal'atath's Bargain: Ascendant, Fortified, Challenger's Peril, Tyrannical",法爾薩斯,Paladin,Protection,tank,Shadowmoon
1162,330.8,302693085,10,Mists of Tirna Scithe,2024-10-25T17:07:21.000Z,1346017,1890999,2,"Xal'atath's Bargain: Ascendant, Fortified, Challenger's Peril, Tyrannical",阿軒軒鵝,Druid,Balance,dps,Shadowmoon
1162,330.8,302693085,10,Mists of Tirna Scithe,2024-10-25T17:07:21.000Z,1346017,1890999,2,"Xal'atath's Bargain: Ascendant, Fortified, Challenger's Peril, Tyrannical",熊怪,Druid,Restoration,healer,Arthas
1162,330.8,302693085,10,Mists of Tirna Scithe,2024-10-25T17:07:21.000Z,1346017,1890999,2,"Xal'atath's Bargain: Ascendant, Fortified, Challenger's Peril, Tyrannical",達瑪骨,Shaman,Enhancement,dps,Shadowmoon
1162,330.8,302693085,10,Mists of Tirna Scithe,2024-10-25T17:07:21.000Z,1346017,1890999,2,"Xal'atath's Bargain: Ascendant, Fortified, Challenger's Peril, Tyrannical",烙賽怪-229645647,Paladin,Retribution,dps,Shadowmoon
1163,330.8,303445429,10,Mists of Tirna Scithe,2024-10-28T17:06:37.000Z,1346055,1890999,2,"Xal'atath's Bargain: Ascendant, Fortified, Challenger's Peril, Tyrannical",墨希,Warrior,Protection,tank,Dragonmaw
1163,330.8,303445429,10,Mists of Tirna Scithe,2024-10-28T17:06:37.000Z,1346055,1890999,2,"Xal'atath's Bargain: Ascendant, Fortified, Challenger's Peril, Tyrannical",暴雪全家確診,Mage,Frost,dps,Frostmane
1163,330.8,303445429,10,Mists of Tirna Scithe,2024-10-28T17:06:37.000Z,1346055,1890999,2,"Xal'atath's Bargain: Ascendant, Fortified, Challenger's Peril, Tyrannical",霜降冰棒,Shaman,Restoration,healer,Frostmane
1163,330.8,303445429,10,Mists of Tirna Scithe,2024-10-28T17:06:37.000Z,1346055,1890999,2,"Xal'atath's Bargain: Ascendant, Fortified, Challenger's Peril, Tyrannical",科科牛,Druid,Balance,dps,Menethil
1163,330.8,303445429,10,Mists of Tirna Scithe,2024-10-28T17:06:37.000Z,1346055,1890999,2,"Xal'atath's Bargain: Ascendant, Fortified, Challenger's Peril, Tyrannical",靜靜,Hunter,Beast Mastery,dps,Menethil
1164,330.8,302714708,10,Mists of Tirna Scithe,2024-10-24T17:00:51.000Z,1346110,1890999,2,"Xal'atath's Bargain: Ascendant, Fortified, Challenger's Peril, Tyrannical",朝陽哥,Priest,Discipline,healer,World Tree
1164,330.8,302714708,10,Mists of Tirna Scithe,2024-10-24T17:00:51.000Z,1346110,1890999,2,"Xal'atath's Bargain: Ascendant, Fortified, Challenger's Peril, Tyrannical",紫靈玥,Demon Hunter,Havoc,dps,Arygos
1164,330.8,302714708,10,Mists of Tirna Scithe,2024-10-24T17:00:51.000Z,1346110,1890999,2,"Xal'atath's Bargain: Ascendant, Fortified, Challenger's Peril, Tyrannical",Dgstepbro,Paladin,Protection,tank,Nightsong
1164,330.8,302714708,10,Mists of Tirna Scithe,2024-10-24T17:00:51.000Z,1346110,1890999,2,"Xal'atath's Bargain: Ascendant, Fortified, Challenger's Peril, Tyrannical",Idwolf,Shaman,Elemental,dps,Menethil
1164,330.8,302714708,10,Mists of Tirna Scithe,2024-10-24T17:00:51.000Z,1346110,1890999,2,"Xal'atath's Bargain: Ascendant, Fortified, Challenger's Peril, Tyrannical",Daveshaman,Shaman,Elemental,dps,Nightsong
1165,330.8,307435068,10,Mists of Tirna Scithe,2024-11-16T03:33:52.000Z,1346537,1890999,2,"Xal'atath's Bargain: Ascendant, Tyrannical, Challenger's Peril, Fortified",Albarea,Monk,Brewmaster,tank,Sundown Marsh
1165,330.8,307435068,10,Mists of Tirna Scithe,2024-11-16T03:33:52.000Z,1346537,1890999,2,"Xal'atath's Bargain: Ascendant, Tyrannical, Challenger's Peril, Fortified",堅挺的小女孩,Druid,Restoration,healer,Spirestone
1165,330.8,307435068,10,Mists of Tirna Scithe,2024-11-16T03:33:52.000Z,1346537,1890999,2,"Xal'atath's Bargain: Ascendant, Tyrannical, Challenger's Peril, Fortified",詛咒喚魔,Warlock,Destruction,dps,Sundown Marsh
1165,330.8,307435068,10,Mists of Tirna Scithe,2024-11-16T03:33:52.000Z,1346537,1890999,2,"Xal'atath's Bargain: Ascendant, Tyrannical, Challenger's Peril, Fortified",敲敲菜,Hunter,Survival,dps,Stormscale
1165,330.8,307435068,10,Mists of Tirna Scithe,2024-11-16T03:33:52.000Z,1346537,1890999,2,"Xal'atath's Bargain: Ascendant, Tyrannical, Challenger's Peril, Fortified",小海寧,Priest,Shadow,dps,Crystalpine Stinger
1166,330.8,300838979,10,Mists of Tirna Scithe,2024-10-25T13:27:10.000Z,1346589,1890999,2,"Xal'atath's Bargain: Ascendant, Fortified, Challenger's Peril, Tyrannical",明宗居士,Priest,Holy,healer,Shadowmoon
1166,330.8,300838979,10,Mists of Tirna Scithe,2024-10-25T13:27:10.000Z,1346589,1890999,2,"Xal'atath's Bargain: Ascendant, Fortified, Challenger's Peril, Tyrannical",源源小寶寶,Warlock,Affliction,dps,Shadowmoon
1166,330.8,300838979,10,Mists of Tirna Scithe,2024-10-25T13:27:10.000Z,1346589,1890999,2,"Xal'atath's Bargain: Ascendant, Fortified, Challenger's Peril, Tyrannical",蕪薪假期,Druid,Balance,dps,Shadowmoon
1166,330.8,300838979,10,Mists of Tirna Scithe,2024-10-25T13:27:10.000Z,1346589,1890999,2,"Xal'atath's Bargain: Ascendant, Fortified, Challenger's Peril, Tyrannical",Farewellkin,Death Knight,Blood,tank,Shadowmoon
1166,330.8,300838979,10,Mists of Tirna Scithe,2024-10-25T13:27:10.000Z,1346589,1890999,2,"Xal'atath's Bargain: Ascendant, Fortified, Challenger's Peril, Tyrannical",苦命阿勞,Shaman,Elemental,dps,Quel'dorei
1167,330.8,307303696,10,Mists of Tirna Scithe,2024-11-15T11:44:14.000Z,1346634,1890999,2,"Xal'atath's Bargain: Ascendant, Tyrannical, Challenger's Peril, Fortified",克勞狄烏斯,Paladin,Retribution,dps,Chillwind Point
1167,330.8,307303696,10,Mists of Tirna Scithe,2024-11-15T11:44:14.000Z,1346634,1890999,2,"Xal'atath's Bargain: Ascendant, Tyrannical, Challenger's Peril, Fortified",姬娜,Shaman,Enhancement,dps,Shadowmoon
1167,330.8,307303696,10,Mists of Tirna Scithe,2024-11-15T11:44:14.000Z,1346634,1890999,2,"Xal'atath's Bargain: Ascendant, Tyrannical, Challenger's Peril, Fortified",荷朵芭,Demon Hunter,Havoc,dps,Wrathbringer
1167,330.8,307303696,10,Mists of Tirna Scithe,2024-11-15T11:44:14.000Z,1346634,1890999,2,"Xal'atath's Bargain: Ascendant, Tyrannical, Challenger's Peril, Fortified",肥肚大叔,Death Knight,Blood,tank,Chillwind Point
1167,330.8,307303696,10,Mists of Tirna Scithe,2024-11-15T11:44:14.000Z,1346634,1890999,2,"Xal'atath's Bargain: Ascendant, Tyrannical, Challenger's Peril, Fortified",沃草,Druid,Restoration,healer,Icecrown
1168,330.8,307418248,10,Mists of Tirna Scithe,2024-11-16T00:57:28.000Z,1346917,1890999,2,"Xal'atath's Bargain: Ascendant, Tyrannical, Challenger's Peril, Fortified",神多洋,Paladin,Protection,tank,Sundown Marsh
1168,330.8,307418248,10,Mists of Tirna Scithe,2024-11-16T00:57:28.000Z,1346917,1890999,2,"Xal'atath's Bargain: Ascendant, Tyrannical, Challenger's Peril, Fortified",超級卡比獸,Druid,Restoration,healer,Shadowmoon
1168,330.8,307418248,10,Mists of Tirna Scithe,2024-11-16T00:57:28.000Z,1346917,1890999,2,"Xal'atath's Bargain: Ascendant, Tyrannical, Challenger's Peril, Fortified",王炎,Hunter,Beast Mastery,dps,Demon Fall Canyon
1168,330.8,307418248,10,Mists of Tirna Scithe,2024-11-16T00:57:28.000Z,1346917,1890999,2,"Xal'atath's Bargain: Ascendant, Tyrannical, Challenger's Peril, Fortified",獅子歌歌,Paladin,Retribution,dps,Dragonmaw
1168,330.8,307418248,10,Mists of Tirna Scithe,2024-11-16T00:57:28.000Z,1346917,1890999,2,"Xal'atath's Bargain: Ascendant, Tyrannical, Challenger's Peril, Fortified",混沌,Warlock,Destruction,dps,Menethil
1169,330.8,303284763,10,Mists of Tirna Scithe,2024-10-27T15:26:42.000Z,1346972,1890999,2,"Xal'atath's Bargain: Ascendant, Fortified, Challenger's Peril, Tyrannical",山形健,Shaman,Restoration,healer,Wrathbringer
1169,330.8,303284763,10,Mists of Tirna Scithe,2024-10-27T15:26:42.000Z,1346972,1890999,2,"Xal'atath's Bargain: Ascendant, Fortified, Challenger's Peril, Tyrannical",Sullivenevo,Evoker,Augmentation,dps,Arthas
1169,330.8,303284763,10,Mists of Tirna Scithe,2024-10-27T15:26:42.000Z,1346972,1890999,2,"Xal'atath's Bargain: Ascendant, Fortified, Challenger's Peril, Tyrannical",Nomsyolk,Shaman,Enhancement,dps,Sundown Marsh
1169,330.8,303284763,10,Mists of Tirna Scithe,2024-10-27T15:26:42.000Z,1346972,1890999,2,"Xal'atath's Bargain: Ascendant, Fortified, Challenger's Peril, Tyrannical",求求,Demon Hunter,Vengeance,tank,Whisperwind
1169,330.8,303284763,10,Mists of Tirna Scithe,2024-10-27T15:26:42.000Z,1346972,1890999,2,"Xal'atath's Bargain: Ascendant, Fortified, Challenger's Peril, Tyrannical",柚亞,Mage,Frost,dps,Zealot Blade
1170,330.8,303625075,10,Mists of Tirna Scithe,2024-10-29T12:36:09.000Z,1347469,1890999,2,"Xal'atath's Bargain: Ascendant, Fortified, Challenger's Peril, Tyrannical",戰之旋律,Warrior,Fury,dps,Shadowmoon
1170,330.8,303625075,10,Mists of Tirna Scithe,2024-10-29T12:36:09.000Z,1347469,1890999,2,"Xal'atath's Bargain: Ascendant, Fortified, Challenger's Peril, Tyrannical",御煌,Warrior,Protection,tank,Shadowmoon
1170,330.8,303625075,10,Mists of Tirna Scithe,2024-10-29T12:36:09.000Z,1347469,1890999,2,"Xal'atath's Bargain: Ascendant, Fortified, Challenger's Peril, Tyrannical",Ancalagon,Evoker,Preservation,healer,Quel'dorei
1170,330.8,303625075,10,Mists of Tirna Scithe,2024-10-29T12:36:09.000Z,1347469,1890999,2,"Xal'atath's Bargain: Ascendant, Fortified, Challenger's Peril, Tyrannical",小奶皇,Shaman,Elemental,dps,Whisperwind
1170,330.8,303625075,10,Mists of Tirna Scithe,2024-10-29T12:36:09.000Z,1347469,1890999,2,"Xal'atath's Bargain: Ascendant, Fortified, Challenger's Peril, Tyrannical",伊格利特,Paladin,Retribution,dps,Skywall
1171,330.8,307635720,10,Mists of Tirna Scithe,2024-11-17T01:37:16.000Z,1347597,1890999,2,"Xal'atath's Bargain: Ascendant, Tyrannical, Challenger's Peril, Fortified",沒有為什麼,Death Knight,Frost,dps,Skywall
1171,330.8,307635720,10,Mists of Tirna Scithe,2024-11-17T01:37:16.000Z,1347597,1890999,2,"Xal'atath's Bargain: Ascendant, Tyrannical, Challenger's Peril, Fortified",哈爾濱德魯伊,Druid,Guardian,tank,World Tree
1171,330.8,307635720,10,Mists of Tirna Scithe,2024-11-17T01:37:16.000Z,1347597,1890999,2,"Xal'atath's Bargain: Ascendant, Tyrannical, Challenger's Peril, Fortified",進城門滑一跤,Shaman,Restoration,healer,Menethil
1171,330.8,307635720,10,Mists of Tirna Scithe,2024-11-17T01:37:16.000Z,1347597,1890999,2,"Xal'atath's Bargain: Ascendant, Tyrannical, Challenger's Peril, Fortified",屋喵王,Mage,Frost,dps,Chillwind Point
1171,330.8,307635720,10,Mists of Tirna Scithe,2024-11-17T01:37:16.000Z,1347597,1890999,2,"Xal'atath's Bargain: Ascendant, Tyrannical, Challenger's Peril, Fortified",Wasker,Rogue,Assassination,dps,World Tree
1172,330.8,307153066,10,Mists of Tirna Scithe,2024-11-14T13:23:31.000Z,1348205,1890999,2,"Xal'atath's Bargain: Ascendant, Tyrannical, Challenger's Peril, Fortified",後勤支援,Hunter,Beast Mastery,dps,Shadowmoon
1172,330.8,307153066,10,Mists of Tirna Scithe,2024-11-14T13:23:31.000Z,1348205,1890999,2,"Xal'atath's Bargain: Ascendant, Tyrannical, Challenger's Peril, Fortified",慕澄,Priest,Holy,healer,Arthas
1172,330.8,307153066,10,Mists of Tirna Scithe,2024-11-14T13:23:31.000Z,1348205,1890999,2,"Xal'atath's Bargain: Ascendant, Tyrannical, Challenger's Peril, Fortified",二刀流封弊者,Demon Hunter,Vengeance,tank,Hellscream
1172,330.8,307153066,10,Mists of Tirna Scithe,2024-11-14T13:23:31.000Z,1348205,1890999,2,"Xal'atath's Bargain: Ascendant, Tyrannical, Challenger's Peril, Fortified",瞄準的鬍子,Hunter,Survival,dps,Hellscream
1172,330.8,307153066,10,Mists of Tirna Scithe,2024-11-14T13:23:31.000Z,1348205,1890999,2,"Xal'atath's Bargain: Ascendant, Tyrannical, Challenger's Peril, Fortified",伊娃聖殿,Paladin,Retribution,dps,Hellscream
1173,330.7,302904699,10,Mists of Tirna Scithe,2024-10-26T11:24:41.000Z,1349274,1890999,2,"Xal'atath's Bargain: Ascendant, Fortified, Challenger's Peril, Tyrannical",Oscuras,Mage,Frost,dps,Spirestone
1173,330.7,302904699,10,Mists of Tirna Scithe,2024-10-26T11:24:41.000Z,1349274,1890999,2,"Xal'atath's Bargain: Ascendant, Fortified, Challenger's Peril, Tyrannical",三歲得罪方丈,Monk,Brewmaster,tank,Frostmane
1173,330.7,302904699,10,Mists of Tirna Scithe,2024-10-26T11:24:41.000Z,1349274,1890999,2,"Xal'atath's Bargain: Ascendant, Fortified, Challenger's Peril, Tyrannical",子銘,Priest,Discipline,healer,Skywall
1173,330.7,302904699,10,Mists of Tirna Scithe,2024-10-26T11:24:41.000Z,1349274,1890999,2,"Xal'atath's Bargain: Ascendant, Fortified, Challenger's Peril, Tyrannical",醒少少,Paladin,Retribution,dps,Silverwing Hold
1173,330.7,302904699,10,Mists of Tirna Scithe,2024-10-26T11:24:41.000Z,1349274,1890999,2,"Xal'atath's Bargain: Ascendant, Fortified, Challenger's Peril, Tyrannical",Doki,Demon Hunter,Havoc,dps,Silverwing Hold
1174,330.7,307262794,10,Mists of Tirna Scithe,2024-11-15T03:15:21.000Z,1349546,1890999,2,"Xal'atath's Bargain: Ascendant, Tyrannical, Challenger's Peril, Fortified",Zoelovea,Warrior,Fury,dps,Crystalpine Stinger
1174,330.7,307262794,10,Mists of Tirna Scithe,2024-11-15T03:15:21.000Z,1349546,1890999,2,"Xal'atath's Bargain: Ascendant, Tyrannical, Challenger's Peril, Fortified",Costlylove,Paladin,Protection,tank,Sundown Marsh
1174,330.7,307262794,10,Mists of Tirna Scithe,2024-11-15T03:15:21.000Z,1349546,1890999,2,"Xal'atath's Bargain: Ascendant, Tyrannical, Challenger's Peril, Fortified",夜繽週,Druid,Restoration,healer,Sundown Marsh
1174,330.7,307262794,10,Mists of Tirna Scithe,2024-11-15T03:15:21.000Z,1349546,1890999,2,"Xal'atath's Bargain: Ascendant, Tyrannical, Challenger's Peril, Fortified",Klto,Shaman,Elemental,dps,Shadowmoon
1174,330.7,307262794,10,Mists of Tirna Scithe,2024-11-15T03:15:21.000Z,1349546,1890999,2,"Xal'atath's Bargain: Ascendant, Tyrannical, Challenger's Peril, Fortified",乖冰冰,Paladin,Retribution,dps,Silverwing Hold
1175,330.7,307475089,10,Mists of Tirna Scithe,2024-11-16T09:06:01.000Z,1350176,1890999,2,"Xal'atath's Bargain: Ascendant, Tyrannical, Challenger's Peril, Fortified",希望的救贖,Druid,Balance,dps,Nightsong
1175,330.7,307475089,10,Mists of Tirna Scithe,2024-11-16T09:06:01.000Z,1350176,1890999,2,"Xal'atath's Bargain: Ascendant, Tyrannical, Challenger's Peril, Fortified",恶魔馒头,Demon Hunter,Vengeance,tank,Menethil
1175,330.7,307475089,10,Mists of Tirna Scithe,2024-11-16T09:06:01.000Z,1350176,1890999,2,"Xal'atath's Bargain: Ascendant, Tyrannical, Challenger's Peril, Fortified",藍貓帽阿極,Monk,Mistweaver,healer,Nightsong
1175,330.7,307475089,10,Mists of Tirna Scithe,2024-11-16T09:06:01.000Z,1350176,1890999,2,"Xal'atath's Bargain: Ascendant, Tyrannical, Challenger's Peril, Fortified",迦樓橘子,Paladin,Retribution,dps,Silverwing Hold
1175,330.7,307475089,10,Mists of Tirna Scithe,2024-11-16T09:06:01.000Z,1350176,1890999,2,"Xal'atath's Bargain: Ascendant, Tyrannical, Challenger's Peril, Fortified",苗栗國王,Shaman,Elemental,dps,Sundown Marsh
1176,330.7,307170727,10,Mists of Tirna Scithe,2024-11-14T15:51:45.000Z,1350272,1890999,2,"Xal'atath's Bargain: Ascendant, Tyrannical, Challenger's Peril, Fortified",艾莉奧,Paladin,Protection,tank,Arthas
1176,330.7,307170727,10,Mists of Tirna Scithe,2024-11-14T15:51:45.000Z,1350272,1890999,2,"Xal'atath's Bargain: Ascendant, Tyrannical, Challenger's Peril, Fortified",Jondhwick,Warrior,Fury,dps,Sundown Marsh
1176,330.7,307170727,10,Mists of Tirna Scithe,2024-11-14T15:51:45.000Z,1350272,1890999,2,"Xal'atath's Bargain: Ascendant, Tyrannical, Challenger's Peril, Fortified",時間沖淡一切,Hunter,Marksmanship,dps,Zealot Blade
1176,330.7,307170727,10,Mists of Tirna Scithe,2024-11-14T15:51:45.000Z,1350272,1890999,2,"Xal'atath's Bargain: Ascendant, Tyrannical, Challenger's Peril, Fortified",Dman,Shaman,Restoration,healer,Arthas
1176,330.7,307170727,10,Mists of Tirna Scithe,2024-11-14T15:51:45.000Z,1350272,1890999,2,"Xal'atath's Bargain: Ascendant, Tyrannical, Challenger's Peril, Fortified",Tyrano,Shaman,Enhancement,dps,Sundown Marsh
1177,330.7,308271702,10,Mists of Tirna Scithe,2024-11-20T12:01:42.000Z,1351040,1890999,2,"Xal'atath's Bargain: Ascendant, Tyrannical, Challenger's Peril, Fortified",Lightseeker,Paladin,Retribution,dps,Nightsong
1177,330.7,308271702,10,Mists of Tirna Scithe,2024-11-20T12:01:42.000Z,1351040,1890999,2,"Xal'atath's Bargain: Ascendant, Tyrannical, Challenger's Peril, Fortified",嘯風弄月,Demon Hunter,Vengeance,tank,Nightsong
1177,330.7,308271702,10,Mists of Tirna Scithe,2024-11-20T12:01:42.000Z,1351040,1890999,2,"Xal'atath's Bargain: Ascendant, Tyrannical, Challenger's Peril, Fortified",為之目標,Death Knight,Frost,dps,Menethil
1177,330.7,308271702,10,Mists of Tirna Scithe,2024-11-20T12:01:42.000Z,1351040,1890999,2,"Xal'atath's Bargain: Ascendant, Tyrannical, Challenger's Peril, Fortified",丫馬拉穆丫,Priest,Discipline,healer,Sundown Marsh
1177,330.7,308271702,10,Mists of Tirna Scithe,2024-11-20T12:01:42.000Z,1351040,1890999,2,"Xal'atath's Bargain: Ascendant, Tyrannical, Challenger's Peril, Fortified",Iu,Shaman,Enhancement,dps,Bleeding Hollow
1178,330.7,308277248,10,Mists of Tirna Scithe,2024-11-17T16:00:04.000Z,1351410,1890999,2,"Xal'atath's Bargain: Ascendant, Tyrannical, Challenger's Peril, Fortified",Emo,Paladin,Protection,tank,Spirestone
1178,330.7,308277248,10,Mists of Tirna Scithe,2024-11-17T16:00:04.000Z,1351410,1890999,2,"Xal'atath's Bargain: Ascendant, Tyrannical, Challenger's Peril, Fortified",望月千代款,Hunter,Survival,dps,Wrathbringer
1178,330.7,308277248,10,Mists of Tirna Scithe,2024-11-17T16:00:04.000Z,1351410,1890999,2,"Xal'atath's Bargain: Ascendant, Tyrannical, Challenger's Peril, Fortified",海倫凱勒,Evoker,Augmentation,dps,Spirestone
1178,330.7,308277248,10,Mists of Tirna Scithe,2024-11-17T16:00:04.000Z,1351410,1890999,2,"Xal'atath's Bargain: Ascendant, Tyrannical, Challenger's Peril, Fortified",星月風光,Priest,Discipline,healer,Chillwind Point
1178,330.7,308277248,10,Mists of Tirna Scithe,2024-11-17T16:00:04.000Z,1351410,1890999,2,"Xal'atath's Bargain: Ascendant, Tyrannical, Challenger's Peril, Fortified",妙麗格蘭杰哥,Mage,Frost,dps,Spirestone
1179,330.7,303837335,10,Mists of Tirna Scithe,2024-10-30T13:18:36.000Z,1351473,1890999,2,"Xal'atath's Bargain: Ascendant, Fortified, Challenger's Peril, Tyrannical",謎小嘉,Priest,Discipline,healer,Shadowmoon
1179,330.7,303837335,10,Mists of Tirna Scithe,2024-10-30T13:18:36.000Z,1351473,1890999,2,"Xal'atath's Bargain: Ascendant, Fortified, Challenger's Peril, Tyrannical",橘子親親,Paladin,Protection,tank,Shadowmoon
1179,330.7,303837335,10,Mists of Tirna Scithe,2024-10-30T13:18:36.000Z,1351473,1890999,2,"Xal'atath's Bargain: Ascendant, Fortified, Challenger's Peril, Tyrannical",Phontom,Paladin,Retribution,dps,Stormscale
1179,330.7,303837335,10,Mists of Tirna Scithe,2024-10-30T13:18:36.000Z,1351473,1890999,2,"Xal'atath's Bargain: Ascendant, Fortified, Challenger's Peril, Tyrannical",Siberfelinae,Mage,Fire,dps,Crystalpine Stinger
1179,330.7,303837335,10,Mists of Tirna Scithe,2024-10-30T13:18:36.000Z,1351473,1890999,2,"Xal'atath's Bargain: Ascendant, Fortified, Challenger's Peril, Tyrannical",聽起來很酷,Warrior,Fury,dps,Silverwing Hold
1180,330.7,304486395,10,Mists of Tirna Scithe,2024-11-19T15:06:42.000Z,1351662,1890999,2,"Xal'atath's Bargain: Ascendant, Tyrannical, Challenger's Peril, Fortified",德莫妮可,Hunter,Survival,dps,Crystalpine Stinger
1180,330.7,304486395,10,Mists of Tirna Scithe,2024-11-19T15:06:42.000Z,1351662,1890999,2,"Xal'atath's Bargain: Ascendant, Tyrannical, Challenger's Peril, Fortified",雅里安赫德,Paladin,Protection,tank,Crystalpine Stinger
1180,330.7,304486395,10,Mists of Tirna Scithe,2024-11-19T15:06:42.000Z,1351662,1890999,2,"Xal'atath's Bargain: Ascendant, Tyrannical, Challenger's Peril, Fortified",我跟你說,Paladin,Retribution,dps,Crystalpine Stinger
1180,330.7,304486395,10,Mists of Tirna Scithe,2024-11-19T15:06:42.000Z,1351662,1890999,2,"Xal'atath's Bargain: Ascendant, Tyrannical, Challenger's Peril, Fortified",真的好強,Shaman,Restoration,healer,Crystalpine Stinger
1180,330.7,304486395,10,Mists of Tirna Scithe,2024-11-19T15:06:42.000Z,1351662,1890999,2,"Xal'atath's Bargain: Ascendant, Tyrannical, Challenger's Peril, Fortified",月雫,Paladin,Retribution,dps,Crystalpine Stinger
1181,330.7,302710976,10,Mists of Tirna Scithe,2024-10-25T16:59:28.000Z,1351693,1890999,2,"Xal'atath's Bargain: Ascendant, Fortified, Challenger's Peril, Tyrannical",Higgs,Shaman,Enhancement,dps,Frostmane
1181,330.7,302710976,10,Mists of Tirna Scithe,2024-10-25T16:59:28.000Z,1351693,1890999,2,"Xal'atath's Bargain: Ascendant, Fortified, Challenger's Peril, Tyrannical",Anon6B16685,Evoker,Augmentation,dps,Anonymous
1181,330.7,302710976,10,Mists of Tirna Scithe,2024-10-25T16:59:28.000Z,1351693,1890999,2,"Xal'atath's Bargain: Ascendant, Fortified, Challenger's Peril, Tyrannical",鄧炳強,Warrior,Protection,tank,Silverwing Hold
1181,330.7,302710976,10,Mists of Tirna Scithe,2024-10-25T16:59:28.000Z,1351693,1890999,2,"Xal'atath's Bargain: Ascendant, Fortified, Challenger's Peril, Tyrannical",想知道你誰,Druid,Restoration,healer,Nightsong
1181,330.7,302710976,10,Mists of Tirna Scithe,2024-10-25T16:59:28.000Z,1351693,1890999,2,"Xal'atath's Bargain: Ascendant, Fortified, Challenger's Peril, Tyrannical",田糸系角馬,Priest,Shadow,dps,Stormscale
1182,330.7,307699783,10,Mists of Tirna Scithe,2024-11-17T11:25:54.000Z,1351790,1890999,2,"Xal'atath's Bargain: Ascendant, Tyrannical, Challenger's Peril, Fortified",輕描淡寫,Warrior,Fury,dps,Zealot Blade
1182,330.7,307699783,10,Mists of Tirna Scithe,2024-11-17T11:25:54.000Z,1351790,1890999,2,"Xal'atath's Bargain: Ascendant, Tyrannical, Challenger's Peril, Fortified",友善的肥牛,Shaman,Restoration,healer,Wrathbringer
1182,330.7,307699783,10,Mists of Tirna Scithe,2024-11-17T11:25:54.000Z,1351790,1890999,2,"Xal'atath's Bargain: Ascendant, Tyrannical, Challenger's Peril, Fortified",鮭賈萬,Druid,Balance,dps,Arthas
1182,330.7,307699783,10,Mists of Tirna Scithe,2024-11-17T11:25:54.000Z,1351790,1890999,2,"Xal'atath's Bargain: Ascendant, Tyrannical, Challenger's Peril, Fortified",Seastar,Warrior,Protection,tank,Menethil
1182,330.7,307699783,10,Mists of Tirna Scithe,2024-11-17T11:25:54.000Z,1351790,1890999,2,"Xal'atath's Bargain: Ascendant, Tyrannical, Challenger's Peril, Fortified",時光老人,Death Knight,Frost,dps,Arthas
1183,330.7,303136952,10,Mists of Tirna Scithe,2024-10-27T08:22:09.000Z,1352111,1890999,2,"Xal'atath's Bargain: Ascendant, Fortified, Challenger's Peril, Tyrannical",百事的元素,Shaman,Elemental,dps,Icecrown
1183,330.7,303136952,10,Mists of Tirna Scithe,2024-10-27T08:22:09.000Z,1352111,1890999,2,"Xal'atath's Bargain: Ascendant, Fortified, Challenger's Peril, Tyrannical",蕪毬,Mage,Arcane,dps,Shadowmoon
1183,330.7,303136952,10,Mists of Tirna Scithe,2024-10-27T08:22:09.000Z,1352111,1890999,2,"Xal'atath's Bargain: Ascendant, Fortified, Challenger's Peril, Tyrannical",琳絲蕾忒,Shaman,Restoration,healer,Whisperwind
1183,330.7,303136952,10,Mists of Tirna Scithe,2024-10-27T08:22:09.000Z,1352111,1890999,2,"Xal'atath's Bargain: Ascendant, Fortified, Challenger's Peril, Tyrannical",Ariadne,Paladin,Retribution,dps,Skywall
1183,330.7,303136952,10,Mists of Tirna Scithe,2024-10-27T08:22:09.000Z,1352111,1890999,2,"Xal'atath's Bargain: Ascendant, Fortified, Challenger's Peril, Tyrannical",Skydru-222382461,Druid,Guardian,tank,Shadowmoon
1184,330.7,307733197,10,Mists of Tirna Scithe,2024-11-17T14:14:43.000Z,1352202,1890999,2,"Xal'atath's Bargain: Ascendant, Tyrannical, Challenger's Peril, Fortified",蓋亞克洛諾斯,Shaman,Restoration,healer,Crystalpine Stinger
1184,330.7,307733197,10,Mists of Tirna Scithe,2024-11-17T14:14:43.000Z,1352202,1890999,2,"Xal'atath's Bargain: Ascendant, Tyrannical, Challenger's Peril, Fortified",菊花勾引圭,Shaman,Enhancement,dps,Shadowmoon
1184,330.7,307733197,10,Mists of Tirna Scithe,2024-11-17T14:14:43.000Z,1352202,1890999,2,"Xal'atath's Bargain: Ascendant, Tyrannical, Challenger's Peril, Fortified",魂之軌跡,Paladin,Protection,tank,Chillwind Point
1184,330.7,307733197,10,Mists of Tirna Scithe,2024-11-17T14:14:43.000Z,1352202,1890999,2,"Xal'atath's Bargain: Ascendant, Tyrannical, Challenger's Peril, Fortified",Re,Rogue,Assassination,dps,Crystalpine Stinger
1184,330.7,307733197,10,Mists of Tirna Scithe,2024-11-17T14:14:43.000Z,1352202,1890999,2,"Xal'atath's Bargain: Ascendant, Tyrannical, Challenger's Peril, Fortified",Ytsy,Paladin,Retribution,dps,Silverwing Hold
1185,330.7,307152552,10,Mists of Tirna Scithe,2024-11-14T13:17:11.000Z,1352601,1890999,2,"Xal'atath's Bargain: Ascendant, Tyrannical, Challenger's Peril, Fortified",Boyuwarrior,Warrior,Protection,tank,Shadowmoon
1185,330.7,307152552,10,Mists of Tirna Scithe,2024-11-14T13:17:11.000Z,1352601,1890999,2,"Xal'atath's Bargain: Ascendant, Tyrannical, Challenger's Peril, Fortified",Boltxx,Shaman,Enhancement,dps,Chillwind Point
1185,330.7,307152552,10,Mists of Tirna Scithe,2024-11-14T13:17:11.000Z,1352601,1890999,2,"Xal'atath's Bargain: Ascendant, Tyrannical, Challenger's Peril, Fortified",Ruisikii,Priest,Discipline,healer,Chillwind Point
1185,330.7,307152552,10,Mists of Tirna Scithe,2024-11-14T13:17:11.000Z,1352601,1890999,2,"Xal'atath's Bargain: Ascendant, Tyrannical, Challenger's Peril, Fortified",电竞檀健次,Demon Hunter,Havoc,dps,World Tree
1185,330.7,307152552,10,Mists of Tirna Scithe,2024-11-14T13:17:11.000Z,1352601,1890999,2,"Xal'atath's Bargain: Ascendant, Tyrannical, Challenger's Peril, Fortified",練多就菜,Rogue,Assassination,dps,Demon Fall Canyon
1186,330.7,303841443,10,Mists of Tirna Scithe,2024-10-30T12:37:40.000Z,1352722,1890999,2,"Xal'atath's Bargain: Ascendant, Fortified, Challenger's Peril, Tyrannical",韁劾,Warlock,Destruction,dps,Nightsong
1186,330.7,303841443,10,Mists of Tirna Scithe,2024-10-30T12:37:40.000Z,1352722,1890999,2,"Xal'atath's Bargain: Ascendant, Fortified, Challenger's Peril, Tyrannical",陌九,Druid,Balance,dps,Frostmane
1186,330.7,303841443,10,Mists of Tirna Scithe,2024-10-30T12:37:40.000Z,1352722,1890999,2,"Xal'atath's Bargain: Ascendant, Fortified, Challenger's Peril, Tyrannical",你打吾撚到我,Demon Hunter,Vengeance,tank,Sundown Marsh
1186,330.7,303841443,10,Mists of Tirna Scithe,2024-10-30T12:37:40.000Z,1352722,1890999,2,"Xal'atath's Bargain: Ascendant, Fortified, Challenger's Peril, Tyrannical",Omemoryoo,Death Knight,Unholy,dps,Light's Hope
1186,330.7,303841443,10,Mists of Tirna Scithe,2024-10-30T12:37:40.000Z,1352722,1890999,2,"Xal'atath's Bargain: Ascendant, Fortified, Challenger's Peril, Tyrannical",鑄造之父,Shaman,Restoration,healer,Shadowmoon
1187,330.7,308014361,10,Mists of Tirna Scithe,2024-11-18T18:11:19.000Z,1352938,1890999,2,"Xal'atath's Bargain: Ascendant, Tyrannical, Challenger's Peril, Fortified",Ekuria,Death Knight,Blood,tank,Sundown Marsh
1187,330.7,308014361,10,Mists of Tirna Scithe,2024-11-18T18:11:19.000Z,1352938,1890999,2,"Xal'atath's Bargain: Ascendant, Tyrannical, Challenger's Peril, Fortified",默默守候,Warrior,Fury,dps,Menethil
1187,330.7,308014361,10,Mists of Tirna Scithe,2024-11-18T18:11:19.000Z,1352938,1890999,2,"Xal'atath's Bargain: Ascendant, Tyrannical, Challenger's Peril, Fortified",雪嵐,Warlock,Demonology,dps,Dragonmaw
1187,330.7,308014361,10,Mists of Tirna Scithe,2024-11-18T18:11:19.000Z,1352938,1890999,2,"Xal'atath's Bargain: Ascendant, Tyrannical, Challenger's Peril, Fortified",月落凜凜,Shaman,Restoration,healer,Quel'dorei
1187,330.7,308014361,10,Mists of Tirna Scithe,2024-11-18T18:11:19.000Z,1352938,1890999,2,"Xal'atath's Bargain: Ascendant, Tyrannical, Challenger's Peril, Fortified",Kimkimsm,Shaman,Elemental,dps,Shadowmoon
1188,330.7,307167613,10,Mists of Tirna Scithe,2024-11-14T15:30:21.000Z,1352954,1890999,2,"Xal'atath's Bargain: Ascendant, Tyrannical, Challenger's Peril, Fortified",瞳心未泯,Priest,Discipline,healer,Bleeding Hollow
1188,330.7,307167613,10,Mists of Tirna Scithe,2024-11-14T15:30:21.000Z,1352954,1890999,2,"Xal'atath's Bargain: Ascendant, Tyrannical, Challenger's Peril, Fortified",卡爾洛斯剋星,Shaman,Elemental,dps,Dragonmaw
1188,330.7,307167613,10,Mists of Tirna Scithe,2024-11-14T15:30:21.000Z,1352954,1890999,2,"Xal'atath's Bargain: Ascendant, Tyrannical, Challenger's Peril, Fortified",天之灰,Mage,Arcane,dps,Frostmane
1188,330.7,307167613,10,Mists of Tirna Scithe,2024-11-14T15:30:21.000Z,1352954,1890999,2,"Xal'atath's Bargain: Ascendant, Tyrannical, Challenger's Peril, Fortified",塵埃惡魔,Demon Hunter,Vengeance,tank,Chillwind Point
1188,330.7,307167613,10,Mists of Tirna Scithe,2024-11-14T15:30:21.000Z,1352954,1890999,2,"Xal'atath's Bargain: Ascendant, Tyrannical, Challenger's Peril, Fortified",Gachikun,Paladin,Retribution,dps,Shadowmoon
1189,330.7,307332971,10,Mists of Tirna Scithe,2024-11-15T16:22:00.000Z,1353277,1890999,2,"Xal'atath's Bargain: Ascendant, Tyrannical, Challenger's Peril, Fortified",血色之嵐,Paladin,Protection,tank,Shadowmoon
1189,330.7,307332971,10,Mists of Tirna Scithe,2024-11-15T16:22:00.000Z,1353277,1890999,2,"Xal'atath's Bargain: Ascendant, Tyrannical, Challenger's Peril, Fortified",朵朵的小豬豬,Hunter,Survival,dps,Whisperwind
1189,330.7,307332971,10,Mists of Tirna Scithe,2024-11-15T16:22:00.000Z,1353277,1890999,2,"Xal'atath's Bargain: Ascendant, Tyrannical, Challenger's Peril, Fortified",尤文,Priest,Discipline,healer,Whisperwind
1189,330.7,307332971,10,Mists of Tirna Scithe,2024-11-15T16:22:00.000Z,1353277,1890999,2,"Xal'atath's Bargain: Ascendant, Tyrannical, Challenger's Peril, Fortified",钵钵猎,Hunter,Survival,dps,Whisperwind
1189,330.7,307332971,10,Mists of Tirna Scithe,2024-11-15T16:22:00.000Z,1353277,1890999,2,"Xal'atath's Bargain: Ascendant, Tyrannical, Challenger's Peril, Fortified",我是無辜滴,Rogue,Assassination,dps,Whisperwind
1190,330.7,303605844,10,Mists of Tirna Scithe,2024-10-29T06:44:24.000Z,1353333,1890999,2,"Xal'atath's Bargain: Ascendant, Fortified, Challenger's Peril, Tyrannical",小傑呀,Demon Hunter,Vengeance,tank,Shadowmoon
1190,330.7,303605844,10,Mists of Tirna Scithe,2024-10-29T06:44:24.000Z,1353333,1890999,2,"Xal'atath's Bargain: Ascendant, Fortified, Challenger's Peril, Tyrannical",染頭肥,Shaman,Restoration,healer,Sundown Marsh
1190,330.7,303605844,10,Mists of Tirna Scithe,2024-10-29T06:44:24.000Z,1353333,1890999,2,"Xal'atath's Bargain: Ascendant, Fortified, Challenger's Peril, Tyrannical",黑白夜色,Hunter,Beast Mastery,dps,Shadowmoon
1190,330.7,303605844,10,Mists of Tirna Scithe,2024-10-29T06:44:24.000Z,1353333,1890999,2,"Xal'atath's Bargain: Ascendant, Fortified, Challenger's Peril, Tyrannical",以黑暗之銘,Death Knight,Frost,dps,Shadowmoon
1190,330.7,303605844,10,Mists of Tirna Scithe,2024-10-29T06:44:24.000Z,1353333,1890999,2,"Xal'atath's Bargain: Ascendant, Fortified, Challenger's Peril, Tyrannical",超級泡泡的夢,Warlock,Demonology,dps,Shadowmoon
1191,330.7,299658109,10,Mists of Tirna Scithe,2024-10-29T16:04:41.000Z,1353469,1890999,2,"Xal'atath's Bargain: Ascendant, Fortified, Challenger's Peril, Tyrannical",亞由亞由,Priest,Discipline,healer,Chillwind Point
1191,330.7,299658109,10,Mists of Tirna Scithe,2024-10-29T16:04:41.000Z,1353469,1890999,2,"Xal'atath's Bargain: Ascendant, Fortified, Challenger's Peril, Tyrannical",南山的庫人,Druid,Balance,dps,Spirestone
1191,330.7,299658109,10,Mists of Tirna Scithe,2024-10-29T16:04:41.000Z,1353469,1890999,2,"Xal'atath's Bargain: Ascendant, Fortified, Challenger's Peril, Tyrannical",我好興奮呀,Hunter,Survival,dps,Icecrown
1191,330.7,299658109,10,Mists of Tirna Scithe,2024-10-29T16:04:41.000Z,1353469,1890999,2,"Xal'atath's Bargain: Ascendant, Fortified, Challenger's Peril, Tyrannical",陳橘,Druid,Guardian,tank,Icecrown
1191,330.7,299658109,10,Mists of Tirna Scithe,2024-10-29T16:04:41.000Z,1353469,1890999,2,"Xal'atath's Bargain: Ascendant, Fortified, Challenger's Peril, Tyrannical",拜因德拉莫,Warlock,Destruction,dps,Icecrown
1192,330.7,302620992,10,Mists of Tirna Scithe,2024-10-25T05:20:38.000Z,1353682,1890999,2,"Xal'atath's Bargain: Ascendant, Fortified, Challenger's Peril, Tyrannical",Ryanodin,Paladin,Holy,healer,Whisperwind
1192,330.7,302620992,10,Mists of Tirna Scithe,2024-10-25T05:20:38.000Z,1353682,1890999,2,"Xal'atath's Bargain: Ascendant, Fortified, Challenger's Peril, Tyrannical",再會的末日,Demon Hunter,Vengeance,tank,Sundown Marsh
1192,330.7,302620992,10,Mists of Tirna Scithe,2024-10-25T05:20:38.000Z,1353682,1890999,2,"Xal'atath's Bargain: Ascendant, Fortified, Challenger's Peril, Tyrannical",夢綾音,Paladin,Retribution,dps,Skywall
1192,330.7,302620992,10,Mists of Tirna Scithe,2024-10-25T05:20:38.000Z,1353682,1890999,2,"Xal'atath's Bargain: Ascendant, Fortified, Challenger's Peril, Tyrannical",塔根沃斯,Evoker,Devastation,dps,Shadowmoon
1192,330.7,302620992,10,Mists of Tirna Scithe,2024-10-25T05:20:38.000Z,1353682,1890999,2,"Xal'atath's Bargain: Ascendant, Fortified, Challenger's Peril, Tyrannical",肉毒書包大王,Druid,Balance,dps,Crystalpine Stinger
1193,330.7,303450065,10,Mists of Tirna Scithe,2024-10-28T15:13:03.000Z,1353707,1890999,2,"Xal'atath's Bargain: Ascendant, Fortified, Challenger's Peril, Tyrannical",人參勝利組,Shaman,Restoration,healer,Arthas
1193,330.7,303450065,10,Mists of Tirna Scithe,2024-10-28T15:13:03.000Z,1353707,1890999,2,"Xal'atath's Bargain: Ascendant, Fortified, Challenger's Peril, Tyrannical",一鐵牛一,Shaman,Elemental,dps,Silverwing Hold
1193,330.7,303450065,10,Mists of Tirna Scithe,2024-10-28T15:13:03.000Z,1353707,1890999,2,"Xal'atath's Bargain: Ascendant, Fortified, Challenger's Peril, Tyrannical",Koconut,Death Knight,Frost,dps,Arthas
1193,330.7,303450065,10,Mists of Tirna Scithe,2024-10-28T15:13:03.000Z,1353707,1890999,2,"Xal'atath's Bargain: Ascendant, Fortified, Challenger's Peril, Tyrannical",Connix,Demon Hunter,Vengeance,tank,Arthas
1193,330.7,303450065,10,Mists of Tirna Scithe,2024-10-28T15:13:03.000Z,1353707,1890999,2,"Xal'atath's Bargain: Ascendant, Fortified, Challenger's Peril, Tyrannical",殘兵陌路,Shaman,Enhancement,dps,Whisperwind
1194,330.6,307538477,10,Mists of Tirna Scithe,2024-11-16T17:59:15.000Z,1354592,1890999,2,"Xal'atath's Bargain: Ascendant, Tyrannical, Challenger's Peril, Fortified",朝風,Shaman,Restoration,healer,Crystalpine Stinger
1194,330.6,307538477,10,Mists of Tirna Scithe,2024-11-16T17:59:15.000Z,1354592,1890999,2,"Xal'atath's Bargain: Ascendant, Tyrannical, Challenger's Peril, Fortified",那拿蔥大嬸,Paladin,Retribution,dps,Menethil
1194,330.6,307538477,10,Mists of Tirna Scithe,2024-11-16T17:59:15.000Z,1354592,1890999,2,"Xal'atath's Bargain: Ascendant, Tyrannical, Challenger's Peril, Fortified",哥布林術士,Mage,Frost,dps,Sundown Marsh
1194,330.6,307538477,10,Mists of Tirna Scithe,2024-11-16T17:59:15.000Z,1354592,1890999,2,"Xal'atath's Bargain: Ascendant, Tyrannical, Challenger's Peril, Fortified",吠物,Death Knight,Frost,dps,World Tree
1194,330.6,307538477,10,Mists of Tirna Scithe,2024-11-16T17:59:15.000Z,1354592,1890999,2,"Xal'atath's Bargain: Ascendant, Tyrannical, Challenger's Peril, Fortified",Bangbang,Warrior,Protection,tank,Sundown Marsh
1195,330.6,307151379,10,Mists of Tirna Scithe,2024-11-14T12:46:13.000Z,1354672,1890999,2,"Xal'atath's Bargain: Ascendant, Tyrannical, Challenger's Peril, Fortified",猴猴薩滿,Shaman,Enhancement,dps,Skywall
1195,330.6,307151379,10,Mists of Tirna Scithe,2024-11-14T12:46:13.000Z,1354672,1890999,2,"Xal'atath's Bargain: Ascendant, Tyrannical, Challenger's Peril, Fortified",幻暗使徒,Warlock,Demonology,dps,Light's Hope
1195,330.6,307151379,10,Mists of Tirna Scithe,2024-11-14T12:46:13.000Z,1354672,1890999,2,"Xal'atath's Bargain: Ascendant, Tyrannical, Challenger's Peril, Fortified",糾結小呆呆,Paladin,Protection,tank,Zealot Blade
1195,330.6,307151379,10,Mists of Tirna Scithe,2024-11-14T12:46:13.000Z,1354672,1890999,2,"Xal'atath's Bargain: Ascendant, Tyrannical, Challenger's Peril, Fortified",豬柳包,Priest,Discipline,healer,Crystalpine Stinger
1195,330.6,307151379,10,Mists of Tirna Scithe,2024-11-14T12:46:13.000Z,1354672,1890999,2,"Xal'atath's Bargain: Ascendant, Tyrannical, Challenger's Peril, Fortified",烤鴨捲餅,Paladin,Retribution,dps,Skywall
1196,330.6,307878961,10,Mists of Tirna Scithe,2024-11-18T07:23:40.000Z,1354799,1890999,2,"Xal'atath's Bargain: Ascendant, Tyrannical, Challenger's Peril, Fortified",戀咩,Priest,Holy,healer,Nightsong
1196,330.6,307878961,10,Mists of Tirna Scithe,2024-11-18T07:23:40.000Z,1354799,1890999,2,"Xal'atath's Bargain: Ascendant, Tyrannical, Challenger's Peril, Fortified",紫芯魔獵,Demon Hunter,Havoc,dps,Nightsong
1196,330.6,307878961,10,Mists of Tirna Scithe,2024-11-18T07:23:40.000Z,1354799,1890999,2,"Xal'atath's Bargain: Ascendant, Tyrannical, Challenger's Peril, Fortified",騎士精神,Warrior,Protection,tank,Nightsong
1196,330.6,307878961,10,Mists of Tirna Scithe,2024-11-18T07:23:40.000Z,1354799,1890999,2,"Xal'atath's Bargain: Ascendant, Tyrannical, Challenger's Peril, Fortified",Nocugeulae,Shaman,Enhancement,dps,Sundown Marsh
1196,330.6,307878961,10,Mists of Tirna Scithe,2024-11-18T07:23:40.000Z,1354799,1890999,2,"Xal'atath's Bargain: Ascendant, Tyrannical, Challenger's Peril, Fortified",Levinbelle,Shaman,Elemental,dps,Sundown Marsh
1197,330.6,307178036,10,Mists of Tirna Scithe,2024-11-14T16:47:17.000Z,1354917,1890999,2,"Xal'atath's Bargain: Ascendant, Tyrannical, Challenger's Peril, Fortified",郭庭瑋,Death Knight,Blood,tank,Nightsong
1197,330.6,307178036,10,Mists of Tirna Scithe,2024-11-14T16:47:17.000Z,1354917,1890999,2,"Xal'atath's Bargain: Ascendant, Tyrannical, Challenger's Peril, Fortified",紫色巨峰,Shaman,Enhancement,dps,Arthas
1197,330.6,307178036,10,Mists of Tirna Scithe,2024-11-14T16:47:17.000Z,1354917,1890999,2,"Xal'atath's Bargain: Ascendant, Tyrannical, Challenger's Peril, Fortified",天野幻翼,Shaman,Restoration,healer,Sundown Marsh
1197,330.6,307178036,10,Mists of Tirna Scithe,2024-11-14T16:47:17.000Z,1354917,1890999,2,"Xal'atath's Bargain: Ascendant, Tyrannical, Challenger's Peril, Fortified",奎爾達茲,Paladin,Retribution,dps,Dragonmaw
1197,330.6,307178036,10,Mists of Tirna Scithe,2024-11-14T16:47:17.000Z,1354917,1890999,2,"Xal'atath's Bargain: Ascendant, Tyrannical, Challenger's Peril, Fortified",肥宗,Druid,Balance,dps,Sundown Marsh
1198,330.6,307333148,10,Mists of Tirna Scithe,2024-11-15T16:23:34.000Z,1354949,1890999,2,"Xal'atath's Bargain: Ascendant, Tyrannical, Challenger's Peril, Fortified",詩靈,Warlock,Destruction,dps,Shadowmoon
1198,330.6,307333148,10,Mists of Tirna Scithe,2024-11-15T16:23:34.000Z,1354949,1890999,2,"Xal'atath's Bargain: Ascendant, Tyrannical, Challenger's Peril, Fortified",慕澄,Priest,Holy,healer,Arthas
1198,330.6,307333148,10,Mists of Tirna Scithe,2024-11-15T16:23:34.000Z,1354949,1890999,2,"Xal'atath's Bargain: Ascendant, Tyrannical, Challenger's Peril, Fortified",二刀流封弊者,Demon Hunter,Vengeance,tank,Hellscream
1198,330.6,307333148,10,Mists of Tirna Scithe,2024-11-15T16:23:34.000Z,1354949,1890999,2,"Xal'atath's Bargain: Ascendant, Tyrannical, Challenger's Peril, Fortified",瞄準的鬍子,Hunter,Survival,dps,Hellscream
1198,330.6,307333148,10,Mists of Tirna Scithe,2024-11-15T16:23:34.000Z,1354949,1890999,2,"Xal'atath's Bargain: Ascendant, Tyrannical, Challenger's Peril, Fortified",還我寂寞盛夏,Death Knight,Unholy,dps,Shadowmoon
1199,330.6,307715244,10,Mists of Tirna Scithe,2024-11-17T12:41:39.000Z,1355572,1890999,2,"Xal'atath's Bargain: Ascendant, Tyrannical, Challenger's Peril, Fortified",冷麵笑醬,Druid,Guardian,tank,Crystalpine Stinger
1199,330.6,307715244,10,Mists of Tirna Scithe,2024-11-17T12:41:39.000Z,1355572,1890999,2,"Xal'atath's Bargain: Ascendant, Tyrannical, Challenger's Peril, Fortified",輕描淡寫,Warrior,Fury,dps,Zealot Blade
1199,330.6,307715244,10,Mists of Tirna Scithe,2024-11-17T12:41:39.000Z,1355572,1890999,2,"Xal'atath's Bargain: Ascendant, Tyrannical, Challenger's Peril, Fortified",友善的肥牛,Shaman,Restoration,healer,Wrathbringer
1199,330.6,307715244,10,Mists of Tirna Scithe,2024-11-17T12:41:39.000Z,1355572,1890999,2,"Xal'atath's Bargain: Ascendant, Tyrannical, Challenger's Peril, Fortified",鮭賈萬,Druid,Balance,dps,Arthas
1199,330.6,307715244,10,Mists of Tirna Scithe,2024-11-17T12:41:39.000Z,1355572,1890999,2,"Xal'atath's Bargain: Ascendant, Tyrannical, Challenger's Peril, Fortified",時光老人,Death Knight,Frost,dps,Arthas
1200,330.6,307668478,10,Mists of Tirna Scithe,2024-11-17T06:32:58.000Z,1356136,1890999,2,"Xal'atath's Bargain: Ascendant, Tyrannical, Challenger's Peril, Fortified",夢語者,Rogue,Assassination,dps,Silverwing Hold
1200,330.6,307668478,10,Mists of Tirna Scithe,2024-11-17T06:32:58.000Z,1356136,1890999,2,"Xal'atath's Bargain: Ascendant, Tyrannical, Challenger's Peril, Fortified",西裝暴徒,Paladin,Protection,tank,Nightsong
1200,330.6,307668478,10,Mists of Tirna Scithe,2024-11-17T06:32:58.000Z,1356136,1890999,2,"Xal'atath's Bargain: Ascendant, Tyrannical, Challenger's Peril, Fortified",霜天勾雷,Mage,Arcane,dps,Skywall
1200,330.6,307668478,10,Mists of Tirna Scithe,2024-11-17T06:32:58.000Z,1356136,1890999,2,"Xal'atath's Bargain: Ascendant, Tyrannical, Challenger's Peril, Fortified",Diebillybird,Death Knight,Frost,dps,Spirestone
1200,330.6,307668478,10,Mists of Tirna Scithe,2024-11-17T06:32:58.000Z,1356136,1890999,2,"Xal'atath's Bargain: Ascendant, Tyrannical, Challenger's Peril, Fortified",哈梅内伊,Shaman,Restoration,healer,Icecrown
1201,330.6,302702009,10,Mists of Tirna Scithe,2024-10-25T18:57:48.000Z,1356228,1890999,2,"Xal'atath's Bargain: Ascendant, Fortified, Challenger's Peril, Tyrannical",哟哟子,Shaman,Elemental,dps,Sundown Marsh
1201,330.6,302702009,10,Mists of Tirna Scithe,2024-10-25T18:57:48.000Z,1356228,1890999,2,"Xal'atath's Bargain: Ascendant, Fortified, Challenger's Peril, Tyrannical",Reileen,Mage,Frost,dps,Shadowmoon
1201,330.6,302702009,10,Mists of Tirna Scithe,2024-10-25T18:57:48.000Z,1356228,1890999,2,"Xal'atath's Bargain: Ascendant, Fortified, Challenger's Peril, Tyrannical",Tszchunwarr,Warrior,Protection,tank,Shadowmoon
1201,330.6,302702009,10,Mists of Tirna Scithe,2024-10-25T18:57:48.000Z,1356228,1890999,2,"Xal'atath's Bargain: Ascendant, Fortified, Challenger's Peril, Tyrannical",Swingpalpo,Paladin,Holy,healer,Sundown Marsh
1201,330.6,302702009,10,Mists of Tirna Scithe,2024-10-25T18:57:48.000Z,1356228,1890999,2,"Xal'atath's Bargain: Ascendant, Fortified, Challenger's Peril, Tyrannical",Renia,Death Knight,Frost,dps,Zealot Blade
1202,330.6,303862921,10,Mists of Tirna Scithe,2024-10-30T16:36:43.000Z,1356288,1890999,2,"Xal'atath's Bargain: Ascendant, Fortified, Challenger's Peril, Tyrannical",插你滿滿,Shaman,Elemental,dps,Crystalpine Stinger
1202,330.6,303862921,10,Mists of Tirna Scithe,2024-10-30T16:36:43.000Z,1356288,1890999,2,"Xal'atath's Bargain: Ascendant, Fortified, Challenger's Peril, Tyrannical",菜到爆,Paladin,Retribution,dps,Arthas
1202,330.6,303862921,10,Mists of Tirna Scithe,2024-10-30T16:36:43.000Z,1356288,1890999,2,"Xal'atath's Bargain: Ascendant, Fortified, Challenger's Peril, Tyrannical",綾晝,Shaman,Restoration,healer,Arthas
1202,330.6,303862921,10,Mists of Tirna Scithe,2024-10-30T16:36:43.000Z,1356288,1890999,2,"Xal'atath's Bargain: Ascendant, Fortified, Challenger's Peril, Tyrannical",沒吃早餐,Paladin,Retribution,dps,Dragonmaw
1202,330.6,303862921,10,Mists of Tirna Scithe,2024-10-30T16:36:43.000Z,1356288,1890999,2,"Xal'atath's Bargain: Ascendant, Fortified, Challenger's Peril, Tyrannical",飄飄,Demon Hunter,Vengeance,tank,Sundown Marsh
1203,330.6,308312303,10,Mists of Tirna Scithe,2024-11-20T16:13:42.000Z,1356481,1890999,2,"Xal'atath's Bargain: Ascendant, Tyrannical, Challenger's Peril, Fortified",一哞牟一,Death Knight,Unholy,dps,Shadowmoon
1203,330.6,308312303,10,Mists of Tirna Scithe,2024-11-20T16:13:42.000Z,1356481,1890999,2,"Xal'atath's Bargain: Ascendant, Tyrannical, Challenger's Peril, Fortified",紗詩比婭,Hunter,Beast Mastery,dps,Whisperwind
1203,330.6,308312303,10,Mists of Tirna Scithe,2024-11-20T16:13:42.000Z,1356481,1890999,2,"Xal'atath's Bargain: Ascendant, Tyrannical, Challenger's Peril, Fortified",翎楓,Shaman,Restoration,healer,Skywall
1203,330.6,308312303,10,Mists of Tirna Scithe,2024-11-20T16:13:42.000Z,1356481,1890999,2,"Xal'atath's Bargain: Ascendant, Tyrannical, Challenger's Peril, Fortified",帕希刻婭,Paladin,Retribution,dps,Wrathbringer
1203,330.6,308312303,10,Mists of Tirna Scithe,2024-11-20T16:13:42.000Z,1356481,1890999,2,"Xal'atath's Bargain: Ascendant, Tyrannical, Challenger's Peril, Fortified",聖女貞德,Paladin,Protection,tank,Wrathbringer
1204,330.6,303840633,10,Mists of Tirna Scithe,2024-10-30T13:53:07.000Z,1356510,1890999,2,"Xal'atath's Bargain: Ascendant, Fortified, Challenger's Peril, Tyrannical",坦撚過狗,Warrior,Protection,tank,Demon Fall Canyon
1204,330.6,303840633,10,Mists of Tirna Scithe,2024-10-30T13:53:07.000Z,1356510,1890999,2,"Xal'atath's Bargain: Ascendant, Fortified, Challenger's Peril, Tyrannical",爛泥,Shaman,Enhancement,dps,Demon Fall Canyon
1204,330.6,303840633,10,Mists of Tirna Scithe,2024-10-30T13:53:07.000Z,1356510,1890999,2,"Xal'atath's Bargain: Ascendant, Fortified, Challenger's Peril, Tyrannical",Incinerator,Death Knight,Frost,dps,Sundown Marsh
1204,330.6,303840633,10,Mists of Tirna Scithe,2024-10-30T13:53:07.000Z,1356510,1890999,2,"Xal'atath's Bargain: Ascendant, Fortified, Challenger's Peril, Tyrannical",Akka,Evoker,Preservation,healer,Arygos
1204,330.6,303840633,10,Mists of Tirna Scithe,2024-10-30T13:53:07.000Z,1356510,1890999,2,"Xal'atath's Bargain: Ascendant, Fortified, Challenger's Peril, Tyrannical",蘇蘇本人,Death Knight,Unholy,dps,Demon Fall Canyon
1205,330.6,307288338,10,Mists of Tirna Scithe,2024-11-15T08:33:25.000Z,1356527,1890999,2,"Xal'atath's Bargain: Ascendant, Tyrannical, Challenger's Peril, Fortified",霍辰,Warrior,Fury,dps,Frostmane
1205,330.6,307288338,10,Mists of Tirna Scithe,2024-11-15T08:33:25.000Z,1356527,1890999,2,"Xal'atath's Bargain: Ascendant, Tyrannical, Challenger's Peril, Fortified",聖光汁液,Paladin,Retribution,dps,Frostmane
1205,330.6,307288338,10,Mists of Tirna Scithe,2024-11-15T08:33:25.000Z,1356527,1890999,2,"Xal'atath's Bargain: Ascendant, Tyrannical, Challenger's Peril, Fortified",Achlyse,Death Knight,Blood,tank,Arygos
1205,330.6,307288338,10,Mists of Tirna Scithe,2024-11-15T08:33:25.000Z,1356527,1890999,2,"Xal'atath's Bargain: Ascendant, Tyrannical, Challenger's Peril, Fortified",巧巧咬米果,Priest,Discipline,healer,Arygos
1205,330.6,307288338,10,Mists of Tirna Scithe,2024-11-15T08:33:25.000Z,1356527,1890999,2,"Xal'atath's Bargain: Ascendant, Tyrannical, Challenger's Peril, Fortified",石智文,Hunter,Beast Mastery,dps,Arygos
1206,330.6,308258860,10,Mists of Tirna Scithe,2024-11-20T09:46:17.000Z,1356564,1890999,2,"Xal'atath's Bargain: Ascendant, Tyrannical, Challenger's Peril, Fortified",Nefafa,Mage,Arcane,dps,Quel'dorei
1206,330.6,308258860,10,Mists of Tirna Scithe,2024-11-20T09:46:17.000Z,1356564,1890999,2,"Xal'atath's Bargain: Ascendant, Tyrannical, Challenger's Peril, Fortified",空禪,Shaman,Elemental,dps,Whisperwind
1206,330.6,308258860,10,Mists of Tirna Scithe,2024-11-20T09:46:17.000Z,1356564,1890999,2,"Xal'atath's Bargain: Ascendant, Tyrannical, Challenger's Peril, Fortified",小宵虎南,Evoker,Preservation,healer,Skywall
1206,330.6,308258860,10,Mists of Tirna Scithe,2024-11-20T09:46:17.000Z,1356564,1890999,2,"Xal'atath's Bargain: Ascendant, Tyrannical, Challenger's Peril, Fortified",佳絲祈婷,Warrior,Fury,dps,Quel'dorei
1206,330.6,308258860,10,Mists of Tirna Scithe,2024-11-20T09:46:17.000Z,1356564,1890999,2,"Xal'atath's Bargain: Ascendant, Tyrannical, Challenger's Peril, Fortified",何天之衢,Death Knight,Blood,tank,World Tree
1207,330.6,307663388,10,Mists of Tirna Scithe,2024-11-17T05:31:54.000Z,1357459,1890999,2,"Xal'atath's Bargain: Ascendant, Tyrannical, Challenger's Peril, Fortified",Ravnos,Mage,Frost,dps,Quel'dorei
1207,330.6,307663388,10,Mists of Tirna Scithe,2024-11-17T05:31:54.000Z,1357459,1890999,2,"Xal'atath's Bargain: Ascendant, Tyrannical, Challenger's Peril, Fortified",安地斯山獵犬,Rogue,Assassination,dps,Whisperwind
1207,330.6,307663388,10,Mists of Tirna Scithe,2024-11-17T05:31:54.000Z,1357459,1890999,2,"Xal'atath's Bargain: Ascendant, Tyrannical, Challenger's Peril, Fortified",何天之衢,Death Knight,Unholy,dps,World Tree
1207,330.6,307663388,10,Mists of Tirna Scithe,2024-11-17T05:31:54.000Z,1357459,1890999,2,"Xal'atath's Bargain: Ascendant, Tyrannical, Challenger's Peril, Fortified",蘇格蘭綠茶,Druid,Restoration,healer,Wrathbringer
1207,330.6,307663388,10,Mists of Tirna Scithe,2024-11-17T05:31:54.000Z,1357459,1890999,2,"Xal'atath's Bargain: Ascendant, Tyrannical, Challenger's Peril, Fortified",Elevisa,Warrior,Protection,tank,Silverwing Hold
1208,330.6,307151389,10,Mists of Tirna Scithe,2024-11-14T12:40:19.000Z,1357537,1890999,2,"Xal'atath's Bargain: Ascendant, Tyrannical, Challenger's Peril, Fortified",瑞克俚,Paladin,Protection,tank,Sundown Marsh
1208,330.6,307151389,10,Mists of Tirna Scithe,2024-11-14T12:40:19.000Z,1357537,1890999,2,"Xal'atath's Bargain: Ascendant, Tyrannical, Challenger's Peril, Fortified",笑嘻嘻哈,Hunter,Beast Mastery,dps,Shadowmoon
1208,330.6,307151389,10,Mists of Tirna Scithe,2024-11-14T12:40:19.000Z,1357537,1890999,2,"Xal'atath's Bargain: Ascendant, Tyrannical, Challenger's Peril, Fortified",孤芳獨雨,Death Knight,Unholy,dps,Arthas
1208,330.6,307151389,10,Mists of Tirna Scithe,2024-11-14T12:40:19.000Z,1357537,1890999,2,"Xal'atath's Bargain: Ascendant, Tyrannical, Challenger's Peril, Fortified",邊圓仁,Shaman,Restoration,healer,Sundown Marsh
1208,330.6,307151389,10,Mists of Tirna Scithe,2024-11-14T12:40:19.000Z,1357537,1890999,2,"Xal'atath's Bargain: Ascendant, Tyrannical, Challenger's Peril, Fortified",埃朵,Paladin,Retribution,dps,Sundown Marsh
1209,330.6,302498866,10,Mists of Tirna Scithe,2024-10-24T15:36:31.000Z,1357773,1890999,2,"Xal'atath's Bargain: Ascendant, Fortified, Challenger's Peril, Tyrannical",蘇卡不列特-37781126,Shaman,Elemental,dps,Whisperwind
1209,330.6,302498866,10,Mists of Tirna Scithe,2024-10-24T15:36:31.000Z,1357773,1890999,2,"Xal'atath's Bargain: Ascendant, Fortified, Challenger's Peril, Tyrannical",拉瑪西亞之星,Paladin,Retribution,dps,Arthas
1209,330.6,302498866,10,Mists of Tirna Scithe,2024-10-24T15:36:31.000Z,1357773,1890999,2,"Xal'atath's Bargain: Ascendant, Fortified, Challenger's Peril, Tyrannical",Stationchef,Druid,Guardian,tank,Skywall
1209,330.6,302498866,10,Mists of Tirna Scithe,2024-10-24T15:36:31.000Z,1357773,1890999,2,"Xal'atath's Bargain: Ascendant, Fortified, Challenger's Peril, Tyrannical",劍部武一郎,Shaman,Restoration,healer,Spirestone
1209,330.6,302498866,10,Mists of Tirna Scithe,2024-10-24T15:36:31.000Z,1357773,1890999,2,"Xal'atath's Bargain: Ascendant, Fortified, Challenger's Peril, Tyrannical",橘色噬元獸,Druid,Balance,dps,Whisperwind
1210,330.6,302675337,10,Mists of Tirna Scithe,2024-10-25T14:00:26.000Z,1357787,1890999,2,"Xal'atath's Bargain: Ascendant, Fortified, Challenger's Peril, Tyrannical",滅闇,Paladin,Protection,tank,Frostmane
1210,330.6,302675337,10,Mists of Tirna Scithe,2024-10-25T14:00:26.000Z,1357787,1890999,2,"Xal'atath's Bargain: Ascendant, Fortified, Challenger's Peril, Tyrannical",好水水煎包,Shaman,Restoration,healer,Wrathbringer
1210,330.6,302675337,10,Mists of Tirna Scithe,2024-10-25T14:00:26.000Z,1357787,1890999,2,"Xal'atath's Bargain: Ascendant, Fortified, Challenger's Peril, Tyrannical",嗎啡多多,Paladin,Retribution,dps,Wrathbringer
1210,330.6,302675337,10,Mists of Tirna Scithe,2024-10-25T14:00:26.000Z,1357787,1890999,2,"Xal'atath's Bargain: Ascendant, Fortified, Challenger's Peril, Tyrannical",Phiona,Paladin,Retribution,dps,Wrathbringer
1210,330.6,302675337,10,Mists of Tirna Scithe,2024-10-25T14:00:26.000Z,1357787,1890999,2,"Xal'atath's Bargain: Ascendant, Fortified, Challenger's Peril, Tyrannical",Shenhe,Paladin,Retribution,dps,Wrathbringer
1211,330.6,302868910,10,Mists of Tirna Scithe,2024-10-26T07:03:00.000Z,1357992,1890999,2,"Xal'atath's Bargain: Ascendant, Fortified, Challenger's Peril, Tyrannical",獵藝,Hunter,Beast Mastery,dps,Shadowmoon
1211,330.6,302868910,10,Mists of Tirna Scithe,2024-10-26T07:03:00.000Z,1357992,1890999,2,"Xal'atath's Bargain: Ascendant, Fortified, Challenger's Peril, Tyrannical",雅紗,Shaman,Restoration,healer,Whisperwind
1211,330.6,302868910,10,Mists of Tirna Scithe,2024-10-26T07:03:00.000Z,1357992,1890999,2,"Xal'atath's Bargain: Ascendant, Fortified, Challenger's Peril, Tyrannical",長橋顧馬,Paladin,Protection,tank,Silverwing Hold
1211,330.6,302868910,10,Mists of Tirna Scithe,2024-10-26T07:03:00.000Z,1357992,1890999,2,"Xal'atath's Bargain: Ascendant, Fortified, Challenger's Peril, Tyrannical",翼德,Warrior,Fury,dps,Shadowmoon
1211,330.6,302868910,10,Mists of Tirna Scithe,2024-10-26T07:03:00.000Z,1357992,1890999,2,"Xal'atath's Bargain: Ascendant, Fortified, Challenger's Peril, Tyrannical",躺平真香,Hunter,Beast Mastery,dps,Shadowmoon
1212,330.6,302875335,10,Mists of Tirna Scithe,2024-10-26T07:04:12.000Z,1358416,1890999,2,"Xal'atath's Bargain: Ascendant, Fortified, Challenger's Peril, Tyrannical",殤離滄,Demon Hunter,Vengeance,tank,Sundown Marsh
1212,330.6,302875335,10,Mists of Tirna Scithe,2024-10-26T07:04:12.000Z,1358416,1890999,2,"Xal'atath's Bargain: Ascendant, Fortified, Challenger's Peril, Tyrannical",群小眾,Hunter,Beast Mastery,dps,Crystalpine Stinger
1212,330.6,302875335,10,Mists of Tirna Scithe,2024-10-26T07:04:12.000Z,1358416,1890999,2,"Xal'atath's Bargain: Ascendant, Fortified, Challenger's Peril, Tyrannical",迷路貓,Druid,Restoration,healer,Crystalpine Stinger
1212,330.6,302875335,10,Mists of Tirna Scithe,2024-10-26T07:04:12.000Z,1358416,1890999,2,"Xal'atath's Bargain: Ascendant, Fortified, Challenger's Peril, Tyrannical",Wasker-114728359,Rogue,Assassination,dps,World Tree
1212,330.6,302875335,10,Mists of Tirna Scithe,2024-10-26T07:04:12.000Z,1358416,1890999,2,"Xal'atath's Bargain: Ascendant, Fortified, Challenger's Peril, Tyrannical",牛俊熙,Death Knight,Frost,dps,Arthas
1213,330.6,302687048,10,Mists of Tirna Scithe,2024-10-25T16:13:12.000Z,1358696,1890999,2,"Xal'atath's Bargain: Ascendant, Fortified, Challenger's Peril, Tyrannical",Anon25656BF,Druid,Guardian,tank,Anonymous
1213,330.6,302687048,10,Mists of Tirna Scithe,2024-10-25T16:13:12.000Z,1358696,1890999,2,"Xal'atath's Bargain: Ascendant, Fortified, Challenger's Peril, Tyrannical",Ragnar,Shaman,Enhancement,dps,Bleeding Hollow
1213,330.6,302687048,10,Mists of Tirna Scithe,2024-10-25T16:13:12.000Z,1358696,1890999,2,"Xal'atath's Bargain: Ascendant, Fortified, Challenger's Peril, Tyrannical",Skylarl,Mage,Frost,dps,Sundown Marsh
1213,330.6,302687048,10,Mists of Tirna Scithe,2024-10-25T16:13:12.000Z,1358696,1890999,2,"Xal'atath's Bargain: Ascendant, Fortified, Challenger's Peril, Tyrannical",Nyx,Priest,Discipline,healer,Frostmane
1213,330.6,302687048,10,Mists of Tirna Scithe,2024-10-25T16:13:12.000Z,1358696,1890999,2,"Xal'atath's Bargain: Ascendant, Fortified, Challenger's Peril, Tyrannical",冬石,Paladin,Retribution,dps,Shadowmoon
1214,330.6,308255223,10,Mists of Tirna Scithe,2024-11-20T09:47:01.000Z,1358748,1890999,2,"Xal'atath's Bargain: Ascendant, Tyrannical, Challenger's Peril, Fortified",孤傲噬夜,Demon Hunter,Vengeance,tank,Crystalpine Stinger
1214,330.6,308255223,10,Mists of Tirna Scithe,2024-11-20T09:47:01.000Z,1358748,1890999,2,"Xal'atath's Bargain: Ascendant, Tyrannical, Challenger's Peril, Fortified",幼幼班葵班長,Shaman,Restoration,healer,Sundown Marsh
1214,330.6,308255223,10,Mists of Tirna Scithe,2024-11-20T09:47:01.000Z,1358748,1890999,2,"Xal'atath's Bargain: Ascendant, Tyrannical, Challenger's Peril, Fortified",翎小兔,Warrior,Fury,dps,Frostmane
1214,330.6,308255223,10,Mists of Tirna Scithe,2024-11-20T09:47:01.000Z,1358748,1890999,2,"Xal'atath's Bargain: Ascendant, Tyrannical, Challenger's Peril, Fortified",韋恩,Hunter,Survival,dps,Bleeding Hollow
1214,330.6,308255223,10,Mists of Tirna Scithe,2024-11-20T09:47:01.000Z,1358748,1890999,2,"Xal'atath's Bargain: Ascendant, Tyrannical, Challenger's Peril, Fortified",AnonDC79C23,Death Knight,Frost,dps,Anonymous
1215,330.5,307297772,10,Mists of Tirna Scithe,2024-11-15T10:48:44.000Z,1359317,1890999,2,"Xal'atath's Bargain: Ascendant, Tyrannical, Challenger's Peril, Fortified",戰神梓赫,Demon Hunter,Havoc,dps,Shadowmoon
1215,330.5,307297772,10,Mists of Tirna Scithe,2024-11-15T10:48:44.000Z,1359317,1890999,2,"Xal'atath's Bargain: Ascendant, Tyrannical, Challenger's Peril, Fortified",Corrosion,Mage,Frost,dps,Sundown Marsh
1215,330.5,307297772,10,Mists of Tirna Scithe,2024-11-15T10:48:44.000Z,1359317,1890999,2,"Xal'atath's Bargain: Ascendant, Tyrannical, Challenger's Peril, Fortified",惡魔牧屍,Priest,Discipline,healer,Demon Fall Canyon
1215,330.5,307297772,10,Mists of Tirna Scithe,2024-11-15T10:48:44.000Z,1359317,1890999,2,"Xal'atath's Bargain: Ascendant, Tyrannical, Challenger's Peril, Fortified",哞哞抹茶,Druid,Guardian,tank,Zealot Blade
1215,330.5,307297772,10,Mists of Tirna Scithe,2024-11-15T10:48:44.000Z,1359317,1890999,2,"Xal'atath's Bargain: Ascendant, Tyrannical, Challenger's Peril, Fortified",土城大母牛,Rogue,Assassination,dps,Sundown Marsh
1216,330.5,302454299,10,Mists of Tirna Scithe,2024-10-24T09:30:24.000Z,1359478,1890999,2,"Xal'atath's Bargain: Ascendant, Fortified, Challenger's Peril, Tyrannical",Bape,Mage,Fire,dps,Chillwind Point
1216,330.5,302454299,10,Mists of Tirna Scithe,2024-10-24T09:30:24.000Z,1359478,1890999,2,"Xal'atath's Bargain: Ascendant, Fortified, Challenger's Peril, Tyrannical",料理仔仔,Warrior,Fury,dps,Hellscream
1216,330.5,302454299,10,Mists of Tirna Scithe,2024-10-24T09:30:24.000Z,1359478,1890999,2,"Xal'atath's Bargain: Ascendant, Fortified, Challenger's Peril, Tyrannical",傳說之奶霸主,Paladin,Retribution,dps,Silverwing Hold
1216,330.5,302454299,10,Mists of Tirna Scithe,2024-10-24T09:30:24.000Z,1359478,1890999,2,"Xal'atath's Bargain: Ascendant, Fortified, Challenger's Peril, Tyrannical",Noahheal-56189400,Shaman,Restoration,healer,Bleeding Hollow
1216,330.5,302454299,10,Mists of Tirna Scithe,2024-10-24T09:30:24.000Z,1359478,1890999,2,"Xal'atath's Bargain: Ascendant, Fortified, Challenger's Peril, Tyrannical",聯盟蠻兵,Paladin,Protection,tank,Order of the Cloud Serpent
1217,330.5,302471765,10,Mists of Tirna Scithe,2024-10-24T12:51:19.000Z,1359696,1890999,2,"Xal'atath's Bargain: Ascendant, Fortified, Challenger's Peril, Tyrannical",Peeterdk,Death Knight,Frost,dps,Frostmane
1217,330.5,302471765,10,Mists of Tirna Scithe,2024-10-24T12:51:19.000Z,1359696,1890999,2,"Xal'atath's Bargain: Ascendant, Fortified, Challenger's Peril, Tyrannical",Narmarog,Rogue,Assassination,dps,Arygos
1217,330.5,302471765,10,Mists of Tirna Scithe,2024-10-24T12:51:19.000Z,1359696,1890999,2,"Xal'atath's Bargain: Ascendant, Fortified, Challenger's Peril, Tyrannical",浴火奶媽,Druid,Guardian,tank,Menethil
1217,330.5,302471765,10,Mists of Tirna Scithe,2024-10-24T12:51:19.000Z,1359696,1890999,2,"Xal'atath's Bargain: Ascendant, Fortified, Challenger's Peril, Tyrannical",Misscd,Priest,Discipline,healer,Menethil
1217,330.5,302471765,10,Mists of Tirna Scithe,2024-10-24T12:51:19.000Z,1359696,1890999,2,"Xal'atath's Bargain: Ascendant, Fortified, Challenger's Peril, Tyrannical",石小傑,Druid,Balance,dps,World Tree
1218,330.5,303144868,10,Mists of Tirna Scithe,2024-10-27T09:23:10.000Z,1359965,1890999,2,"Xal'atath's Bargain: Ascendant, Fortified, Challenger's Peril, Tyrannical",希望的救贖,Druid,Balance,dps,Nightsong
1218,330.5,303144868,10,Mists of Tirna Scithe,2024-10-27T09:23:10.000Z,1359965,1890999,2,"Xal'atath's Bargain: Ascendant, Fortified, Challenger's Peril, Tyrannical",過來一下,Shaman,Elemental,dps,Bleeding Hollow
1218,330.5,303144868,10,Mists of Tirna Scithe,2024-10-27T09:23:10.000Z,1359965,1890999,2,"Xal'atath's Bargain: Ascendant, Fortified, Challenger's Peril, Tyrannical",韓小棠,Death Knight,Unholy,dps,Chillwind Point
1218,330.5,303144868,10,Mists of Tirna Scithe,2024-10-27T09:23:10.000Z,1359965,1890999,2,"Xal'atath's Bargain: Ascendant, Fortified, Challenger's Peril, Tyrannical",Justmaybess,Warrior,Protection,tank,Arthas
1218,330.5,303144868,10,Mists of Tirna Scithe,2024-10-27T09:23:10.000Z,1359965,1890999,2,"Xal'atath's Bargain: Ascendant, Fortified, Challenger's Peril, Tyrannical",我像龍妹嗎,Evoker,Preservation,healer,Arthas
1219,330.5,308283128,10,Mists of Tirna Scithe,2024-11-20T14:36:05.000Z,1360229,1890999,2,"Xal'atath's Bargain: Ascendant, Tyrannical, Challenger's Peril, Fortified",Srocyrt,Shaman,Elemental,dps,Wrathbringer
1219,330.5,308283128,10,Mists of Tirna Scithe,2024-11-20T14:36:05.000Z,1360229,1890999,2,"Xal'atath's Bargain: Ascendant, Tyrannical, Challenger's Peril, Fortified",法伊佛羅萊特,Mage,Frost,dps,Wrathbringer
1219,330.5,308283128,10,Mists of Tirna Scithe,2024-11-20T14:36:05.000Z,1360229,1890999,2,"Xal'atath's Bargain: Ascendant, Tyrannical, Challenger's Peril, Fortified",微風朧水,Evoker,Preservation,healer,Wrathbringer
1219,330.5,308283128,10,Mists of Tirna Scithe,2024-11-20T14:36:05.000Z,1360229,1890999,2,"Xal'atath's Bargain: Ascendant, Tyrannical, Challenger's Peril, Fortified",別摸魚,Paladin,Protection,tank,Wrathbringer
1219,330.5,308283128,10,Mists of Tirna Scithe,2024-11-20T14:36:05.000Z,1360229,1890999,2,"Xal'atath's Bargain: Ascendant, Tyrannical, Challenger's Peril, Fortified",聖光術射歪,Paladin,Retribution,dps,Wrathbringer
1220,330.5,308072262,10,Mists of Tirna Scithe,2024-11-19T12:43:47.000Z,1360833,1890999,2,"Xal'atath's Bargain: Ascendant, Tyrannical, Challenger's Peril, Fortified",花椰菜獒獒,Druid,Guardian,tank,Shadowmoon
1220,330.5,308072262,10,Mists of Tirna Scithe,2024-11-19T12:43:47.000Z,1360833,1890999,2,"Xal'atath's Bargain: Ascendant, Tyrannical, Challenger's Peril, Fortified",小兔子寶寶,Paladin,Retribution,dps,Arthas
1220,330.5,308072262,10,Mists of Tirna Scithe,2024-11-19T12:43:47.000Z,1360833,1890999,2,"Xal'atath's Bargain: Ascendant, Tyrannical, Challenger's Peril, Fortified",Mazitaa,Warlock,Affliction,dps,Crystalpine Stinger
1220,330.5,308072262,10,Mists of Tirna Scithe,2024-11-19T12:43:47.000Z,1360833,1890999,2,"Xal'atath's Bargain: Ascendant, Tyrannical, Challenger's Peril, Fortified",小狐不會奶,Shaman,Restoration,healer,Shadowmoon
1220,330.5,308072262,10,Mists of Tirna Scithe,2024-11-19T12:43:47.000Z,1360833,1890999,2,"Xal'atath's Bargain: Ascendant, Tyrannical, Challenger's Peril, Fortified",一具屍體,Warrior,Fury,dps,Spirestone
1221,330.5,303835444,10,Mists of Tirna Scithe,2024-10-30T13:31:22.000Z,1361125,1890999,2,"Xal'atath's Bargain: Ascendant, Fortified, Challenger's Peril, Tyrannical",中藥行老闆,Shaman,Restoration,healer,Chillwind Point
1221,330.5,303835444,10,Mists of Tirna Scithe,2024-10-30T13:31:22.000Z,1361125,1890999,2,"Xal'atath's Bargain: Ascendant, Fortified, Challenger's Peril, Tyrannical",矇矇魚,Demon Hunter,Vengeance,tank,Shadowmoon
1221,330.5,303835444,10,Mists of Tirna Scithe,2024-10-30T13:31:22.000Z,1361125,1890999,2,"Xal'atath's Bargain: Ascendant, Fortified, Challenger's Peril, Tyrannical",吳中燻,Monk,Windwalker,dps,Crystalpine Stinger
1221,330.5,303835444,10,Mists of Tirna Scithe,2024-10-30T13:31:22.000Z,1361125,1890999,2,"Xal'atath's Bargain: Ascendant, Fortified, Challenger's Peril, Tyrannical",晨姬潮-226720046,Death Knight,Frost,dps,Spirestone
1221,330.5,303835444,10,Mists of Tirna Scithe,2024-10-30T13:31:22.000Z,1361125,1890999,2,"Xal'atath's Bargain: Ascendant, Fortified, Challenger's Peril, Tyrannical",Verdictbot,Paladin,Retribution,dps,Wrathbringer
1222,330.5,307462634,10,Mists of Tirna Scithe,2024-11-16T07:30:46.000Z,1361240,1890999,2,"Xal'atath's Bargain: Ascendant, Tyrannical, Challenger's Peril, Fortified",悠閒到處逛,Paladin,Retribution,dps,Spirestone
1222,330.5,307462634,10,Mists of Tirna Scithe,2024-11-16T07:30:46.000Z,1361240,1890999,2,"Xal'atath's Bargain: Ascendant, Tyrannical, Challenger's Peril, Fortified",美奶雀,Shaman,Restoration,healer,Chillwind Point
1222,330.5,307462634,10,Mists of Tirna Scithe,2024-11-16T07:30:46.000Z,1361240,1890999,2,"Xal'atath's Bargain: Ascendant, Tyrannical, Challenger's Peril, Fortified",傲慢的戰熊,Warrior,Fury,dps,Dragonmaw
1222,330.5,307462634,10,Mists of Tirna Scithe,2024-11-16T07:30:46.000Z,1361240,1890999,2,"Xal'atath's Bargain: Ascendant, Tyrannical, Challenger's Peril, Fortified",萌萌的蕾希,Monk,Brewmaster,tank,Wrathbringer
1222,330.5,307462634,10,Mists of Tirna Scithe,2024-11-16T07:30:46.000Z,1361240,1890999,2,"Xal'atath's Bargain: Ascendant, Tyrannical, Challenger's Peril, Fortified",澤維爾,Warrior,Fury,dps,Zealot Blade
1223,330.5,303138693,10,Mists of Tirna Scithe,2024-10-27T08:22:32.000Z,1361464,1890999,2,"Xal'atath's Bargain: Ascendant, Fortified, Challenger's Peril, Tyrannical",Blackzone,Druid,Guardian,tank,Nightsong
1223,330.5,303138693,10,Mists of Tirna Scithe,2024-10-27T08:22:32.000Z,1361464,1890999,2,"Xal'atath's Bargain: Ascendant, Fortified, Challenger's Peril, Tyrannical",Ronindh,Demon Hunter,Havoc,dps,Zealot Blade
1223,330.5,303138693,10,Mists of Tirna Scithe,2024-10-27T08:22:32.000Z,1361464,1890999,2,"Xal'atath's Bargain: Ascendant, Fortified, Challenger's Peril, Tyrannical",漾小凜,Shaman,Elemental,dps,Sundown Marsh
1223,330.5,303138693,10,Mists of Tirna Scithe,2024-10-27T08:22:32.000Z,1361464,1890999,2,"Xal'atath's Bargain: Ascendant, Fortified, Challenger's Peril, Tyrannical",花漾明星,Priest,Holy,healer,Arthas
1223,330.5,303138693,10,Mists of Tirna Scithe,2024-10-27T08:22:32.000Z,1361464,1890999,2,"Xal'atath's Bargain: Ascendant, Fortified, Challenger's Peril, Tyrannical",義刀流,Paladin,Retribution,dps,Sundown Marsh
1224,330.5,308298487,10,Mists of Tirna Scithe,2024-11-20T16:42:23.000Z,1361736,1890999,2,"Xal'atath's Bargain: Ascendant, Tyrannical, Challenger's Peril, Fortified",梔夏,Death Knight,Frost,dps,Skywall
1224,330.5,308298487,10,Mists of Tirna Scithe,2024-11-20T16:42:23.000Z,1361736,1890999,2,"Xal'atath's Bargain: Ascendant, Tyrannical, Challenger's Peril, Fortified",嘎嘎,Demon Hunter,Vengeance,tank,Light's Hope
1224,330.5,308298487,10,Mists of Tirna Scithe,2024-11-20T16:42:23.000Z,1361736,1890999,2,"Xal'atath's Bargain: Ascendant, Tyrannical, Challenger's Peril, Fortified",蕾姬,Shaman,Restoration,healer,Silverwing Hold
1224,330.5,308298487,10,Mists of Tirna Scithe,2024-11-20T16:42:23.000Z,1361736,1890999,2,"Xal'atath's Bargain: Ascendant, Tyrannical, Challenger's Peril, Fortified",Lls,Paladin,Retribution,dps,Hellscream
1224,330.5,308298487,10,Mists of Tirna Scithe,2024-11-20T16:42:23.000Z,1361736,1890999,2,"Xal'atath's Bargain: Ascendant, Tyrannical, Challenger's Peril, Fortified",天使圣月,Paladin,Retribution,dps,Light's Hope
1225,330.5,307381914,10,Mists of Tirna Scithe,2024-11-15T21:41:14.000Z,1361822,1890999,2,"Xal'atath's Bargain: Ascendant, Tyrannical, Challenger's Peril, Fortified",墮朧,Mage,Arcane,dps,Demon Fall Canyon
1225,330.5,307381914,10,Mists of Tirna Scithe,2024-11-15T21:41:14.000Z,1361822,1890999,2,"Xal'atath's Bargain: Ascendant, Tyrannical, Challenger's Peril, Fortified",Limerence,Priest,Shadow,dps,Hellscream
1225,330.5,307381914,10,Mists of Tirna Scithe,2024-11-15T21:41:14.000Z,1361822,1890999,2,"Xal'atath's Bargain: Ascendant, Tyrannical, Challenger's Peril, Fortified",芭樂罐頭,Shaman,Enhancement,dps,Arthas
1225,330.5,307381914,10,Mists of Tirna Scithe,2024-11-15T21:41:14.000Z,1361822,1890999,2,"Xal'atath's Bargain: Ascendant, Tyrannical, Challenger's Peril, Fortified",Veryblack,Shaman,Restoration,healer,Shadowmoon
1225,330.5,307381914,10,Mists of Tirna Scithe,2024-11-15T21:41:14.000Z,1361822,1890999,2,"Xal'atath's Bargain: Ascendant, Tyrannical, Challenger's Peril, Fortified",Rorozz,Paladin,Protection,tank,Shadowmoon
1226,330.5,303142146,10,Mists of Tirna Scithe,2024-10-27T09:15:17.000Z,1361973,1890999,2,"Xal'atath's Bargain: Ascendant, Fortified, Challenger's Peril, Tyrannical",帥哥在這辣,Hunter,Beast Mastery,dps,Bleeding Hollow
1226,330.5,303142146,10,Mists of Tirna Scithe,2024-10-27T09:15:17.000Z,1361973,1890999,2,"Xal'atath's Bargain: Ascendant, Fortified, Challenger's Peril, Tyrannical",歐尼狐,Warrior,Protection,tank,Sundown Marsh
1226,330.5,303142146,10,Mists of Tirna Scithe,2024-10-27T09:15:17.000Z,1361973,1890999,2,"Xal'atath's Bargain: Ascendant, Fortified, Challenger's Peril, Tyrannical",櫛瓜烘蛋,Priest,Holy,healer,Sundown Marsh
1226,330.5,303142146,10,Mists of Tirna Scithe,2024-10-27T09:15:17.000Z,1361973,1890999,2,"Xal'atath's Bargain: Ascendant, Fortified, Challenger's Peril, Tyrannical",甜甜香草熊貓,Shaman,Enhancement,dps,Crystalpine Stinger
1226,330.5,303142146,10,Mists of Tirna Scithe,2024-10-27T09:15:17.000Z,1361973,1890999,2,"Xal'atath's Bargain: Ascendant, Fortified, Challenger's Peril, Tyrannical",Azure,Shaman,Enhancement,dps,Crystalpine Stinger
1227,330.5,303837936,10,Mists of Tirna Scithe,2024-10-30T12:20:04.000Z,1362762,1890999,2,"Xal'atath's Bargain: Ascendant, Fortified, Challenger's Peril, Tyrannical",熾羽軒,Shaman,Elemental,dps,Shadowmoon
1227,330.5,303837936,10,Mists of Tirna Scithe,2024-10-30T12:20:04.000Z,1362762,1890999,2,"Xal'atath's Bargain: Ascendant, Fortified, Challenger's Peril, Tyrannical",聖騎禮讚,Paladin,Retribution,dps,Nightsong
1227,330.5,303837936,10,Mists of Tirna Scithe,2024-10-30T12:20:04.000Z,1362762,1890999,2,"Xal'atath's Bargain: Ascendant, Fortified, Challenger's Peril, Tyrannical",Daenery,Evoker,Augmentation,dps,Demon Fall Canyon
1227,330.5,303837936,10,Mists of Tirna Scithe,2024-10-30T12:20:04.000Z,1362762,1890999,2,"Xal'atath's Bargain: Ascendant, Fortified, Challenger's Peril, Tyrannical",伊塔琳娜,Priest,Discipline,healer,Chillwind Point
1227,330.5,303837936,10,Mists of Tirna Scithe,2024-10-30T12:20:04.000Z,1362762,1890999,2,"Xal'atath's Bargain: Ascendant, Fortified, Challenger's Peril, Tyrannical",似影沉光-227121703,Paladin,Protection,tank,Sundown Marsh
1228,330.4,303922036,10,Mists of Tirna Scithe,2024-10-30T10:45:10.000Z,1364255,1890999,2,"Xal'atath's Bargain: Ascendant, Fortified, Challenger's Peril, Tyrannical",Taengsic,Priest,Shadow,dps,Wrathbringer
1228,330.4,303922036,10,Mists of Tirna Scithe,2024-10-30T10:45:10.000Z,1364255,1890999,2,"Xal'atath's Bargain: Ascendant, Fortified, Challenger's Peril, Tyrannical",血染滄雪,Warrior,Protection,tank,Crystalpine Stinger
1228,330.4,303922036,10,Mists of Tirna Scithe,2024-10-30T10:45:10.000Z,1364255,1890999,2,"Xal'atath's Bargain: Ascendant, Fortified, Challenger's Peril, Tyrannical",Felixdruid,Druid,Restoration,healer,Sundown Marsh
1228,330.4,303922036,10,Mists of Tirna Scithe,2024-10-30T10:45:10.000Z,1364255,1890999,2,"Xal'atath's Bargain: Ascendant, Fortified, Challenger's Peril, Tyrannical",Soyons,Demon Hunter,Havoc,dps,Crystalpine Stinger
1228,330.4,303922036,10,Mists of Tirna Scithe,2024-10-30T10:45:10.000Z,1364255,1890999,2,"Xal'atath's Bargain: Ascendant, Fortified, Challenger's Peril, Tyrannical",黑絲蛋包飯,Shaman,Enhancement,dps,Crystalpine Stinger
1229,330.4,265261153,10,Mists of Tirna Scithe,2024-11-17T07:47:54.000Z,1364294,1890999,2,"Xal'atath's Bargain: Ascendant, Tyrannical, Challenger's Peril, Fortified",納米斯,Priest,Holy,healer,Light's Hope
1229,330.4,265261153,10,Mists of Tirna Scithe,2024-11-17T07:47:54.000Z,1364294,1890999,2,"Xal'atath's Bargain: Ascendant, Tyrannical, Challenger's Peril, Fortified",席飛斯,Mage,Frost,dps,Sundown Marsh
1229,330.4,265261153,10,Mists of Tirna Scithe,2024-11-17T07:47:54.000Z,1364294,1890999,2,"Xal'atath's Bargain: Ascendant, Tyrannical, Challenger's Peril, Fortified",你洗澡我偷看,Monk,Brewmaster,tank,Demon Fall Canyon
1229,330.4,265261153,10,Mists of Tirna Scithe,2024-11-17T07:47:54.000Z,1364294,1890999,2,"Xal'atath's Bargain: Ascendant, Tyrannical, Challenger's Peril, Fortified",天國殺戮,Warlock,Destruction,dps,Sundown Marsh
1229,330.4,265261153,10,Mists of Tirna Scithe,2024-11-17T07:47:54.000Z,1364294,1890999,2,"Xal'atath's Bargain: Ascendant, Tyrannical, Challenger's Peril, Fortified",阿爾迪斯,Warrior,Fury,dps,Wrathbringer
1230,330.4,307661659,10,Mists of Tirna Scithe,2024-11-17T05:00:31.000Z,1365077,1890999,2,"Xal'atath's Bargain: Ascendant, Tyrannical, Challenger's Peril, Fortified",進擊的烏龍,Hunter,Beast Mastery,dps,Nightsong
1230,330.4,307661659,10,Mists of Tirna Scithe,2024-11-17T05:00:31.000Z,1365077,1890999,2,"Xal'atath's Bargain: Ascendant, Tyrannical, Challenger's Peril, Fortified",我是一個女孩,Paladin,Protection,tank,Shadowmoon
1230,330.4,307661659,10,Mists of Tirna Scithe,2024-11-17T05:00:31.000Z,1365077,1890999,2,"Xal'atath's Bargain: Ascendant, Tyrannical, Challenger's Peril, Fortified",你全家才牛蹄,Priest,Shadow,dps,Arthas
1230,330.4,307661659,10,Mists of Tirna Scithe,2024-11-17T05:00:31.000Z,1365077,1890999,2,"Xal'atath's Bargain: Ascendant, Tyrannical, Challenger's Peril, Fortified",汐光,Paladin,Retribution,dps,Nightsong
1230,330.4,307661659,10,Mists of Tirna Scithe,2024-11-17T05:00:31.000Z,1365077,1890999,2,"Xal'atath's Bargain: Ascendant, Tyrannical, Challenger's Peril, Fortified",噁心廢宅,Shaman,Restoration,healer,Skywall
1231,330.4,307335219,10,Mists of Tirna Scithe,2024-11-15T17:03:25.000Z,1365322,1890999,2,"Xal'atath's Bargain: Ascendant, Tyrannical, Challenger's Peril, Fortified",Scythia,Paladin,Retribution,dps,Hellscream
1231,330.4,307335219,10,Mists of Tirna Scithe,2024-11-15T17:03:25.000Z,1365322,1890999,2,"Xal'atath's Bargain: Ascendant, Tyrannical, Challenger's Peril, Fortified",中二病小喵,Shaman,Restoration,healer,Dragonmaw
1231,330.4,307335219,10,Mists of Tirna Scithe,2024-11-15T17:03:25.000Z,1365322,1890999,2,"Xal'atath's Bargain: Ascendant, Tyrannical, Challenger's Peril, Fortified",變電箱,Warlock,Destruction,dps,Chillwind Point
1231,330.4,307335219,10,Mists of Tirna Scithe,2024-11-15T17:03:25.000Z,1365322,1890999,2,"Xal'atath's Bargain: Ascendant, Tyrannical, Challenger's Peril, Fortified",Jijihaoyang,Paladin,Retribution,dps,Chillwind Point
1231,330.4,307335219,10,Mists of Tirna Scithe,2024-11-15T17:03:25.000Z,1365322,1890999,2,"Xal'atath's Bargain: Ascendant, Tyrannical, Challenger's Peril, Fortified",萊姆牛肉麵,Druid,Guardian,tank,Shadowmoon
1232,330.4,302500176,10,Mists of Tirna Scithe,2024-11-14T13:05:20.000Z,1367003,1890999,2,"Xal'atath's Bargain: Ascendant, Tyrannical, Challenger's Peril, Fortified",小土仔,Shaman,Restoration,healer,Shadowmoon
1232,330.4,302500176,10,Mists of Tirna Scithe,2024-11-14T13:05:20.000Z,1367003,1890999,2,"Xal'atath's Bargain: Ascendant, Tyrannical, Challenger's Peril, Fortified",別再教召我惹,Death Knight,Unholy,dps,Chillwind Point
1232,330.4,302500176,10,Mists of Tirna Scithe,2024-11-14T13:05:20.000Z,1367003,1890999,2,"Xal'atath's Bargain: Ascendant, Tyrannical, Challenger's Peril, Fortified",害怕想起,Death Knight,Blood,tank,Shadowmoon
1232,330.4,302500176,10,Mists of Tirna Scithe,2024-11-14T13:05:20.000Z,1367003,1890999,2,"Xal'atath's Bargain: Ascendant, Tyrannical, Challenger's Peril, Fortified",Irk,Shaman,Elemental,dps,Quel'dorei
1232,330.4,302500176,10,Mists of Tirna Scithe,2024-11-14T13:05:20.000Z,1367003,1890999,2,"Xal'atath's Bargain: Ascendant, Tyrannical, Challenger's Peril, Fortified",養豚人家,Warlock,Demonology,dps,Quel'dorei
1233,330.4,307338007,10,Mists of Tirna Scithe,2024-11-15T16:36:46.000Z,1367056,1890999,2,"Xal'atath's Bargain: Ascendant, Tyrannical, Challenger's Peril, Fortified",Fearanddream,Evoker,Devastation,dps,Sundown Marsh
1233,330.4,307338007,10,Mists of Tirna Scithe,2024-11-15T16:36:46.000Z,1367056,1890999,2,"Xal'atath's Bargain: Ascendant, Tyrannical, Challenger's Peril, Fortified",試玩一下,Druid,Restoration,healer,Spirestone
1233,330.4,307338007,10,Mists of Tirna Scithe,2024-11-15T16:36:46.000Z,1367056,1890999,2,"Xal'atath's Bargain: Ascendant, Tyrannical, Challenger's Peril, Fortified",名洋好驚驚,Mage,Arcane,dps,World Tree
1233,330.4,307338007,10,Mists of Tirna Scithe,2024-11-15T16:36:46.000Z,1367056,1890999,2,"Xal'atath's Bargain: Ascendant, Tyrannical, Challenger's Peril, Fortified",仙劍泡芙傳,Death Knight,Blood,tank,World Tree
1233,330.4,307338007,10,Mists of Tirna Scithe,2024-11-15T16:36:46.000Z,1367056,1890999,2,"Xal'atath's Bargain: Ascendant, Tyrannical, Challenger's Peril, Fortified",Sshing,Druid,Balance,dps,Nightsong
1234,330.4,302694273,10,Mists of Tirna Scithe,2024-10-25T17:54:29.000Z,1367196,1890999,2,"Xal'atath's Bargain: Ascendant, Fortified, Challenger's Peril, Tyrannical",崇判,Paladin,Retribution,dps,Shadowmoon
1234,330.4,302694273,10,Mists of Tirna Scithe,2024-10-25T17:54:29.000Z,1367196,1890999,2,"Xal'atath's Bargain: Ascendant, Fortified, Challenger's Peril, Tyrannical",瑪琉雷名斯,Priest,Shadow,dps,Whisperwind
1234,330.4,302694273,10,Mists of Tirna Scithe,2024-10-25T17:54:29.000Z,1367196,1890999,2,"Xal'atath's Bargain: Ascendant, Fortified, Challenger's Peril, Tyrannical",流光,Paladin,Protection,tank,Quel'dorei
1234,330.4,302694273,10,Mists of Tirna Scithe,2024-10-25T17:54:29.000Z,1367196,1890999,2,"Xal'atath's Bargain: Ascendant, Fortified, Challenger's Peril, Tyrannical",抹茶小蘇打,Monk,Windwalker,dps,Shadowmoon
1234,330.4,302694273,10,Mists of Tirna Scithe,2024-10-25T17:54:29.000Z,1367196,1890999,2,"Xal'atath's Bargain: Ascendant, Fortified, Challenger's Peril, Tyrannical",海豹姊姊,Priest,Discipline,healer,Spirestone
1235,330.4,307151360,10,Mists of Tirna Scithe,2024-11-14T12:33:48.000Z,1367513,1890999,2,"Xal'atath's Bargain: Ascendant, Tyrannical, Challenger's Peril, Fortified",一价書生,Paladin,Protection,tank,Demon Fall Canyon
1235,330.4,307151360,10,Mists of Tirna Scithe,2024-11-14T12:33:48.000Z,1367513,1890999,2,"Xal'atath's Bargain: Ascendant, Tyrannical, Challenger's Peril, Fortified",吉米潔爾,Hunter,Survival,dps,Sundown Marsh
1235,330.4,307151360,10,Mists of Tirna Scithe,2024-11-14T12:33:48.000Z,1367513,1890999,2,"Xal'atath's Bargain: Ascendant, Tyrannical, Challenger's Peril, Fortified",Tarara,Rogue,Assassination,dps,Arygos
1235,330.4,307151360,10,Mists of Tirna Scithe,2024-11-14T12:33:48.000Z,1367513,1890999,2,"Xal'atath's Bargain: Ascendant, Tyrannical, Challenger's Peril, Fortified",稻撤露庫,Druid,Restoration,healer,Demon Fall Canyon
1235,330.4,307151360,10,Mists of Tirna Scithe,2024-11-14T12:33:48.000Z,1367513,1890999,2,"Xal'atath's Bargain: Ascendant, Tyrannical, Challenger's Peril, Fortified",Magos,Mage,Frost,dps,Silverwing Hold
1236,330.4,308111381,10,Mists of Tirna Scithe,2024-11-19T15:50:11.000Z,1368166,1890999,2,"Xal'atath's Bargain: Ascendant, Tyrannical, Challenger's Peril, Fortified",書山壓力大,Death Knight,Blood,tank,Whisperwind
1236,330.4,308111381,10,Mists of Tirna Scithe,2024-11-19T15:50:11.000Z,1368166,1890999,2,"Xal'atath's Bargain: Ascendant, Tyrannical, Challenger's Peril, Fortified",冰小艾,Paladin,Retribution,dps,Sundown Marsh
1236,330.4,308111381,10,Mists of Tirna Scithe,2024-11-19T15:50:11.000Z,1368166,1890999,2,"Xal'atath's Bargain: Ascendant, Tyrannical, Challenger's Peril, Fortified",白夜制造,Priest,Discipline,healer,Whisperwind
1236,330.4,308111381,10,Mists of Tirna Scithe,2024-11-19T15:50:11.000Z,1368166,1890999,2,"Xal'atath's Bargain: Ascendant, Tyrannical, Challenger's Peril, Fortified",新手射手,Hunter,Beast Mastery,dps,Menethil
1236,330.4,308111381,10,Mists of Tirna Scithe,2024-11-19T15:50:11.000Z,1368166,1890999,2,"Xal'atath's Bargain: Ascendant, Tyrannical, Challenger's Peril, Fortified",小红手雏田,Warrior,Fury,dps,Shadowmoon
1237,330.4,302439822,10,Mists of Tirna Scithe,2024-10-24T06:54:46.000Z,1368492,1890999,2,"Xal'atath's Bargain: Ascendant, Fortified, Challenger's Peril, Tyrannical",Costlylove,Paladin,Protection,tank,Sundown Marsh
1237,330.4,302439822,10,Mists of Tirna Scithe,2024-10-24T06:54:46.000Z,1368492,1890999,2,"Xal'atath's Bargain: Ascendant, Fortified, Challenger's Peril, Tyrannical",Walkerdk,Death Knight,Frost,dps,World Tree
1237,330.4,302439822,10,Mists of Tirna Scithe,2024-10-24T06:54:46.000Z,1368492,1890999,2,"Xal'atath's Bargain: Ascendant, Fortified, Challenger's Peril, Tyrannical",Mickcy,Priest,Discipline,healer,Light's Hope
1237,330.4,302439822,10,Mists of Tirna Scithe,2024-10-24T06:54:46.000Z,1368492,1890999,2,"Xal'atath's Bargain: Ascendant, Fortified, Challenger's Peril, Tyrannical",梨兒小白狼,Shaman,Elemental,dps,Shadowmoon
1237,330.4,302439822,10,Mists of Tirna Scithe,2024-10-24T06:54:46.000Z,1368492,1890999,2,"Xal'atath's Bargain: Ascendant, Fortified, Challenger's Peril, Tyrannical",Nidadie,Hunter,Survival,dps,Whisperwind
1238,330.4,307679693,10,Mists of Tirna Scithe,2024-11-17T08:17:57.000Z,1368589,1890999,2,"Xal'atath's Bargain: Ascendant, Tyrannical, Challenger's Peril, Fortified",扶搖子陳摶,Monk,Brewmaster,tank,Shadowmoon
1238,330.4,307679693,10,Mists of Tirna Scithe,2024-11-17T08:17:57.000Z,1368589,1890999,2,"Xal'atath's Bargain: Ascendant, Tyrannical, Challenger's Peril, Fortified",玲風,Rogue,Assassination,dps,Arygos
1238,330.4,307679693,10,Mists of Tirna Scithe,2024-11-17T08:17:57.000Z,1368589,1890999,2,"Xal'atath's Bargain: Ascendant, Tyrannical, Challenger's Peril, Fortified",Xjbb,Hunter,Survival,dps,Shadowmoon
1238,330.4,307679693,10,Mists of Tirna Scithe,2024-11-17T08:17:57.000Z,1368589,1890999,2,"Xal'atath's Bargain: Ascendant, Tyrannical, Challenger's Peril, Fortified",黑魔殺手,Warrior,Fury,dps,Hellscream
1238,330.4,307679693,10,Mists of Tirna Scithe,2024-11-17T08:17:57.000Z,1368589,1890999,2,"Xal'atath's Bargain: Ascendant, Tyrannical, Challenger's Peril, Fortified",愛心蝦麵,Shaman,Restoration,healer,Skywall
1239,330.4,303407651,10,Mists of Tirna Scithe,2024-10-27T18:18:03.000Z,1368644,1890999,2,"Xal'atath's Bargain: Ascendant, Fortified, Challenger's Peril, Tyrannical",呆萌魚,Paladin,Protection,tank,Shadowmoon
1239,330.4,303407651,10,Mists of Tirna Scithe,2024-10-27T18:18:03.000Z,1368644,1890999,2,"Xal'atath's Bargain: Ascendant, Fortified, Challenger's Peril, Tyrannical",醬喔,Mage,Fire,dps,Frostmane
1239,330.4,303407651,10,Mists of Tirna Scithe,2024-10-27T18:18:03.000Z,1368644,1890999,2,"Xal'atath's Bargain: Ascendant, Fortified, Challenger's Peril, Tyrannical",小伊達,Priest,Discipline,healer,Bleeding Hollow
1239,330.4,303407651,10,Mists of Tirna Scithe,2024-10-27T18:18:03.000Z,1368644,1890999,2,"Xal'atath's Bargain: Ascendant, Fortified, Challenger's Peril, Tyrannical",Jijihaoyang,Paladin,Retribution,dps,Chillwind Point
1239,330.4,303407651,10,Mists of Tirna Scithe,2024-10-27T18:18:03.000Z,1368644,1890999,2,"Xal'atath's Bargain: Ascendant, Fortified, Challenger's Peril, Tyrannical",牛奶三兄弟,Paladin,Retribution,dps,Crystalpine Stinger
1240,330.3,303424050,10,Mists of Tirna Scithe,2024-10-28T14:01:24.000Z,1369473,1890999,2,"Xal'atath's Bargain: Ascendant, Fortified, Challenger's Peril, Tyrannical",Taengsic,Priest,Shadow,dps,Wrathbringer
1240,330.3,303424050,10,Mists of Tirna Scithe,2024-10-28T14:01:24.000Z,1369473,1890999,2,"Xal'atath's Bargain: Ascendant, Fortified, Challenger's Peril, Tyrannical",肥鬼,Druid,Balance,dps,Sundown Marsh
1240,330.3,303424050,10,Mists of Tirna Scithe,2024-10-28T14:01:24.000Z,1369473,1890999,2,"Xal'atath's Bargain: Ascendant, Fortified, Challenger's Peril, Tyrannical",思嬌大家姐,Paladin,Protection,tank,Sundown Marsh
1240,330.3,303424050,10,Mists of Tirna Scithe,2024-10-28T14:01:24.000Z,1369473,1890999,2,"Xal'atath's Bargain: Ascendant, Fortified, Challenger's Peril, Tyrannical",Felixshaman,Shaman,Elemental,dps,Crystalpine Stinger
1240,330.3,303424050,10,Mists of Tirna Scithe,2024-10-28T14:01:24.000Z,1369473,1890999,2,"Xal'atath's Bargain: Ascendant, Fortified, Challenger's Peril, Tyrannical",Balladino,Paladin,Holy,healer,Frostmane
1241,330.3,302511158,10,Mists of Tirna Scithe,2024-10-24T16:05:20.000Z,1369763,1890999,2,"Xal'atath's Bargain: Ascendant, Fortified, Challenger's Peril, Tyrannical",咩羋咩,Shaman,Elemental,dps,Nightsong
1241,330.3,302511158,10,Mists of Tirna Scithe,2024-10-24T16:05:20.000Z,1369763,1890999,2,"Xal'atath's Bargain: Ascendant, Fortified, Challenger's Peril, Tyrannical",Johnni,Rogue,Assassination,dps,Sundown Marsh
1241,330.3,302511158,10,Mists of Tirna Scithe,2024-10-24T16:05:20.000Z,1369763,1890999,2,"Xal'atath's Bargain: Ascendant, Fortified, Challenger's Peril, Tyrannical",進擊的修勾,Paladin,Holy,healer,Shadowmoon
1241,330.3,302511158,10,Mists of Tirna Scithe,2024-10-24T16:05:20.000Z,1369763,1890999,2,"Xal'atath's Bargain: Ascendant, Fortified, Challenger's Peril, Tyrannical",睡覺到自然醒,Warrior,Protection,tank,Quel'dorei
1241,330.3,302511158,10,Mists of Tirna Scithe,2024-10-24T16:05:20.000Z,1369763,1890999,2,"Xal'atath's Bargain: Ascendant, Fortified, Challenger's Peril, Tyrannical",嬉皮-228281417,Shaman,Elemental,dps,Frostmane
1242,330.3,307911176,10,Mists of Tirna Scithe,2024-11-18T14:17:54.000Z,1369985,1890999,2,"Xal'atath's Bargain: Ascendant, Tyrannical, Challenger's Peril, Fortified",Anon27F138E,Shaman,Restoration,healer,Anonymous
1242,330.3,307911176,10,Mists of Tirna Scithe,2024-11-18T14:17:54.000Z,1369985,1890999,2,"Xal'atath's Bargain: Ascendant, Tyrannical, Challenger's Peril, Fortified",夜芯,Hunter,Survival,dps,Bleeding Hollow
1242,330.3,307911176,10,Mists of Tirna Scithe,2024-11-18T14:17:54.000Z,1369985,1890999,2,"Xal'atath's Bargain: Ascendant, Tyrannical, Challenger's Peril, Fortified",哞哞血蹄,Shaman,Elemental,dps,Menethil
1242,330.3,307911176,10,Mists of Tirna Scithe,2024-11-18T14:17:54.000Z,1369985,1890999,2,"Xal'atath's Bargain: Ascendant, Tyrannical, Challenger's Peril, Fortified",Cyanocitta,Druid,Guardian,tank,Nightsong
1242,330.3,307911176,10,Mists of Tirna Scithe,2024-11-18T14:17:54.000Z,1369985,1890999,2,"Xal'atath's Bargain: Ascendant, Tyrannical, Challenger's Peril, Fortified",老跳,Death Knight,Frost,dps,Bleeding Hollow
1243,330.3,303863895,10,Mists of Tirna Scithe,2024-10-30T16:50:12.000Z,1370281,1890999,2,"Xal'atath's Bargain: Ascendant, Fortified, Challenger's Peril, Tyrannical",奉獻之伊登,Paladin,Retribution,dps,Quel'dorei
1243,330.3,303863895,10,Mists of Tirna Scithe,2024-10-30T16:50:12.000Z,1370281,1890999,2,"Xal'atath's Bargain: Ascendant, Fortified, Challenger's Peril, Tyrannical",Elmos,Shaman,Enhancement,dps,Arygos
1243,330.3,303863895,10,Mists of Tirna Scithe,2024-10-30T16:50:12.000Z,1370281,1890999,2,"Xal'atath's Bargain: Ascendant, Fortified, Challenger's Peril, Tyrannical",小飛龍丘比,Evoker,Preservation,healer,Arygos
1243,330.3,303863895,10,Mists of Tirna Scithe,2024-10-30T16:50:12.000Z,1370281,1890999,2,"Xal'atath's Bargain: Ascendant, Fortified, Challenger's Peril, Tyrannical",恐康康星人-227062783,Demon Hunter,Vengeance,tank,Nightsong
1243,330.3,303863895,10,Mists of Tirna Scithe,2024-10-30T16:50:12.000Z,1370281,1890999,2,"Xal'atath's Bargain: Ascendant, Fortified, Challenger's Peril, Tyrannical",Muchan,Priest,Discipline,healer,Hellscream
1244,330.3,307991939,10,Mists of Tirna Scithe,2024-11-18T18:42:22.000Z,1370602,1890999,2,"Xal'atath's Bargain: Ascendant, Tyrannical, Challenger's Peril, Fortified",紫晨曦,Paladin,Holy,healer,Nightsong
1244,330.3,307991939,10,Mists of Tirna Scithe,2024-11-18T18:42:22.000Z,1370602,1890999,2,"Xal'atath's Bargain: Ascendant, Tyrannical, Challenger's Peril, Fortified",早睡早起,Evoker,Augmentation,dps,Nightsong
1244,330.3,307991939,10,Mists of Tirna Scithe,2024-11-18T18:42:22.000Z,1370602,1890999,2,"Xal'atath's Bargain: Ascendant, Tyrannical, Challenger's Peril, Fortified",酷拉皮卡,Druid,Guardian,tank,Stormscale
1244,330.3,307991939,10,Mists of Tirna Scithe,2024-11-18T18:42:22.000Z,1370602,1890999,2,"Xal'atath's Bargain: Ascendant, Tyrannical, Challenger's Peril, Fortified",Kuromii,Paladin,Retribution,dps,Nightsong
1244,330.3,307991939,10,Mists of Tirna Scithe,2024-11-18T18:42:22.000Z,1370602,1890999,2,"Xal'atath's Bargain: Ascendant, Tyrannical, Challenger's Peril, Fortified",Baku,Shaman,Enhancement,dps,Nightsong
1245,330.3,303189651,10,Mists of Tirna Scithe,2024-10-27T03:50:12.000Z,1370822,1890999,2,"Xal'atath's Bargain: Ascendant, Fortified, Challenger's Peril, Tyrannical",胖達圖騰,Shaman,Elemental,dps,Hellscream
1245,330.3,303189651,10,Mists of Tirna Scithe,2024-10-27T03:50:12.000Z,1370822,1890999,2,"Xal'atath's Bargain: Ascendant, Fortified, Challenger's Peril, Tyrannical",兔子丟丟,Priest,Discipline,healer,Chillwind Point
1245,330.3,303189651,10,Mists of Tirna Scithe,2024-10-27T03:50:12.000Z,1370822,1890999,2,"Xal'atath's Bargain: Ascendant, Fortified, Challenger's Peril, Tyrannical",Syluckyman,Paladin,Retribution,dps,Zealot Blade
1245,330.3,303189651,10,Mists of Tirna Scithe,2024-10-27T03:50:12.000Z,1370822,1890999,2,"Xal'atath's Bargain: Ascendant, Fortified, Challenger's Peril, Tyrannical",如意,Rogue,Assassination,dps,Zealot Blade
1245,330.3,303189651,10,Mists of Tirna Scithe,2024-10-27T03:50:12.000Z,1370822,1890999,2,"Xal'atath's Bargain: Ascendant, Fortified, Challenger's Peril, Tyrannical",Algar,Death Knight,Blood,tank,Zealot Blade
1246,330.3,307678957,10,Mists of Tirna Scithe,2024-11-17T08:35:05.000Z,1371548,1890999,2,"Xal'atath's Bargain: Ascendant, Tyrannical, Challenger's Peril, Fortified",小萌牛逼央,Monk,Brewmaster,tank,Zealot Blade
1246,330.3,307678957,10,Mists of Tirna Scithe,2024-11-17T08:35:05.000Z,1371548,1890999,2,"Xal'atath's Bargain: Ascendant, Tyrannical, Challenger's Peril, Fortified",Dasein,Death Knight,Unholy,dps,Zealot Blade
1246,330.3,307678957,10,Mists of Tirna Scithe,2024-11-17T08:35:05.000Z,1371548,1890999,2,"Xal'atath's Bargain: Ascendant, Tyrannical, Challenger's Peril, Fortified",正豆,Hunter,Beast Mastery,dps,Arthas
1246,330.3,307678957,10,Mists of Tirna Scithe,2024-11-17T08:35:05.000Z,1371548,1890999,2,"Xal'atath's Bargain: Ascendant, Tyrannical, Challenger's Peril, Fortified",噴水美眉,Shaman,Restoration,healer,Whisperwind
1246,330.3,307678957,10,Mists of Tirna Scithe,2024-11-17T08:35:05.000Z,1371548,1890999,2,"Xal'atath's Bargain: Ascendant, Tyrannical, Challenger's Peril, Fortified",二狗蛋之腿,Evoker,Augmentation,dps,Zealot Blade
1247,330.3,307659301,10,Mists of Tirna Scithe,2024-11-17T05:11:11.000Z,1371784,1890999,2,"Xal'atath's Bargain: Ascendant, Tyrannical, Challenger's Peril, Fortified",洛希菲爾,Warrior,Protection,tank,Crystalpine Stinger
1247,330.3,307659301,10,Mists of Tirna Scithe,2024-11-17T05:11:11.000Z,1371784,1890999,2,"Xal'atath's Bargain: Ascendant, Tyrannical, Challenger's Peril, Fortified",出門不合裝,Hunter,Survival,dps,Demon Fall Canyon
1247,330.3,307659301,10,Mists of Tirna Scithe,2024-11-17T05:11:11.000Z,1371784,1890999,2,"Xal'atath's Bargain: Ascendant, Tyrannical, Challenger's Peril, Fortified",某個人,Shaman,Elemental,dps,Sundown Marsh
1247,330.3,307659301,10,Mists of Tirna Scithe,2024-11-17T05:11:11.000Z,1371784,1890999,2,"Xal'atath's Bargain: Ascendant, Tyrannical, Challenger's Peril, Fortified",醉酒臥紅塵,Priest,Discipline,healer,Bleeding Hollow
1247,330.3,307659301,10,Mists of Tirna Scithe,2024-11-17T05:11:11.000Z,1371784,1890999,2,"Xal'atath's Bargain: Ascendant, Tyrannical, Challenger's Peril, Fortified",鮪魚總匯不切,Paladin,Retribution,dps,Wrathbringer
1248,330.3,302683343,10,Mists of Tirna Scithe,2024-10-25T14:51:09.000Z,1372141,1890999,2,"Xal'atath's Bargain: Ascendant, Fortified, Challenger's Peril, Tyrannical",慕小虎,Rogue,Assassination,dps,Crystalpine Stinger
1248,330.3,302683343,10,Mists of Tirna Scithe,2024-10-25T14:51:09.000Z,1372141,1890999,2,"Xal'atath's Bargain: Ascendant, Fortified, Challenger's Peril, Tyrannical",紫芒星痕,Warrior,Protection,tank,Sundown Marsh
1248,330.3,302683343,10,Mists of Tirna Scithe,2024-10-25T14:51:09.000Z,1372141,1890999,2,"Xal'atath's Bargain: Ascendant, Fortified, Challenger's Peril, Tyrannical",Fishga,Shaman,Enhancement,dps,Demon Fall Canyon
1248,330.3,302683343,10,Mists of Tirna Scithe,2024-10-25T14:51:09.000Z,1372141,1890999,2,"Xal'atath's Bargain: Ascendant, Fortified, Challenger's Peril, Tyrannical",熊喵小小,Shaman,Elemental,dps,Sundown Marsh
1248,330.3,302683343,10,Mists of Tirna Scithe,2024-10-25T14:51:09.000Z,1372141,1890999,2,"Xal'atath's Bargain: Ascendant, Fortified, Challenger's Peril, Tyrannical",慕筱筑,Shaman,Restoration,healer,Crystalpine Stinger
1249,330.3,307502800,10,Mists of Tirna Scithe,2024-11-16T13:38:33.000Z,1372273,1890999,2,"Xal'atath's Bargain: Ascendant, Tyrannical, Challenger's Peril, Fortified",夏墨,Demon Hunter,Havoc,dps,Skywall
1249,330.3,307502800,10,Mists of Tirna Scithe,2024-11-16T13:38:33.000Z,1372273,1890999,2,"Xal'atath's Bargain: Ascendant, Tyrannical, Challenger's Peril, Fortified",雪花小喵喵,Death Knight,Frost,dps,Chillwind Point
1249,330.3,307502800,10,Mists of Tirna Scithe,2024-11-16T13:38:33.000Z,1372273,1890999,2,"Xal'atath's Bargain: Ascendant, Tyrannical, Challenger's Peril, Fortified",狂笑,Monk,Windwalker,dps,Light's Hope
1249,330.3,307502800,10,Mists of Tirna Scithe,2024-11-16T13:38:33.000Z,1372273,1890999,2,"Xal'atath's Bargain: Ascendant, Tyrannical, Challenger's Peril, Fortified",宣璇舞,Shaman,Restoration,healer,Light's Hope
1249,330.3,307502800,10,Mists of Tirna Scithe,2024-11-16T13:38:33.000Z,1372273,1890999,2,"Xal'atath's Bargain: Ascendant, Tyrannical, Challenger's Peril, Fortified",逃亡中,Druid,Guardian,tank,Light's Hope
1250,330.3,302469311,10,Mists of Tirna Scithe,2024-10-24T12:23:16.000Z,1372370,1890999,2,"Xal'atath's Bargain: Ascendant, Fortified, Challenger's Peril, Tyrannical",路邊有小草,Paladin,Holy,healer,Sundown Marsh
1250,330.3,302469311,10,Mists of Tirna Scithe,2024-10-24T12:23:16.000Z,1372370,1890999,2,"Xal'atath's Bargain: Ascendant, Fortified, Challenger's Peril, Tyrannical",Ballo,Warlock,Demonology,dps,Crystalpine Stinger
1250,330.3,302469311,10,Mists of Tirna Scithe,2024-10-24T12:23:16.000Z,1372370,1890999,2,"Xal'atath's Bargain: Ascendant, Fortified, Challenger's Peril, Tyrannical",小雪會漏電,Shaman,Elemental,dps,Sundown Marsh
1250,330.3,302469311,10,Mists of Tirna Scithe,2024-10-24T12:23:16.000Z,1372370,1890999,2,"Xal'atath's Bargain: Ascendant, Fortified, Challenger's Peril, Tyrannical",希爾萊雅德-228223978,Warrior,Protection,tank,Dragonmaw
1250,330.3,302469311,10,Mists of Tirna Scithe,2024-10-24T12:23:16.000Z,1372370,1890999,2,"Xal'atath's Bargain: Ascendant, Fortified, Challenger's Peril, Tyrannical",高清無聖光,Death Knight,Frost,dps,Bleeding Hollow
1251,330.3,307129951,10,Mists of Tirna Scithe,2024-11-14T07:36:38.000Z,1372431,1890999,2,"Xal'atath's Bargain: Ascendant, Tyrannical, Challenger's Peril, Fortified",索蘭瑞恩,Shaman,Restoration,healer,Skywall
1251,330.3,307129951,10,Mists of Tirna Scithe,2024-11-14T07:36:38.000Z,1372431,1890999,2,"Xal'atath's Bargain: Ascendant, Tyrannical, Challenger's Peril, Fortified",能者多牢,Demon Hunter,Vengeance,tank,Crystalpine Stinger
1251,330.3,307129951,10,Mists of Tirna Scithe,2024-11-14T07:36:38.000Z,1372431,1890999,2,"Xal'atath's Bargain: Ascendant, Tyrannical, Challenger's Peril, Fortified",咖喱飯隊長,Shaman,Enhancement,dps,Crystalpine Stinger
1251,330.3,307129951,10,Mists of Tirna Scithe,2024-11-14T07:36:38.000Z,1372431,1890999,2,"Xal'atath's Bargain: Ascendant, Tyrannical, Challenger's Peril, Fortified",Magos,Mage,Frost,dps,Silverwing Hold
1251,330.3,307129951,10,Mists of Tirna Scithe,2024-11-14T07:36:38.000Z,1372431,1890999,2,"Xal'atath's Bargain: Ascendant, Tyrannical, Challenger's Peril, Fortified",星光乄恬若寂,Paladin,Retribution,dps,Sundown Marsh
1252,330.3,305657920,10,Mists of Tirna Scithe,2024-11-14T17:10:47.000Z,1372731,1890999,2,"Xal'atath's Bargain: Ascendant, Tyrannical, Challenger's Peril, Fortified",羅素克洛,Warrior,Protection,tank,Bleeding Hollow
1252,330.3,305657920,10,Mists of Tirna Scithe,2024-11-14T17:10:47.000Z,1372731,1890999,2,"Xal'atath's Bargain: Ascendant, Tyrannical, Challenger's Peril, Fortified",淵夜,Shaman,Restoration,healer,Frostmane
1252,330.3,305657920,10,Mists of Tirna Scithe,2024-11-14T17:10:47.000Z,1372731,1890999,2,"Xal'atath's Bargain: Ascendant, Tyrannical, Challenger's Peril, Fortified",無盡孤寂,Druid,Balance,dps,Frostmane
1252,330.3,305657920,10,Mists of Tirna Scithe,2024-11-14T17:10:47.000Z,1372731,1890999,2,"Xal'atath's Bargain: Ascendant, Tyrannical, Challenger's Peril, Fortified",雪藏奶茶,Paladin,Retribution,dps,Bleeding Hollow
1252,330.3,305657920,10,Mists of Tirna Scithe,2024-11-14T17:10:47.000Z,1372731,1890999,2,"Xal'atath's Bargain: Ascendant, Tyrannical, Challenger's Peril, Fortified",醇愛戰神,Paladin,Retribution,dps,Skywall
1253,330.3,305645170,10,Mists of Tirna Scithe,2024-11-14T15:16:07.000Z,1372749,1890999,2,"Xal'atath's Bargain: Ascendant, Tyrannical, Challenger's Peril, Fortified",黎安德菈,Mage,Arcane,dps,Shadowmoon
1253,330.3,305645170,10,Mists of Tirna Scithe,2024-11-14T15:16:07.000Z,1372749,1890999,2,"Xal'atath's Bargain: Ascendant, Tyrannical, Challenger's Peril, Fortified",啊啊要壞掉了,Death Knight,Unholy,dps,Whisperwind
1253,330.3,305645170,10,Mists of Tirna Scithe,2024-11-14T15:16:07.000Z,1372749,1890999,2,"Xal'atath's Bargain: Ascendant, Tyrannical, Challenger's Peril, Fortified",幻夜夢羽,Druid,Guardian,tank,Whisperwind
1253,330.3,305645170,10,Mists of Tirna Scithe,2024-11-14T15:16:07.000Z,1372749,1890999,2,"Xal'atath's Bargain: Ascendant, Tyrannical, Challenger's Peril, Fortified",黑露露,Mage,Frost,dps,Arygos
1253,330.3,305645170,10,Mists of Tirna Scithe,2024-11-14T15:16:07.000Z,1372749,1890999,2,"Xal'atath's Bargain: Ascendant, Tyrannical, Challenger's Peril, Fortified",萼月,Priest,Holy,healer,Menethil
1254,330.3,307663400,10,Mists of Tirna Scithe,2024-11-17T05:33:55.000Z,1373464,1890999,2,"Xal'atath's Bargain: Ascendant, Tyrannical, Challenger's Peril, Fortified",雪白泡芙,Warlock,Demonology,dps,Demon Fall Canyon
1254,330.3,307663400,10,Mists of Tirna Scithe,2024-11-17T05:33:55.000Z,1373464,1890999,2,"Xal'atath's Bargain: Ascendant, Tyrannical, Challenger's Peril, Fortified",洛羽,Rogue,Outlaw,dps,Stormscale
1254,330.3,307663400,10,Mists of Tirna Scithe,2024-11-17T05:33:55.000Z,1373464,1890999,2,"Xal'atath's Bargain: Ascendant, Tyrannical, Challenger's Peril, Fortified",千年白狐,Priest,Holy,healer,Demon Fall Canyon
1254,330.3,307663400,10,Mists of Tirna Scithe,2024-11-17T05:33:55.000Z,1373464,1890999,2,"Xal'atath's Bargain: Ascendant, Tyrannical, Challenger's Peril, Fortified",暗夜守護者,Shaman,Enhancement,dps,Demon Fall Canyon
1254,330.3,307663400,10,Mists of Tirna Scithe,2024-11-17T05:33:55.000Z,1373464,1890999,2,"Xal'atath's Bargain: Ascendant, Tyrannical, Challenger's Peril, Fortified",奧特蘭克山雞,Druid,Guardian,tank,Demon Fall Canyon
1255,330.3,303442054,10,Mists of Tirna Scithe,2024-10-28T13:08:07.000Z,1373787,1890999,2,"Xal'atath's Bargain: Ascendant, Fortified, Challenger's Peril, Tyrannical",Cokecola,Paladin,Retribution,dps,Stormscale
1255,330.3,303442054,10,Mists of Tirna Scithe,2024-10-28T13:08:07.000Z,1373787,1890999,2,"Xal'atath's Bargain: Ascendant, Fortified, Challenger's Peril, Tyrannical",米果怕巧巧,Warrior,Protection,tank,World Tree
1255,330.3,303442054,10,Mists of Tirna Scithe,2024-10-28T13:08:07.000Z,1373787,1890999,2,"Xal'atath's Bargain: Ascendant, Fortified, Challenger's Peril, Tyrannical",巧巧咬米果,Priest,Discipline,healer,Arygos
1255,330.3,303442054,10,Mists of Tirna Scithe,2024-10-28T13:08:07.000Z,1373787,1890999,2,"Xal'atath's Bargain: Ascendant, Fortified, Challenger's Peril, Tyrannical",阿侵,Shaman,Elemental,dps,Sundown Marsh
1255,330.3,303442054,10,Mists of Tirna Scithe,2024-10-28T13:08:07.000Z,1373787,1890999,2,"Xal'atath's Bargain: Ascendant, Fortified, Challenger's Peril, Tyrannical",情勒大將軍,Warrior,Fury,dps,Shadowmoon
1256,330.3,303615222,10,Mists of Tirna Scithe,2024-10-28T19:38:21.000Z,1374086,1890999,2,"Xal'atath's Bargain: Ascendant, Fortified, Challenger's Peril, Tyrannical",瘋狂妞兒,Priest,Discipline,healer,Whisperwind
1256,330.3,303615222,10,Mists of Tirna Scithe,2024-10-28T19:38:21.000Z,1374086,1890999,2,"Xal'atath's Bargain: Ascendant, Fortified, Challenger's Peril, Tyrannical",黑風薩,Shaman,Enhancement,dps,Spirestone
1256,330.3,303615222,10,Mists of Tirna Scithe,2024-10-28T19:38:21.000Z,1374086,1890999,2,"Xal'atath's Bargain: Ascendant, Fortified, Challenger's Peril, Tyrannical",小牛蹄子,Shaman,Elemental,dps,Sundown Marsh
1256,330.3,303615222,10,Mists of Tirna Scithe,2024-10-28T19:38:21.000Z,1374086,1890999,2,"Xal'atath's Bargain: Ascendant, Fortified, Challenger's Peril, Tyrannical",Lusiddream,Mage,Frost,dps,Shadowmoon
1256,330.3,303615222,10,Mists of Tirna Scithe,2024-10-28T19:38:21.000Z,1374086,1890999,2,"Xal'atath's Bargain: Ascendant, Fortified, Challenger's Peril, Tyrannical",黑嬤嬤,Warrior,Protection,tank,Sundown Marsh
1257,330.2,308423993,10,Mists of Tirna Scithe,2024-11-19T14:05:36.000Z,1374789,1890999,2,"Xal'atath's Bargain: Ascendant, Tyrannical, Challenger's Peril, Fortified",怒燄魂,Warrior,Fury,dps,Shadowmoon
1257,330.2,308423993,10,Mists of Tirna Scithe,2024-11-19T14:05:36.000Z,1374789,1890999,2,"Xal'atath's Bargain: Ascendant, Tyrannical, Challenger's Peril, Fortified",孤影絕,Paladin,Protection,tank,Shadowmoon
1257,330.2,308423993,10,Mists of Tirna Scithe,2024-11-19T14:05:36.000Z,1374789,1890999,2,"Xal'atath's Bargain: Ascendant, Tyrannical, Challenger's Peril, Fortified",於戲,Shaman,Restoration,healer,Shadowmoon
1257,330.2,308423993,10,Mists of Tirna Scithe,2024-11-19T14:05:36.000Z,1374789,1890999,2,"Xal'atath's Bargain: Ascendant, Tyrannical, Challenger's Peril, Fortified",找你呢,Druid,Balance,dps,Shadowmoon
1257,330.2,308423993,10,Mists of Tirna Scithe,2024-11-19T14:05:36.000Z,1374789,1890999,2,"Xal'atath's Bargain: Ascendant, Tyrannical, Challenger's Peril, Fortified",卡爾法蘭茲,Death Knight,Frost,dps,Shadowmoon
1258,330.2,307188674,10,Mists of Tirna Scithe,2024-11-14T18:02:36.000Z,1375531,1890999,2,"Xal'atath's Bargain: Ascendant, Tyrannical, Challenger's Peril, Fortified",Saimerlin,Death Knight,Frost,dps,Nightsong
1258,330.2,307188674,10,Mists of Tirna Scithe,2024-11-14T18:02:36.000Z,1375531,1890999,2,"Xal'atath's Bargain: Ascendant, Tyrannical, Challenger's Peril, Fortified",海色術士,Warlock,Destruction,dps,Bleeding Hollow
1258,330.2,307188674,10,Mists of Tirna Scithe,2024-11-14T18:02:36.000Z,1375531,1890999,2,"Xal'atath's Bargain: Ascendant, Tyrannical, Challenger's Peril, Fortified",Lattedutemp,Death Knight,Frost,dps,Spirestone
1258,330.2,307188674,10,Mists of Tirna Scithe,2024-11-14T18:02:36.000Z,1375531,1890999,2,"Xal'atath's Bargain: Ascendant, Tyrannical, Challenger's Peril, Fortified",純屬草莓,Shaman,Restoration,healer,Nightsong
1258,330.2,307188674,10,Mists of Tirna Scithe,2024-11-14T18:02:36.000Z,1375531,1890999,2,"Xal'atath's Bargain: Ascendant, Tyrannical, Challenger's Peril, Fortified",早說,Death Knight,Blood,tank,Dragonmaw
1259,330.2,302719228,10,Mists of Tirna Scithe,2024-10-25T13:12:07.000Z,1375584,1890999,2,"Xal'atath's Bargain: Ascendant, Fortified, Challenger's Peril, Tyrannical",Peeterdh,Demon Hunter,Havoc,dps,Dragonmaw
1259,330.2,302719228,10,Mists of Tirna Scithe,2024-10-25T13:12:07.000Z,1375584,1890999,2,"Xal'atath's Bargain: Ascendant, Fortified, Challenger's Peril, Tyrannical",Narmarog,Rogue,Assassination,dps,Arygos
1259,330.2,302719228,10,Mists of Tirna Scithe,2024-10-25T13:12:07.000Z,1375584,1890999,2,"Xal'atath's Bargain: Ascendant, Fortified, Challenger's Peril, Tyrannical",浴火奶媽,Druid,Guardian,tank,Menethil
1259,330.2,302719228,10,Mists of Tirna Scithe,2024-10-25T13:12:07.000Z,1375584,1890999,2,"Xal'atath's Bargain: Ascendant, Fortified, Challenger's Peril, Tyrannical",戳你的肚臍,Hunter,Beast Mastery,dps,Zealot Blade
1259,330.2,302719228,10,Mists of Tirna Scithe,2024-10-25T13:12:07.000Z,1375584,1890999,2,"Xal'atath's Bargain: Ascendant, Fortified, Challenger's Peril, Tyrannical",Misscd,Priest,Discipline,healer,Menethil
1260,330.2,307124285,10,Mists of Tirna Scithe,2024-11-14T06:10:45.000Z,1375827,1890999,2,"Xal'atath's Bargain: Ascendant, Tyrannical, Challenger's Peril, Fortified",Bloodybyss,Shaman,Enhancement,dps,Sundown Marsh
1260,330.2,307124285,10,Mists of Tirna Scithe,2024-11-14T06:10:45.000Z,1375827,1890999,2,"Xal'atath's Bargain: Ascendant, Tyrannical, Challenger's Peril, Fortified",Holyfish,Druid,Balance,dps,Arygos
1260,330.2,307124285,10,Mists of Tirna Scithe,2024-11-14T06:10:45.000Z,1375827,1890999,2,"Xal'atath's Bargain: Ascendant, Tyrannical, Challenger's Peril, Fortified",鬼扯的聖騎,Paladin,Protection,tank,Shadowmoon
1260,330.2,307124285,10,Mists of Tirna Scithe,2024-11-14T06:10:45.000Z,1375827,1890999,2,"Xal'atath's Bargain: Ascendant, Tyrannical, Challenger's Peril, Fortified",其實我是騎士,Priest,Discipline,healer,Whisperwind
1260,330.2,307124285,10,Mists of Tirna Scithe,2024-11-14T06:10:45.000Z,1375827,1890999,2,"Xal'atath's Bargain: Ascendant, Tyrannical, Challenger's Peril, Fortified",怪杰羅-231014800,Shaman,Restoration,healer,Chillwind Point
1261,330.2,308284090,10,Mists of Tirna Scithe,2024-11-20T14:55:25.000Z,1376369,1890999,2,"Xal'atath's Bargain: Ascendant, Tyrannical, Challenger's Peril, Fortified",晓霞,Paladin,Retribution,dps,Sundown Marsh
1261,330.2,308284090,10,Mists of Tirna Scithe,2024-11-20T14:55:25.000Z,1376369,1890999,2,"Xal'atath's Bargain: Ascendant, Tyrannical, Challenger's Peril, Fortified",日暮薩滿,Shaman,Restoration,healer,Sundown Marsh
1261,330.2,308284090,10,Mists of Tirna Scithe,2024-11-20T14:55:25.000Z,1376369,1890999,2,"Xal'atath's Bargain: Ascendant, Tyrannical, Challenger's Peril, Fortified",Antoineodin,Shaman,Elemental,dps,Bleeding Hollow
1261,330.2,308284090,10,Mists of Tirna Scithe,2024-11-20T14:55:25.000Z,1376369,1890999,2,"Xal'atath's Bargain: Ascendant, Tyrannical, Challenger's Peril, Fortified",米米修,Warlock,Demonology,dps,Sundown Marsh
1261,330.2,308284090,10,Mists of Tirna Scithe,2024-11-20T14:55:25.000Z,1376369,1890999,2,"Xal'atath's Bargain: Ascendant, Tyrannical, Challenger's Peril, Fortified",紫夜花舞,Demon Hunter,Vengeance,tank,Whisperwind
1262,330.2,303619145,10,Mists of Tirna Scithe,2024-10-29T11:36:34.000Z,1376461,1890999,2,"Xal'atath's Bargain: Ascendant, Fortified, Challenger's Peril, Tyrannical",Dh,Demon Hunter,Havoc,dps,Sundown Marsh
1262,330.2,303619145,10,Mists of Tirna Scithe,2024-10-29T11:36:34.000Z,1376461,1890999,2,"Xal'atath's Bargain: Ascendant, Fortified, Challenger's Peril, Tyrannical",正喵,Druid,Guardian,tank,Shadowmoon
1262,330.2,303619145,10,Mists of Tirna Scithe,2024-10-29T11:36:34.000Z,1376461,1890999,2,"Xal'atath's Bargain: Ascendant, Fortified, Challenger's Peril, Tyrannical",不要問不要說,Druid,Feral,dps,Skywall
1262,330.2,303619145,10,Mists of Tirna Scithe,2024-10-29T11:36:34.000Z,1376461,1890999,2,"Xal'atath's Bargain: Ascendant, Fortified, Challenger's Peril, Tyrannical",不敗小猴,Hunter,Beast Mastery,dps,Silverwing Hold
1262,330.2,303619145,10,Mists of Tirna Scithe,2024-10-29T11:36:34.000Z,1376461,1890999,2,"Xal'atath's Bargain: Ascendant, Fortified, Challenger's Peril, Tyrannical",請你離開,Shaman,Restoration,healer,Skywall
1263,330.2,308288506,10,Mists of Tirna Scithe,2024-11-20T15:11:14.000Z,1377769,1890999,2,"Xal'atath's Bargain: Ascendant, Tyrannical, Challenger's Peril, Fortified",Emo,Paladin,Retribution,dps,Spirestone
1263,330.2,308288506,10,Mists of Tirna Scithe,2024-11-20T15:11:14.000Z,1377769,1890999,2,"Xal'atath's Bargain: Ascendant, Tyrannical, Challenger's Peril, Fortified",盧恩午睡圖騰,Shaman,Elemental,dps,Sundown Marsh
1263,330.2,308288506,10,Mists of Tirna Scithe,2024-11-20T15:11:14.000Z,1377769,1890999,2,"Xal'atath's Bargain: Ascendant, Tyrannical, Challenger's Peril, Fortified",Oocolate,Priest,Discipline,healer,Sundown Marsh
1263,330.2,308288506,10,Mists of Tirna Scithe,2024-11-20T15:11:14.000Z,1377769,1890999,2,"Xal'atath's Bargain: Ascendant, Tyrannical, Challenger's Peril, Fortified",Yenpal,Paladin,Protection,tank,Nightsong
1263,330.2,308288506,10,Mists of Tirna Scithe,2024-11-20T15:11:14.000Z,1377769,1890999,2,"Xal'atath's Bargain: Ascendant, Tyrannical, Challenger's Peril, Fortified",Shamango,Shaman,Enhancement,dps,Wrathbringer
1264,330.2,307459607,10,Mists of Tirna Scithe,2024-11-16T06:20:20.000Z,1378209,1890999,2,"Xal'atath's Bargain: Ascendant, Tyrannical, Challenger's Peril, Fortified",小米果,Druid,Restoration,healer,Whisperwind
1264,330.2,307459607,10,Mists of Tirna Scithe,2024-11-16T06:20:20.000Z,1378209,1890999,2,"Xal'atath's Bargain: Ascendant, Tyrannical, Challenger's Peril, Fortified",天澄,Shaman,Elemental,dps,Hellscream
1264,330.2,307459607,10,Mists of Tirna Scithe,2024-11-16T06:20:20.000Z,1378209,1890999,2,"Xal'atath's Bargain: Ascendant, Tyrannical, Challenger's Peril, Fortified",沐妍洛洛,Paladin,Protection,tank,Spirestone
1264,330.2,307459607,10,Mists of Tirna Scithe,2024-11-16T06:20:20.000Z,1378209,1890999,2,"Xal'atath's Bargain: Ascendant, Tyrannical, Challenger's Peril, Fortified",痰伯唬,Rogue,Assassination,dps,Silverwing Hold
1264,330.2,307459607,10,Mists of Tirna Scithe,2024-11-16T06:20:20.000Z,1378209,1890999,2,"Xal'atath's Bargain: Ascendant, Tyrannical, Challenger's Peril, Fortified",Buluogena,Shaman,Enhancement,dps,Shadowmoon
1265,330.2,307819978,10,Mists of Tirna Scithe,2024-11-17T22:56:39.000Z,1378704,1890999,2,"Xal'atath's Bargain: Ascendant, Tyrannical, Challenger's Peril, Fortified",小一一-12839961,Monk,Mistweaver,healer,Whisperwind
1265,330.2,307819978,10,Mists of Tirna Scithe,2024-11-17T22:56:39.000Z,1378704,1890999,2,"Xal'atath's Bargain: Ascendant, Tyrannical, Challenger's Peril, Fortified",庫爾,Shaman,Elemental,dps,Shadowmoon
1265,330.2,307819978,10,Mists of Tirna Scithe,2024-11-17T22:56:39.000Z,1378704,1890999,2,"Xal'atath's Bargain: Ascendant, Tyrannical, Challenger's Peril, Fortified",糙人,Shaman,Enhancement,dps,Shadowmoon
1265,330.2,307819978,10,Mists of Tirna Scithe,2024-11-17T22:56:39.000Z,1378704,1890999,2,"Xal'atath's Bargain: Ascendant, Tyrannical, Challenger's Peril, Fortified",冬天的雨,Warrior,Protection,tank,Crystalpine Stinger
1265,330.2,307819978,10,Mists of Tirna Scithe,2024-11-17T22:56:39.000Z,1378704,1890999,2,"Xal'atath's Bargain: Ascendant, Tyrannical, Challenger's Peril, Fortified",生命体,Paladin,Retribution,dps,World Tree
1266,330.2,307098021,10,Mists of Tirna Scithe,2024-11-14T01:57:53.000Z,1378993,1890999,2,"Xal'atath's Bargain: Ascendant, Tyrannical, Challenger's Peril, Fortified",聖騎抹殺,Paladin,Retribution,dps,Hellscream
1266,330.2,307098021,10,Mists of Tirna Scithe,2024-11-14T01:57:53.000Z,1378993,1890999,2,"Xal'atath's Bargain: Ascendant, Tyrannical, Challenger's Peril, Fortified",神之弓箭使者,Hunter,Beast Mastery,dps,Hellscream
1266,330.2,307098021,10,Mists of Tirna Scithe,2024-11-14T01:57:53.000Z,1378993,1890999,2,"Xal'atath's Bargain: Ascendant, Tyrannical, Challenger's Peril, Fortified",布影憐星,Shaman,Restoration,healer,Crystalpine Stinger
1266,330.2,307098021,10,Mists of Tirna Scithe,2024-11-14T01:57:53.000Z,1378993,1890999,2,"Xal'atath's Bargain: Ascendant, Tyrannical, Challenger's Peril, Fortified",全村人的希望,Mage,Frost,dps,Spirestone
1266,330.2,307098021,10,Mists of Tirna Scithe,2024-11-14T01:57:53.000Z,1378993,1890999,2,"Xal'atath's Bargain: Ascendant, Tyrannical, Challenger's Peril, Fortified",艾爾卡多,Warrior,Protection,tank,Hellscream
1267,330.2,307712586,10,Mists of Tirna Scithe,2024-11-17T13:20:38.000Z,1379000,1890999,2,"Xal'atath's Bargain: Ascendant, Tyrannical, Challenger's Peril, Fortified",輝明,Paladin,Protection,tank,Sundown Marsh
1267,330.2,307712586,10,Mists of Tirna Scithe,2024-11-17T13:20:38.000Z,1379000,1890999,2,"Xal'atath's Bargain: Ascendant, Tyrannical, Challenger's Peril, Fortified",史薩坦滿,Shaman,Enhancement,dps,Demon Fall Canyon
1267,330.2,307712586,10,Mists of Tirna Scithe,2024-11-17T13:20:38.000Z,1379000,1890999,2,"Xal'atath's Bargain: Ascendant, Tyrannical, Challenger's Peril, Fortified",馬桶爆掉了,Druid,Balance,dps,Chillwind Point
1267,330.2,307712586,10,Mists of Tirna Scithe,2024-11-17T13:20:38.000Z,1379000,1890999,2,"Xal'atath's Bargain: Ascendant, Tyrannical, Challenger's Peril, Fortified",Alyx,Warrior,Fury,dps,Wrathbringer
1267,330.2,307712586,10,Mists of Tirna Scithe,2024-11-17T13:20:38.000Z,1379000,1890999,2,"Xal'atath's Bargain: Ascendant, Tyrannical, Challenger's Peril, Fortified",我先口了,Priest,Holy,healer,Bleeding Hollow
1268,330.1,307262765,10,Mists of Tirna Scithe,2024-11-15T03:24:13.000Z,1379245,1890999,2,"Xal'atath's Bargain: Ascendant, Tyrannical, Challenger's Peril, Fortified",Peralta,Druid,Balance,dps,Stormscale
1268,330.1,307262765,10,Mists of Tirna Scithe,2024-11-15T03:24:13.000Z,1379245,1890999,2,"Xal'atath's Bargain: Ascendant, Tyrannical, Challenger's Peril, Fortified",海龍王彼德,Shaman,Enhancement,dps,Demon Fall Canyon
1268,330.1,307262765,10,Mists of Tirna Scithe,2024-11-15T03:24:13.000Z,1379245,1890999,2,"Xal'atath's Bargain: Ascendant, Tyrannical, Challenger's Peril, Fortified",Goodjob,Monk,Mistweaver,healer,Spirestone
1268,330.1,307262765,10,Mists of Tirna Scithe,2024-11-15T03:24:13.000Z,1379245,1890999,2,"Xal'atath's Bargain: Ascendant, Tyrannical, Challenger's Peril, Fortified",眼底丶,Priest,Shadow,dps,Icecrown
1268,330.1,307262765,10,Mists of Tirna Scithe,2024-11-15T03:24:13.000Z,1379245,1890999,2,"Xal'atath's Bargain: Ascendant, Tyrannical, Challenger's Peril, Fortified",Ahcow,Warrior,Protection,tank,Sundown Marsh
1269,330.1,302715289,10,Mists of Tirna Scithe,2024-10-25T17:04:44.000Z,1379286,1890999,2,"Xal'atath's Bargain: Ascendant, Fortified, Challenger's Peril, Tyrannical",Stelle,Warrior,Protection,tank,Whisperwind
1269,330.1,302715289,10,Mists of Tirna Scithe,2024-10-25T17:04:44.000Z,1379286,1890999,2,"Xal'atath's Bargain: Ascendant, Fortified, Challenger's Peril, Tyrannical",聖光嗇,Paladin,Retribution,dps,Chillwind Point
1269,330.1,302715289,10,Mists of Tirna Scithe,2024-10-25T17:04:44.000Z,1379286,1890999,2,"Xal'atath's Bargain: Ascendant, Fortified, Challenger's Peril, Tyrannical",爪爪鮑滿,Shaman,Restoration,healer,Chillwind Point
1269,330.1,302715289,10,Mists of Tirna Scithe,2024-10-25T17:04:44.000Z,1379286,1890999,2,"Xal'atath's Bargain: Ascendant, Fortified, Challenger's Peril, Tyrannical",菊花勾引圭,Shaman,Elemental,dps,Shadowmoon
1269,330.1,302715289,10,Mists of Tirna Scithe,2024-10-25T17:04:44.000Z,1379286,1890999,2,"Xal'atath's Bargain: Ascendant, Fortified, Challenger's Peril, Tyrannical",寄雲,Hunter,Survival,dps,Whisperwind
1270,330.1,307341027,10,Mists of Tirna Scithe,2024-11-15T17:14:07.000Z,1379626,1890999,2,"Xal'atath's Bargain: Ascendant, Tyrannical, Challenger's Peril, Fortified",鷯哥,Druid,Feral,dps,Shadowmoon
1270,330.1,307341027,10,Mists of Tirna Scithe,2024-11-15T17:14:07.000Z,1379626,1890999,2,"Xal'atath's Bargain: Ascendant, Tyrannical, Challenger's Peril, Fortified",Tanzanite,Druid,Restoration,healer,Hellscream
1270,330.1,307341027,10,Mists of Tirna Scithe,2024-11-15T17:14:07.000Z,1379626,1890999,2,"Xal'atath's Bargain: Ascendant, Tyrannical, Challenger's Peril, Fortified",Antyk,Mage,Arcane,dps,Hellscream
1270,330.1,307341027,10,Mists of Tirna Scithe,2024-11-15T17:14:07.000Z,1379626,1890999,2,"Xal'atath's Bargain: Ascendant, Tyrannical, Challenger's Peril, Fortified",Doki,Demon Hunter,Vengeance,tank,Silverwing Hold
1270,330.1,307341027,10,Mists of Tirna Scithe,2024-11-15T17:14:07.000Z,1379626,1890999,2,"Xal'atath's Bargain: Ascendant, Tyrannical, Challenger's Peril, Fortified",猛男,Warrior,Fury,dps,Silverwing Hold
1271,330.1,307148745,10,Mists of Tirna Scithe,2024-11-14T12:17:52.000Z,1379656,1890999,2,"Xal'atath's Bargain: Ascendant, Tyrannical, Challenger's Peril, Fortified",龍捲暴風,Warrior,Fury,dps,Arthas
1271,330.1,307148745,10,Mists of Tirna Scithe,2024-11-14T12:17:52.000Z,1379656,1890999,2,"Xal'atath's Bargain: Ascendant, Tyrannical, Challenger's Peril, Fortified",阿米,Death Knight,Unholy,dps,Shadowmoon
1271,330.1,307148745,10,Mists of Tirna Scithe,2024-11-14T12:17:52.000Z,1379656,1890999,2,"Xal'atath's Bargain: Ascendant, Tyrannical, Challenger's Peril, Fortified",Cohang,Mage,Arcane,dps,Shadowmoon
1271,330.1,307148745,10,Mists of Tirna Scithe,2024-11-14T12:17:52.000Z,1379656,1890999,2,"Xal'atath's Bargain: Ascendant, Tyrannical, Challenger's Peril, Fortified",冬瓜僧,Monk,Brewmaster,tank,Arthas
1271,330.1,307148745,10,Mists of Tirna Scithe,2024-11-14T12:17:52.000Z,1379656,1890999,2,"Xal'atath's Bargain: Ascendant, Tyrannical, Challenger's Peril, Fortified",AnonD6AFA25,Druid,Restoration,healer,Anonymous
1272,330.1,307323645,10,Mists of Tirna Scithe,2024-11-15T15:37:46.000Z,1379982,1890999,2,"Xal'atath's Bargain: Ascendant, Tyrannical, Challenger's Peril, Fortified",表戈,Death Knight,Frost,dps,Crystalpine Stinger
1272,330.1,307323645,10,Mists of Tirna Scithe,2024-11-15T15:37:46.000Z,1379982,1890999,2,"Xal'atath's Bargain: Ascendant, Tyrannical, Challenger's Peril, Fortified",胖老爹炸乩童,Monk,Windwalker,dps,Sundown Marsh
1272,330.1,307323645,10,Mists of Tirna Scithe,2024-11-15T15:37:46.000Z,1379982,1890999,2,"Xal'atath's Bargain: Ascendant, Tyrannical, Challenger's Peril, Fortified",艾小龍,Evoker,Augmentation,dps,Sundown Marsh
1272,330.1,307323645,10,Mists of Tirna Scithe,2024-11-15T15:37:46.000Z,1379982,1890999,2,"Xal'atath's Bargain: Ascendant, Tyrannical, Challenger's Peril, Fortified",璃宮薩曉,Shaman,Restoration,healer,Silverwing Hold
1272,330.1,307323645,10,Mists of Tirna Scithe,2024-11-15T15:37:46.000Z,1379982,1890999,2,"Xal'atath's Bargain: Ascendant, Tyrannical, Challenger's Peril, Fortified",Kinn,Warrior,Protection,tank,Sundown Marsh
1273,330.1,307135249,10,Mists of Tirna Scithe,2024-11-14T09:12:00.000Z,1380485,1890999,2,"Xal'atath's Bargain: Ascendant, Tyrannical, Challenger's Peril, Fortified",波奇醬融化了,Shaman,Enhancement,dps,Light's Hope
1273,330.1,307135249,10,Mists of Tirna Scithe,2024-11-14T09:12:00.000Z,1380485,1890999,2,"Xal'atath's Bargain: Ascendant, Tyrannical, Challenger's Peril, Fortified",靜謐之魂,Hunter,Beast Mastery,dps,World Tree
1273,330.1,307135249,10,Mists of Tirna Scithe,2024-11-14T09:12:00.000Z,1380485,1890999,2,"Xal'atath's Bargain: Ascendant, Tyrannical, Challenger's Peril, Fortified",抽取衛生紙,Priest,Discipline,healer,Dragonmaw
1273,330.1,307135249,10,Mists of Tirna Scithe,2024-11-14T09:12:00.000Z,1380485,1890999,2,"Xal'atath's Bargain: Ascendant, Tyrannical, Challenger's Peril, Fortified",Kinn,Warrior,Protection,tank,Sundown Marsh
1273,330.1,307135249,10,Mists of Tirna Scithe,2024-11-14T09:12:00.000Z,1380485,1890999,2,"Xal'atath's Bargain: Ascendant, Tyrannical, Challenger's Peril, Fortified",二表哥,Paladin,Retribution,dps,Crystalpine Stinger
1274,330.1,302456390,10,Mists of Tirna Scithe,2024-10-24T09:47:05.000Z,1380849,1890999,2,"Xal'atath's Bargain: Ascendant, Fortified, Challenger's Peril, Tyrannical",Heyyoggsm,Shaman,Elemental,dps,Sundown Marsh
1274,330.1,302456390,10,Mists of Tirna Scithe,2024-10-24T09:47:05.000Z,1380849,1890999,2,"Xal'atath's Bargain: Ascendant, Fortified, Challenger's Peril, Tyrannical",白毛怪,Warlock,Destruction,dps,Wrathbringer
1274,330.1,302456390,10,Mists of Tirna Scithe,2024-10-24T09:47:05.000Z,1380849,1890999,2,"Xal'atath's Bargain: Ascendant, Fortified, Challenger's Peril, Tyrannical",Skywar,Warrior,Protection,tank,Shadowmoon
1274,330.1,302456390,10,Mists of Tirna Scithe,2024-10-24T09:47:05.000Z,1380849,1890999,2,"Xal'atath's Bargain: Ascendant, Fortified, Challenger's Peril, Tyrannical",狼王賈奈特,Death Knight,Frost,dps,Icecrown
1274,330.1,302456390,10,Mists of Tirna Scithe,2024-10-24T09:47:05.000Z,1380849,1890999,2,"Xal'atath's Bargain: Ascendant, Fortified, Challenger's Peril, Tyrannical",睡著的鮪魚肚,Shaman,Restoration,healer,Sundown Marsh
1275,330.1,307344330,10,Mists of Tirna Scithe,2024-11-15T17:50:39.000Z,1380914,1890999,2,"Xal'atath's Bargain: Ascendant, Tyrannical, Challenger's Peril, Fortified",Delonte,Warlock,Demonology,dps,Shadowmoon
1275,330.1,307344330,10,Mists of Tirna Scithe,2024-11-15T17:50:39.000Z,1380914,1890999,2,"Xal'atath's Bargain: Ascendant, Tyrannical, Challenger's Peril, Fortified",知你冷暖,Demon Hunter,Vengeance,tank,Whisperwind
1275,330.1,307344330,10,Mists of Tirna Scithe,2024-11-15T17:50:39.000Z,1380914,1890999,2,"Xal'atath's Bargain: Ascendant, Tyrannical, Challenger's Peril, Fortified",Ching,Priest,Discipline,healer,Quel'dorei
1275,330.1,307344330,10,Mists of Tirna Scithe,2024-11-15T17:50:39.000Z,1380914,1890999,2,"Xal'atath's Bargain: Ascendant, Tyrannical, Challenger's Peril, Fortified",Limerence,Priest,Shadow,dps,Hellscream
1275,330.1,307344330,10,Mists of Tirna Scithe,2024-11-15T17:50:39.000Z,1380914,1890999,2,"Xal'atath's Bargain: Ascendant, Tyrannical, Challenger's Peril, Fortified",Røzasm,Shaman,Enhancement,dps,Whisperwind
1276,330.1,304233067,10,Mists of Tirna Scithe,2024-10-30T12:27:26.000Z,1381128,1890999,2,"Xal'atath's Bargain: Ascendant, Fortified, Challenger's Peril, Tyrannical",Boyuwarrior,Warrior,Protection,tank,Shadowmoon
1276,330.1,304233067,10,Mists of Tirna Scithe,2024-10-30T12:27:26.000Z,1381128,1890999,2,"Xal'atath's Bargain: Ascendant, Fortified, Challenger's Peril, Tyrannical",咪咪茆茆,Priest,Holy,healer,Arygos
1276,330.1,304233067,10,Mists of Tirna Scithe,2024-10-30T12:27:26.000Z,1381128,1890999,2,"Xal'atath's Bargain: Ascendant, Fortified, Challenger's Peril, Tyrannical",Ballowo,Mage,Frost,dps,Spirestone
1276,330.1,304233067,10,Mists of Tirna Scithe,2024-10-30T12:27:26.000Z,1381128,1890999,2,"Xal'atath's Bargain: Ascendant, Fortified, Challenger's Peril, Tyrannical",啥小啦,Druid,Balance,dps,Wrathbringer
1276,330.1,304233067,10,Mists of Tirna Scithe,2024-10-30T12:27:26.000Z,1381128,1890999,2,"Xal'atath's Bargain: Ascendant, Fortified, Challenger's Peril, Tyrannical",Dessert,Rogue,Assassination,dps,Chillwind Point
1277,330.1,302881016,10,Mists of Tirna Scithe,2024-10-26T09:48:28.000Z,1381617,1890999,2,"Xal'atath's Bargain: Ascendant, Fortified, Challenger's Peril, Tyrannical",伊吹,Demon Hunter,Vengeance,tank,Whisperwind
1277,330.1,302881016,10,Mists of Tirna Scithe,2024-10-26T09:48:28.000Z,1381617,1890999,2,"Xal'atath's Bargain: Ascendant, Fortified, Challenger's Peril, Tyrannical",麻椅上訴,Warlock,Destruction,dps,Nightsong
1277,330.1,302881016,10,Mists of Tirna Scithe,2024-10-26T09:48:28.000Z,1381617,1890999,2,"Xal'atath's Bargain: Ascendant, Fortified, Challenger's Peril, Tyrannical",老黑打鐵,Paladin,Retribution,dps,Hellscream
1277,330.1,302881016,10,Mists of Tirna Scithe,2024-10-26T09:48:28.000Z,1381617,1890999,2,"Xal'atath's Bargain: Ascendant, Fortified, Challenger's Peril, Tyrannical",何天之衢,Death Knight,Unholy,dps,World Tree
1277,330.1,302881016,10,Mists of Tirna Scithe,2024-10-26T09:48:28.000Z,1381617,1890999,2,"Xal'atath's Bargain: Ascendant, Fortified, Challenger's Peril, Tyrannical",蜂蜜奶油球,Evoker,Preservation,healer,Shadowmoon
1278,330.1,307344731,10,Mists of Tirna Scithe,2024-11-15T17:11:52.000Z,1381759,1890999,2,"Xal'atath's Bargain: Ascendant, Tyrannical, Challenger's Peril, Fortified",花少插一咖,Shaman,Elemental,dps,Arygos
1278,330.1,307344731,10,Mists of Tirna Scithe,2024-11-15T17:11:52.000Z,1381759,1890999,2,"Xal'atath's Bargain: Ascendant, Tyrannical, Challenger's Peril, Fortified",薩索雞,Shaman,Enhancement,dps,Skywall
1278,330.1,307344731,10,Mists of Tirna Scithe,2024-11-15T17:11:52.000Z,1381759,1890999,2,"Xal'atath's Bargain: Ascendant, Tyrannical, Challenger's Peril, Fortified",君子劍,Priest,Discipline,healer,Order of the Cloud Serpent
1278,330.1,307344731,10,Mists of Tirna Scithe,2024-11-15T17:11:52.000Z,1381759,1890999,2,"Xal'atath's Bargain: Ascendant, Tyrannical, Challenger's Peril, Fortified",Laurence,Paladin,Retribution,dps,Light's Hope
1278,330.1,307344731,10,Mists of Tirna Scithe,2024-11-15T17:11:52.000Z,1381759,1890999,2,"Xal'atath's Bargain: Ascendant, Tyrannical, Challenger's Peril, Fortified",餓磨劣人,Demon Hunter,Vengeance,tank,Order of the Cloud Serpent
1279,330.1,307897976,10,Mists of Tirna Scithe,2024-11-18T12:12:25.000Z,1381971,1890999,2,"Xal'atath's Bargain: Ascendant, Tyrannical, Challenger's Peril, Fortified",Kennylop,Warlock,Destruction,dps,Whisperwind
1279,330.1,307897976,10,Mists of Tirna Scithe,2024-11-18T12:12:25.000Z,1381971,1890999,2,"Xal'atath's Bargain: Ascendant, Tyrannical, Challenger's Peril, Fortified",一念永恒,Hunter,Beast Mastery,dps,Dragonmaw
1279,330.1,307897976,10,Mists of Tirna Scithe,2024-11-18T12:12:25.000Z,1381971,1890999,2,"Xal'atath's Bargain: Ascendant, Tyrannical, Challenger's Peril, Fortified",那個瑞瑞,Priest,Discipline,healer,Shadowmoon
1279,330.1,307897976,10,Mists of Tirna Scithe,2024-11-18T12:12:25.000Z,1381971,1890999,2,"Xal'atath's Bargain: Ascendant, Tyrannical, Challenger's Peril, Fortified",雲天晴,Druid,Guardian,tank,Chillwind Point
1279,330.1,307897976,10,Mists of Tirna Scithe,2024-11-18T12:12:25.000Z,1381971,1890999,2,"Xal'atath's Bargain: Ascendant, Tyrannical, Challenger's Peril, Fortified",Creatîne,Paladin,Retribution,dps,Arthas
1280,330.1,307184829,10,Mists of Tirna Scithe,2024-11-14T17:53:29.000Z,1382000,1890999,2,"Xal'atath's Bargain: Ascendant, Tyrannical, Challenger's Peril, Fortified",Blacklilith,Paladin,Retribution,dps,Stormscale
1280,330.1,307184829,10,Mists of Tirna Scithe,2024-11-14T17:53:29.000Z,1382000,1890999,2,"Xal'atath's Bargain: Ascendant, Tyrannical, Challenger's Peril, Fortified",郭庭瑋,Death Knight,Blood,tank,Nightsong
1280,330.1,307184829,10,Mists of Tirna Scithe,2024-11-14T17:53:29.000Z,1382000,1890999,2,"Xal'atath's Bargain: Ascendant, Tyrannical, Challenger's Peril, Fortified",幸福的,Shaman,Restoration,healer,Shadowmoon
1280,330.1,307184829,10,Mists of Tirna Scithe,2024-11-14T17:53:29.000Z,1382000,1890999,2,"Xal'atath's Bargain: Ascendant, Tyrannical, Challenger's Peril, Fortified",聖光圖騰,Paladin,Retribution,dps,Shadowmoon
1280,330.1,307184829,10,Mists of Tirna Scithe,2024-11-14T17:53:29.000Z,1382000,1890999,2,"Xal'atath's Bargain: Ascendant, Tyrannical, Challenger's Peril, Fortified",Kyhonganla,Priest,Shadow,dps,Chillwind Point
1281,330.1,303865624,10,Mists of Tirna Scithe,2024-10-30T14:57:51.000Z,1382067,1890999,2,"Xal'atath's Bargain: Ascendant, Fortified, Challenger's Peril, Tyrannical",賽弗斯,Paladin,Protection,tank,Nightsong
1281,330.1,303865624,10,Mists of Tirna Scithe,2024-10-30T14:57:51.000Z,1382067,1890999,2,"Xal'atath's Bargain: Ascendant, Fortified, Challenger's Peril, Tyrannical",琉架,Priest,Discipline,healer,Demon Fall Canyon
1281,330.1,303865624,10,Mists of Tirna Scithe,2024-10-30T14:57:51.000Z,1382067,1890999,2,"Xal'atath's Bargain: Ascendant, Fortified, Challenger's Peril, Tyrannical",Lastnight,Death Knight,Frost,dps,Nightsong
1281,330.1,303865624,10,Mists of Tirna Scithe,2024-10-30T14:57:51.000Z,1382067,1890999,2,"Xal'atath's Bargain: Ascendant, Fortified, Challenger's Peril, Tyrannical",Drazeh,Evoker,Augmentation,dps,Stormscale
1281,330.1,303865624,10,Mists of Tirna Scithe,2024-10-30T14:57:51.000Z,1382067,1890999,2,"Xal'atath's Bargain: Ascendant, Fortified, Challenger's Peril, Tyrannical",水止墨風,Mage,Arcane,dps,Stormscale
1282,330.1,307493791,10,Mists of Tirna Scithe,2024-11-16T12:56:18.000Z,1382599,1890999,2,"Xal'atath's Bargain: Ascendant, Tyrannical, Challenger's Peril, Fortified",低調牛仔,Warrior,Fury,dps,Chillwind Point
1282,330.1,307493791,10,Mists of Tirna Scithe,2024-11-16T12:56:18.000Z,1382599,1890999,2,"Xal'atath's Bargain: Ascendant, Tyrannical, Challenger's Peril, Fortified",神圣之怒,Paladin,Protection,tank,Crystalpine Stinger
1282,330.1,307493791,10,Mists of Tirna Scithe,2024-11-16T12:56:18.000Z,1382599,1890999,2,"Xal'atath's Bargain: Ascendant, Tyrannical, Challenger's Peril, Fortified",Karn,Paladin,Retribution,dps,Crystalpine Stinger
1282,330.1,307493791,10,Mists of Tirna Scithe,2024-11-16T12:56:18.000Z,1382599,1890999,2,"Xal'atath's Bargain: Ascendant, Tyrannical, Challenger's Peril, Fortified",萬嘉集團,Priest,Discipline,healer,Crystalpine Stinger
1282,330.1,307493791,10,Mists of Tirna Scithe,2024-11-16T12:56:18.000Z,1382599,1890999,2,"Xal'atath's Bargain: Ascendant, Tyrannical, Challenger's Peril, Fortified",伏義神天饕,Mage,Frost,dps,Crystalpine Stinger
1283,330.1,303406383,10,Mists of Tirna Scithe,2024-10-28T12:28:33.000Z,1382872,1890999,2,"Xal'atath's Bargain: Ascendant, Fortified, Challenger's Peril, Tyrannical",踹尼斯功夫,Druid,Guardian,tank,Sundown Marsh
1283,330.1,303406383,10,Mists of Tirna Scithe,2024-10-28T12:28:33.000Z,1382872,1890999,2,"Xal'atath's Bargain: Ascendant, Fortified, Challenger's Peril, Tyrannical",糯米的冰箱,Mage,Fire,dps,Sundown Marsh
1283,330.1,303406383,10,Mists of Tirna Scithe,2024-10-28T12:28:33.000Z,1382872,1890999,2,"Xal'atath's Bargain: Ascendant, Fortified, Challenger's Peril, Tyrannical",Neoniro,Shaman,Restoration,healer,Zealot Blade
1283,330.1,303406383,10,Mists of Tirna Scithe,2024-10-28T12:28:33.000Z,1382872,1890999,2,"Xal'atath's Bargain: Ascendant, Fortified, Challenger's Peril, Tyrannical",蕊妮蜜絲,Evoker,Augmentation,dps,Quel'dorei
1283,330.1,303406383,10,Mists of Tirna Scithe,2024-10-28T12:28:33.000Z,1382872,1890999,2,"Xal'atath's Bargain: Ascendant, Fortified, Challenger's Peril, Tyrannical",腳滑托雷特,Death Knight,Unholy,dps,Whisperwind
1284,330.1,308092000,10,Mists of Tirna Scithe,2024-11-19T15:51:37.000Z,1383208,1890999,2,"Xal'atath's Bargain: Ascendant, Tyrannical, Challenger's Peril, Fortified",Tutupriest,Priest,Discipline,healer,Arygos
1284,330.1,308092000,10,Mists of Tirna Scithe,2024-11-19T15:51:37.000Z,1383208,1890999,2,"Xal'atath's Bargain: Ascendant, Tyrannical, Challenger's Peril, Fortified",丁香糕,Hunter,Survival,dps,World Tree
1284,330.1,308092000,10,Mists of Tirna Scithe,2024-11-19T15:51:37.000Z,1383208,1890999,2,"Xal'atath's Bargain: Ascendant, Tyrannical, Challenger's Peril, Fortified",Achlyse,Death Knight,Blood,tank,Arygos
1284,330.1,308092000,10,Mists of Tirna Scithe,2024-11-19T15:51:37.000Z,1383208,1890999,2,"Xal'atath's Bargain: Ascendant, Tyrannical, Challenger's Peril, Fortified",Aspen,Demon Hunter,Havoc,dps,Arygos
1284,330.1,308092000,10,Mists of Tirna Scithe,2024-11-19T15:51:37.000Z,1383208,1890999,2,"Xal'atath's Bargain: Ascendant, Tyrannical, Challenger's Peril, Fortified",多隆,Death Knight,Frost,dps,Arygos
1285,330.1,308296280,10,Mists of Tirna Scithe,2024-11-20T13:28:20.000Z,1383237,1890999,2,"Xal'atath's Bargain: Ascendant, Tyrannical, Challenger's Peril, Fortified",筆氏惡魔獵人,Demon Hunter,Havoc,dps,Arthas
1285,330.1,308296280,10,Mists of Tirna Scithe,2024-11-20T13:28:20.000Z,1383237,1890999,2,"Xal'atath's Bargain: Ascendant, Tyrannical, Challenger's Peril, Fortified",紫色巨峰,Shaman,Enhancement,dps,Arthas
1285,330.1,308296280,10,Mists of Tirna Scithe,2024-11-20T13:28:20.000Z,1383237,1890999,2,"Xal'atath's Bargain: Ascendant, Tyrannical, Challenger's Peril, Fortified",薇妮,Evoker,Preservation,healer,Light's Hope
1285,330.1,308296280,10,Mists of Tirna Scithe,2024-11-20T13:28:20.000Z,1383237,1890999,2,"Xal'atath's Bargain: Ascendant, Tyrannical, Challenger's Peril, Fortified",羽月間諜,Warrior,Protection,tank,Dragonmaw
1285,330.1,308296280,10,Mists of Tirna Scithe,2024-11-20T13:28:20.000Z,1383237,1890999,2,"Xal'atath's Bargain: Ascendant, Tyrannical, Challenger's Peril, Fortified",耳龍,Warlock,Demonology,dps,Dragonmaw
1286,330.1,293867671,10,Mists of Tirna Scithe,2024-09-21T15:14:33.000Z,1383363,1890999,2,"Xal'atath's Bargain: Ascendant, Tyrannical, Challenger's Peril, Fortified",挖咖摸多,Death Knight,Blood,tank,Arygos
1286,330.1,293867671,10,Mists of Tirna Scithe,2024-09-21T15:14:33.000Z,1383363,1890999,2,"Xal'atath's Bargain: Ascendant, Tyrannical, Challenger's Peril, Fortified",Holyfish,Druid,Balance,dps,Arygos
1286,330.1,293867671,10,Mists of Tirna Scithe,2024-09-21T15:14:33.000Z,1383363,1890999,2,"Xal'atath's Bargain: Ascendant, Tyrannical, Challenger's Peril, Fortified",Jjay,Rogue,Outlaw,dps,Arygos
1286,330.1,293867671,10,Mists of Tirna Scithe,2024-09-21T15:14:33.000Z,1383363,1890999,2,"Xal'atath's Bargain: Ascendant, Tyrannical, Challenger's Peril, Fortified",波霸鮮奶奶,Warlock,Destruction,dps,Dragonmaw
1286,330.1,293867671,10,Mists of Tirna Scithe,2024-09-21T15:14:33.000Z,1383363,1890999,2,"Xal'atath's Bargain: Ascendant, Tyrannical, Challenger's Peril, Fortified",小飛龍丘比,Evoker,Preservation,healer,Arygos
1287,330.1,303258906,10,Mists of Tirna Scithe,2024-10-27T18:53:51.000Z,1383514,1890999,2,"Xal'atath's Bargain: Ascendant, Fortified, Challenger's Peril, Tyrannical",一銀絲卷一,Monk,Mistweaver,healer,Shadowmoon
1287,330.1,303258906,10,Mists of Tirna Scithe,2024-10-27T18:53:51.000Z,1383514,1890999,2,"Xal'atath's Bargain: Ascendant, Fortified, Challenger's Peril, Tyrannical",萌兔,Warlock,Demonology,dps,Shadowmoon
1287,330.1,303258906,10,Mists of Tirna Scithe,2024-10-27T18:53:51.000Z,1383514,1890999,2,"Xal'atath's Bargain: Ascendant, Fortified, Challenger's Peril, Tyrannical",彗皇貴妃娘娘,Priest,Shadow,dps,Silverwing Hold
1287,330.1,303258906,10,Mists of Tirna Scithe,2024-10-27T18:53:51.000Z,1383514,1890999,2,"Xal'atath's Bargain: Ascendant, Fortified, Challenger's Peril, Tyrannical",飄飄鼠,Mage,Frost,dps,Shadowmoon
1287,330.1,303258906,10,Mists of Tirna Scithe,2024-10-27T18:53:51.000Z,1383514,1890999,2,"Xal'atath's Bargain: Ascendant, Fortified, Challenger's Peril, Tyrannical",還我寂寞盛夏,Death Knight,Blood,tank,Shadowmoon
1288,330.1,308304661,10,Mists of Tirna Scithe,2024-11-20T17:11:39.000Z,1383707,1890999,2,"Xal'atath's Bargain: Ascendant, Tyrannical, Challenger's Peril, Fortified",Srocyrt,Shaman,Elemental,dps,Wrathbringer
1288,330.1,308304661,10,Mists of Tirna Scithe,2024-11-20T17:11:39.000Z,1383707,1890999,2,"Xal'atath's Bargain: Ascendant, Tyrannical, Challenger's Peril, Fortified",四宮同學,Death Knight,Frost,dps,Wrathbringer
1288,330.1,308304661,10,Mists of Tirna Scithe,2024-11-20T17:11:39.000Z,1383707,1890999,2,"Xal'atath's Bargain: Ascendant, Tyrannical, Challenger's Peril, Fortified",小辣河粉,Shaman,Restoration,healer,Wrathbringer
1288,330.1,308304661,10,Mists of Tirna Scithe,2024-11-20T17:11:39.000Z,1383707,1890999,2,"Xal'atath's Bargain: Ascendant, Tyrannical, Challenger's Peril, Fortified",Wikipedia,Hunter,Beast Mastery,dps,Arthas
1288,330.1,308304661,10,Mists of Tirna Scithe,2024-11-20T17:11:39.000Z,1383707,1890999,2,"Xal'atath's Bargain: Ascendant, Tyrannical, Challenger's Peril, Fortified",別摸魚,Paladin,Protection,tank,Wrathbringer
1289,330.1,307285567,10,Mists of Tirna Scithe,2024-11-15T07:49:27.000Z,1383823,1890999,2,"Xal'atath's Bargain: Ascendant, Tyrannical, Challenger's Peril, Fortified",Dyinglight,Paladin,Protection,tank,Nightsong
1289,330.1,307285567,10,Mists of Tirna Scithe,2024-11-15T07:49:27.000Z,1383823,1890999,2,"Xal'atath's Bargain: Ascendant, Tyrannical, Challenger's Peril, Fortified",Osginee,Priest,Discipline,healer,Chillwind Point
1289,330.1,307285567,10,Mists of Tirna Scithe,2024-11-15T07:49:27.000Z,1383823,1890999,2,"Xal'atath's Bargain: Ascendant, Tyrannical, Challenger's Peril, Fortified",Silencevoice,Demon Hunter,Havoc,dps,Shadowmoon
1289,330.1,307285567,10,Mists of Tirna Scithe,2024-11-15T07:49:27.000Z,1383823,1890999,2,"Xal'atath's Bargain: Ascendant, Tyrannical, Challenger's Peril, Fortified",Diebillybird,Death Knight,Frost,dps,Spirestone
1289,330.1,307285567,10,Mists of Tirna Scithe,2024-11-15T07:49:27.000Z,1383823,1890999,2,"Xal'atath's Bargain: Ascendant, Tyrannical, Challenger's Peril, Fortified",圓碌碌,Shaman,Enhancement,dps,Wrathbringer
1290,330.1,308076877,10,Mists of Tirna Scithe,2024-11-19T13:58:45.000Z,1384011,1890999,2,"Xal'atath's Bargain: Ascendant, Tyrannical, Challenger's Peril, Fortified",墨蕉-74943382,Mage,Frost,dps,Shadowmoon
1290,330.1,308076877,10,Mists of Tirna Scithe,2024-11-19T13:58:45.000Z,1384011,1890999,2,"Xal'atath's Bargain: Ascendant, Tyrannical, Challenger's Peril, Fortified",阿瑞斯之願,Paladin,Protection,tank,Whisperwind
1290,330.1,308076877,10,Mists of Tirna Scithe,2024-11-19T13:58:45.000Z,1384011,1890999,2,"Xal'atath's Bargain: Ascendant, Tyrannical, Challenger's Peril, Fortified",Ultima,Priest,Holy,healer,Shadowmoon
1290,330.1,308076877,10,Mists of Tirna Scithe,2024-11-19T13:58:45.000Z,1384011,1890999,2,"Xal'atath's Bargain: Ascendant, Tyrannical, Challenger's Peril, Fortified",Lucifersmael,Demon Hunter,Havoc,dps,Arthas
1290,330.1,308076877,10,Mists of Tirna Scithe,2024-11-19T13:58:45.000Z,1384011,1890999,2,"Xal'atath's Bargain: Ascendant, Tyrannical, Challenger's Peril, Fortified",銀影清沐,Paladin,Retribution,dps,Shadowmoon
1291,330.1,303634187,10,Mists of Tirna Scithe,2024-10-29T04:55:41.000Z,1384127,1890999,2,"Xal'atath's Bargain: Ascendant, Fortified, Challenger's Peril, Tyrannical",Wayneiia,Death Knight,Frost,dps,Quel'dorei
1291,330.1,303634187,10,Mists of Tirna Scithe,2024-10-29T04:55:41.000Z,1384127,1890999,2,"Xal'atath's Bargain: Ascendant, Fortified, Challenger's Peril, Tyrannical",小箏鳥,Druid,Restoration,healer,Shadowmoon
1291,330.1,303634187,10,Mists of Tirna Scithe,2024-10-29T04:55:41.000Z,1384127,1890999,2,"Xal'atath's Bargain: Ascendant, Fortified, Challenger's Peril, Tyrannical",一香雪海一,Hunter,Beast Mastery,dps,Chillwind Point
1291,330.1,303634187,10,Mists of Tirna Scithe,2024-10-29T04:55:41.000Z,1384127,1890999,2,"Xal'atath's Bargain: Ascendant, Fortified, Challenger's Peril, Tyrannical",Mugenmage,Mage,Fire,dps,Silverwing Hold
1291,330.1,303634187,10,Mists of Tirna Scithe,2024-10-29T04:55:41.000Z,1384127,1890999,2,"Xal'atath's Bargain: Ascendant, Fortified, Challenger's Peril, Tyrannical",霜晴月,Paladin,Protection,tank,Sundown Marsh
1292,330,293653911,10,Mists of Tirna Scithe,2024-09-21T04:18:23.000Z,1384561,1890999,2,"Xal'atath's Bargain: Ascendant, Tyrannical, Challenger's Peril, Fortified",新生聖光,Paladin,Holy,healer,Stormscale
1292,330,293653911,10,Mists of Tirna Scithe,2024-09-21T04:18:23.000Z,1384561,1890999,2,"Xal'atath's Bargain: Ascendant, Tyrannical, Challenger's Peril, Fortified",乂平心靜氣乂,Hunter,Marksmanship,dps,Nightsong
1292,330,293653911,10,Mists of Tirna Scithe,2024-09-21T04:18:23.000Z,1384561,1890999,2,"Xal'atath's Bargain: Ascendant, Tyrannical, Challenger's Peril, Fortified",Jjay,Rogue,Outlaw,dps,Arygos
1292,330,293653911,10,Mists of Tirna Scithe,2024-09-21T04:18:23.000Z,1384561,1890999,2,"Xal'atath's Bargain: Ascendant, Tyrannical, Challenger's Peril, Fortified",波霸鮮奶奶,Warlock,Destruction,dps,Dragonmaw
1292,330,293653911,10,Mists of Tirna Scithe,2024-09-21T04:18:23.000Z,1384561,1890999,2,"Xal'atath's Bargain: Ascendant, Tyrannical, Challenger's Peril, Fortified",我不吃牛肉,Warrior,Protection,tank,Stormscale
1293,330,307178046,10,Mists of Tirna Scithe,2024-11-14T16:37:21.000Z,1384726,1890999,2,"Xal'atath's Bargain: Ascendant, Tyrannical, Challenger's Peril, Fortified",乂血月乂,Paladin,Retribution,dps,Quel'dorei
1293,330,307178046,10,Mists of Tirna Scithe,2024-11-14T16:37:21.000Z,1384726,1890999,2,"Xal'atath's Bargain: Ascendant, Tyrannical, Challenger's Peril, Fortified",夢白,Paladin,Protection,tank,Crystalpine Stinger
1293,330,307178046,10,Mists of Tirna Scithe,2024-11-14T16:37:21.000Z,1384726,1890999,2,"Xal'atath's Bargain: Ascendant, Tyrannical, Challenger's Peril, Fortified",Riani,Mage,Fire,dps,Crystalpine Stinger
1293,330,307178046,10,Mists of Tirna Scithe,2024-11-14T16:37:21.000Z,1384726,1890999,2,"Xal'atath's Bargain: Ascendant, Tyrannical, Challenger's Peril, Fortified",大耳喵,Death Knight,Frost,dps,Crystalpine Stinger
1293,330,307178046,10,Mists of Tirna Scithe,2024-11-14T16:37:21.000Z,1384726,1890999,2,"Xal'atath's Bargain: Ascendant, Tyrannical, Challenger's Peril, Fortified",眼底丶,Priest,Discipline,healer,Icecrown
1294,330,307506987,10,Mists of Tirna Scithe,2024-11-16T14:27:30.000Z,1384998,1890999,2,"Xal'atath's Bargain: Ascendant, Tyrannical, Challenger's Peril, Fortified",那裏好癢,Druid,Guardian,tank,Whisperwind
1294,330,307506987,10,Mists of Tirna Scithe,2024-11-16T14:27:30.000Z,1384998,1890999,2,"Xal'atath's Bargain: Ascendant, Tyrannical, Challenger's Peril, Fortified",Bbqo,Mage,Frost,dps,Crystalpine Stinger
1294,330,307506987,10,Mists of Tirna Scithe,2024-11-16T14:27:30.000Z,1384998,1890999,2,"Xal'atath's Bargain: Ascendant, Tyrannical, Challenger's Peril, Fortified",願元素不理你,Shaman,Elemental,dps,Crystalpine Stinger
1294,330,307506987,10,Mists of Tirna Scithe,2024-11-16T14:27:30.000Z,1384998,1890999,2,"Xal'atath's Bargain: Ascendant, Tyrannical, Challenger's Peril, Fortified",龍骨科比比,Druid,Restoration,healer,Shadowmoon
1294,330,307506987,10,Mists of Tirna Scithe,2024-11-16T14:27:30.000Z,1384998,1890999,2,"Xal'atath's Bargain: Ascendant, Tyrannical, Challenger's Peril, Fortified",淘卡小巴瑞,Mage,Frost,dps,Nightsong
1295,330,307439737,10,Mists of Tirna Scithe,2024-11-16T03:24:48.000Z,1385047,1890999,2,"Xal'atath's Bargain: Ascendant, Tyrannical, Challenger's Peril, Fortified",一拳超入,Monk,Mistweaver,healer,Dragonmaw
1295,330,307439737,10,Mists of Tirna Scithe,2024-11-16T03:24:48.000Z,1385047,1890999,2,"Xal'atath's Bargain: Ascendant, Tyrannical, Challenger's Peril, Fortified",妡甯,Priest,Shadow,dps,Skywall
1295,330,307439737,10,Mists of Tirna Scithe,2024-11-16T03:24:48.000Z,1385047,1890999,2,"Xal'atath's Bargain: Ascendant, Tyrannical, Challenger's Peril, Fortified",亞努修特,Paladin,Protection,tank,Zealot Blade
1295,330,307439737,10,Mists of Tirna Scithe,2024-11-16T03:24:48.000Z,1385047,1890999,2,"Xal'atath's Bargain: Ascendant, Tyrannical, Challenger's Peril, Fortified",春泥,Death Knight,Unholy,dps,Shadowmoon
1295,330,307439737,10,Mists of Tirna Scithe,2024-11-16T03:24:48.000Z,1385047,1890999,2,"Xal'atath's Bargain: Ascendant, Tyrannical, Challenger's Peril, Fortified",赫克林,Death Knight,Unholy,dps,Silverwing Hold
1296,330,307522032,10,Mists of Tirna Scithe,2024-11-16T15:44:29.000Z,1385240,1890999,2,"Xal'atath's Bargain: Ascendant, Tyrannical, Challenger's Peril, Fortified",Coinstank,Monk,Mistweaver,healer,Bleeding Hollow
1296,330,307522032,10,Mists of Tirna Scithe,2024-11-16T15:44:29.000Z,1385240,1890999,2,"Xal'atath's Bargain: Ascendant, Tyrannical, Challenger's Peril, Fortified",普莉希菈,Shaman,Elemental,dps,Menethil
1296,330,307522032,10,Mists of Tirna Scithe,2024-11-16T15:44:29.000Z,1385240,1890999,2,"Xal'atath's Bargain: Ascendant, Tyrannical, Challenger's Peril, Fortified",老跳,Death Knight,Frost,dps,Bleeding Hollow
1296,330,307522032,10,Mists of Tirna Scithe,2024-11-16T15:44:29.000Z,1385240,1890999,2,"Xal'atath's Bargain: Ascendant, Tyrannical, Challenger's Peril, Fortified",Anon671ECE2,Hunter,Beast Mastery,dps,Anonymous
1296,330,307522032,10,Mists of Tirna Scithe,2024-11-16T15:44:29.000Z,1385240,1890999,2,"Xal'atath's Bargain: Ascendant, Tyrannical, Challenger's Peril, Fortified",Rhipidurus,Warrior,Protection,tank,Nightsong
1297,330,303138437,10,Mists of Tirna Scithe,2024-10-27T07:42:01.000Z,1385241,1890999,2,"Xal'atath's Bargain: Ascendant, Fortified, Challenger's Peril, Tyrannical",獨酌飲月,Priest,Discipline,healer,Dragonmaw
1297,330,303138437,10,Mists of Tirna Scithe,2024-10-27T07:42:01.000Z,1385241,1890999,2,"Xal'atath's Bargain: Ascendant, Fortified, Challenger's Peril, Tyrannical",卡菈米媞,Warrior,Arms,dps,Chillwind Point
1297,330,303138437,10,Mists of Tirna Scithe,2024-10-27T07:42:01.000Z,1385241,1890999,2,"Xal'atath's Bargain: Ascendant, Fortified, Challenger's Peril, Tyrannical",在火九方,Monk,Windwalker,dps,Spirestone
1297,330,303138437,10,Mists of Tirna Scithe,2024-10-27T07:42:01.000Z,1385241,1890999,2,"Xal'atath's Bargain: Ascendant, Fortified, Challenger's Peril, Tyrannical",琉諾伊布奇,Evoker,Augmentation,dps,Crystalpine Stinger
1297,330,303138437,10,Mists of Tirna Scithe,2024-10-27T07:42:01.000Z,1385241,1890999,2,"Xal'atath's Bargain: Ascendant, Fortified, Challenger's Peril, Tyrannical",溫刀謀狼,Druid,Guardian,tank,Chillwind Point
1298,330,307157647,10,Mists of Tirna Scithe,2024-11-14T13:48:56.000Z,1385394,1890999,2,"Xal'atath's Bargain: Ascendant, Tyrannical, Challenger's Peril, Fortified",雷卡納,Priest,Discipline,healer,World Tree
1298,330,307157647,10,Mists of Tirna Scithe,2024-11-14T13:48:56.000Z,1385394,1890999,2,"Xal'atath's Bargain: Ascendant, Tyrannical, Challenger's Peril, Fortified",躊躇,Shaman,Enhancement,dps,World Tree
1298,330,307157647,10,Mists of Tirna Scithe,2024-11-14T13:48:56.000Z,1385394,1890999,2,"Xal'atath's Bargain: Ascendant, Tyrannical, Challenger's Peril, Fortified",Documnet,Paladin,Protection,tank,World Tree
1298,330,307157647,10,Mists of Tirna Scithe,2024-11-14T13:48:56.000Z,1385394,1890999,2,"Xal'atath's Bargain: Ascendant, Tyrannical, Challenger's Peril, Fortified",某個人,Shaman,Elemental,dps,Sundown Marsh
1298,330,307157647,10,Mists of Tirna Scithe,2024-11-14T13:48:56.000Z,1385394,1890999,2,"Xal'atath's Bargain: Ascendant, Tyrannical, Challenger's Peril, Fortified",培根嘎火腿,Rogue,Assassination,dps,Frostmane
1299,330,308362755,10,Mists of Tirna Scithe,2024-11-20T18:22:25.000Z,1386320,1890999,2,"Xal'atath's Bargain: Ascendant, Tyrannical, Challenger's Peril, Fortified",托小比,Shaman,Restoration,healer,Nightsong
1299,330,308362755,10,Mists of Tirna Scithe,2024-11-20T18:22:25.000Z,1386320,1890999,2,"Xal'atath's Bargain: Ascendant, Tyrannical, Challenger's Peril, Fortified",護理之光,Paladin,Retribution,dps,Quel'dorei
1299,330,308362755,10,Mists of Tirna Scithe,2024-11-20T18:22:25.000Z,1386320,1890999,2,"Xal'atath's Bargain: Ascendant, Tyrannical, Challenger's Peril, Fortified",阿祁,Death Knight,Blood,tank,Arthas
1299,330,308362755,10,Mists of Tirna Scithe,2024-11-20T18:22:25.000Z,1386320,1890999,2,"Xal'atath's Bargain: Ascendant, Tyrannical, Challenger's Peril, Fortified",一貓太一,Hunter,Survival,dps,Sundown Marsh
1299,330,308362755,10,Mists of Tirna Scithe,2024-11-20T18:22:25.000Z,1386320,1890999,2,"Xal'atath's Bargain: Ascendant, Tyrannical, Challenger's Peril, Fortified",小卷次子,Mage,Frost,dps,Whisperwind
1300,330,307910637,10,Mists of Tirna Scithe,2024-11-18T14:13:15.000Z,1386476,1890999,2,"Xal'atath's Bargain: Ascendant, Tyrannical, Challenger's Peril, Fortified",桂香茶葉蛋,Mage,Arcane,dps,Whisperwind
1300,330,307910637,10,Mists of Tirna Scithe,2024-11-18T14:13:15.000Z,1386476,1890999,2,"Xal'atath's Bargain: Ascendant, Tyrannical, Challenger's Peril, Fortified",菜刀戰歌,Warrior,Protection,tank,Chillwind Point
1300,330,307910637,10,Mists of Tirna Scithe,2024-11-18T14:13:15.000Z,1386476,1890999,2,"Xal'atath's Bargain: Ascendant, Tyrannical, Challenger's Peril, Fortified",Garuruworgen,Warrior,Fury,dps,Shadowmoon
1300,330,307910637,10,Mists of Tirna Scithe,2024-11-18T14:13:15.000Z,1386476,1890999,2,"Xal'atath's Bargain: Ascendant, Tyrannical, Challenger's Peril, Fortified",回春真的拉,Paladin,Retribution,dps,Shadowmoon
1300,330,307910637,10,Mists of Tirna Scithe,2024-11-18T14:13:15.000Z,1386476,1890999,2,"Xal'atath's Bargain: Ascendant, Tyrannical, Challenger's Peril, Fortified",苗苗和萌萌,Monk,Mistweaver,healer,Stormscale
1301,330,307133650,10,Mists of Tirna Scithe,2024-11-14T08:20:35.000Z,1386637,1890999,2,"Xal'atath's Bargain: Ascendant, Tyrannical, Challenger's Peril, Fortified",米果醬,Priest,Holy,healer,Crystalpine Stinger
1301,330,307133650,10,Mists of Tirna Scithe,2024-11-14T08:20:35.000Z,1386637,1890999,2,"Xal'atath's Bargain: Ascendant, Tyrannical, Challenger's Peril, Fortified",聖虧歧視,Paladin,Retribution,dps,Sundown Marsh
1301,330,307133650,10,Mists of Tirna Scithe,2024-11-14T08:20:35.000Z,1386637,1890999,2,"Xal'atath's Bargain: Ascendant, Tyrannical, Challenger's Peril, Fortified",龍嵐悠雨,Shaman,Elemental,dps,Chillwind Point
1301,330,307133650,10,Mists of Tirna Scithe,2024-11-14T08:20:35.000Z,1386637,1890999,2,"Xal'atath's Bargain: Ascendant, Tyrannical, Challenger's Peril, Fortified",Rave,Warrior,Fury,dps,Spirestone
1301,330,307133650,10,Mists of Tirna Scithe,2024-11-14T08:20:35.000Z,1386637,1890999,2,"Xal'atath's Bargain: Ascendant, Tyrannical, Challenger's Peril, Fortified",卡米莉亞,Demon Hunter,Vengeance,tank,Crystalpine Stinger
1302,330,307900980,10,Mists of Tirna Scithe,2024-11-18T12:45:14.000Z,1386673,1890999,2,"Xal'atath's Bargain: Ascendant, Tyrannical, Challenger's Peril, Fortified",羅德菲斯,Paladin,Retribution,dps,Hellscream
1302,330,307900980,10,Mists of Tirna Scithe,2024-11-18T12:45:14.000Z,1386673,1890999,2,"Xal'atath's Bargain: Ascendant, Tyrannical, Challenger's Peril, Fortified",不會恐懼,Warlock,Destruction,dps,Hellscream
1302,330,307900980,10,Mists of Tirna Scithe,2024-11-18T12:45:14.000Z,1386673,1890999,2,"Xal'atath's Bargain: Ascendant, Tyrannical, Challenger's Peril, Fortified",多莉貓,Paladin,Protection,tank,Skywall
1302,330,307900980,10,Mists of Tirna Scithe,2024-11-18T12:45:14.000Z,1386673,1890999,2,"Xal'atath's Bargain: Ascendant, Tyrannical, Challenger's Peril, Fortified",浵笙驁風,Evoker,Preservation,healer,Quel'dorei
1302,330,307900980,10,Mists of Tirna Scithe,2024-11-18T12:45:14.000Z,1386673,1890999,2,"Xal'atath's Bargain: Ascendant, Tyrannical, Challenger's Peril, Fortified",八月湘,Hunter,Beast Mastery,dps,Hellscream
1303,330,303202447,10,Mists of Tirna Scithe,2024-10-27T15:19:27.000Z,1387072,1890999,2,"Xal'atath's Bargain: Ascendant, Fortified, Challenger's Peril, Tyrannical",Qbgagatata,Death Knight,Frost,dps,Shadowmoon
1303,330,303202447,10,Mists of Tirna Scithe,2024-10-27T15:19:27.000Z,1387072,1890999,2,"Xal'atath's Bargain: Ascendant, Fortified, Challenger's Peril, Tyrannical",Cokecola,Paladin,Protection,tank,Stormscale
1303,330,303202447,10,Mists of Tirna Scithe,2024-10-27T15:19:27.000Z,1387072,1890999,2,"Xal'atath's Bargain: Ascendant, Fortified, Challenger's Peril, Tyrannical",七期陳老爺,Warlock,Demonology,dps,Frostmane
1303,330,303202447,10,Mists of Tirna Scithe,2024-10-27T15:19:27.000Z,1387072,1890999,2,"Xal'atath's Bargain: Ascendant, Fortified, Challenger's Peril, Tyrannical",情勒大將軍,Warrior,Fury,dps,Shadowmoon
1303,330,303202447,10,Mists of Tirna Scithe,2024-10-27T15:19:27.000Z,1387072,1890999,2,"Xal'atath's Bargain: Ascendant, Fortified, Challenger's Peril, Tyrannical",輕重量寶貝,Shaman,Restoration,healer,Stormscale
1304,330,308437935,10,Mists of Tirna Scithe,2024-11-20T14:30:24.000Z,1387148,1890999,2,"Xal'atath's Bargain: Ascendant, Tyrannical, Challenger's Peril, Fortified",艾維斯,Warrior,Fury,dps,Skywall
1304,330,308437935,10,Mists of Tirna Scithe,2024-11-20T14:30:24.000Z,1387148,1890999,2,"Xal'atath's Bargain: Ascendant, Tyrannical, Challenger's Peril, Fortified",植物奶,Druid,Restoration,healer,Light's Hope
1304,330,308437935,10,Mists of Tirna Scithe,2024-11-20T14:30:24.000Z,1387148,1890999,2,"Xal'atath's Bargain: Ascendant, Tyrannical, Challenger's Peril, Fortified",森林女優,Druid,Guardian,tank,Light's Hope
1304,330,308437935,10,Mists of Tirna Scithe,2024-11-20T14:30:24.000Z,1387148,1890999,2,"Xal'atath's Bargain: Ascendant, Tyrannical, Challenger's Peril, Fortified",Deldy,Evoker,Devastation,dps,Light's Hope
1304,330,308437935,10,Mists of Tirna Scithe,2024-11-20T14:30:24.000Z,1387148,1890999,2,"Xal'atath's Bargain: Ascendant, Tyrannical, Challenger's Peril, Fortified",波大牌撒嬌鬼,Shaman,Elemental,dps,Bleeding Hollow
1305,330,303801498,10,Mists of Tirna Scithe,2024-10-29T16:49:30.000Z,1387306,1890999,2,"Xal'atath's Bargain: Ascendant, Fortified, Challenger's Peril, Tyrannical",Lastray,Priest,Shadow,dps,Hellscream
1305,330,303801498,10,Mists of Tirna Scithe,2024-10-29T16:49:30.000Z,1387306,1890999,2,"Xal'atath's Bargain: Ascendant, Fortified, Challenger's Peril, Tyrannical",Starback,Hunter,Beast Mastery,dps,Hellscream
1305,330,303801498,10,Mists of Tirna Scithe,2024-10-29T16:49:30.000Z,1387306,1890999,2,"Xal'atath's Bargain: Ascendant, Fortified, Challenger's Peril, Tyrannical",超瑟瑟咩噗,Death Knight,Unholy,dps,Arthas
1305,330,303801498,10,Mists of Tirna Scithe,2024-10-29T16:49:30.000Z,1387306,1890999,2,"Xal'atath's Bargain: Ascendant, Fortified, Challenger's Peril, Tyrannical",Minicoopor,Warrior,Protection,tank,Zealot Blade
1305,330,303801498,10,Mists of Tirna Scithe,2024-10-29T16:49:30.000Z,1387306,1890999,2,"Xal'atath's Bargain: Ascendant, Fortified, Challenger's Peril, Tyrannical",Tairitsu,Monk,Mistweaver,healer,Quel'dorei
1306,330,307309455,10,Mists of Tirna Scithe,2024-11-15T12:50:41.000Z,1387553,1890999,2,"Xal'atath's Bargain: Ascendant, Tyrannical, Challenger's Peril, Fortified",冰若顏,Priest,Holy,healer,Demon Fall Canyon
1306,330,307309455,10,Mists of Tirna Scithe,2024-11-15T12:50:41.000Z,1387553,1890999,2,"Xal'atath's Bargain: Ascendant, Tyrannical, Challenger's Peril, Fortified",愿醉不複醒,Warrior,Protection,tank,Arthas
1306,330,307309455,10,Mists of Tirna Scithe,2024-11-15T12:50:41.000Z,1387553,1890999,2,"Xal'atath's Bargain: Ascendant, Tyrannical, Challenger's Peril, Fortified",亞魯涅斯,Mage,Frost,dps,Shadowmoon
1306,330,307309455,10,Mists of Tirna Scithe,2024-11-15T12:50:41.000Z,1387553,1890999,2,"Xal'atath's Bargain: Ascendant, Tyrannical, Challenger's Peril, Fortified",紅幹,Paladin,Retribution,dps,Wrathbringer
1306,330,307309455,10,Mists of Tirna Scithe,2024-11-15T12:50:41.000Z,1387553,1890999,2,"Xal'atath's Bargain: Ascendant, Tyrannical, Challenger's Peril, Fortified",丐幫弟子,Hunter,Beast Mastery,dps,Wrathbringer
1307,330,303878122,10,Mists of Tirna Scithe,2024-10-30T18:07:41.000Z,1387679,1890999,2,"Xal'atath's Bargain: Ascendant, Fortified, Challenger's Peril, Tyrannical",超究魔壽司,Warlock,Demonology,dps,Crystalpine Stinger
1307,330,303878122,10,Mists of Tirna Scithe,2024-10-30T18:07:41.000Z,1387679,1890999,2,"Xal'atath's Bargain: Ascendant, Fortified, Challenger's Peril, Tyrannical",芮雅,Priest,Holy,healer,Crystalpine Stinger
1307,330,303878122,10,Mists of Tirna Scithe,2024-10-30T18:07:41.000Z,1387679,1890999,2,"Xal'atath's Bargain: Ascendant, Fortified, Challenger's Peril, Tyrannical",花夜秋雨,Druid,Balance,dps,Crystalpine Stinger
1307,330,303878122,10,Mists of Tirna Scithe,2024-10-30T18:07:41.000Z,1387679,1890999,2,"Xal'atath's Bargain: Ascendant, Fortified, Challenger's Peril, Tyrannical",唉唷,Warrior,Protection,tank,Crystalpine Stinger
1307,330,303878122,10,Mists of Tirna Scithe,2024-10-30T18:07:41.000Z,1387679,1890999,2,"Xal'atath's Bargain: Ascendant, Fortified, Challenger's Peril, Tyrannical",Lchshaman,Shaman,Elemental,dps,Nightsong
1308,330,303608509,10,Mists of Tirna Scithe,2024-10-29T10:22:48.000Z,1387853,1890999,2,"Xal'atath's Bargain: Ascendant, Fortified, Challenger's Peril, Tyrannical",麥薩德爾,Mage,Frost,dps,Crystalpine Stinger
1308,330,303608509,10,Mists of Tirna Scithe,2024-10-29T10:22:48.000Z,1387853,1890999,2,"Xal'atath's Bargain: Ascendant, Fortified, Challenger's Peril, Tyrannical",漂泊旅人,Demon Hunter,Vengeance,tank,Sundown Marsh
1308,330,303608509,10,Mists of Tirna Scithe,2024-10-29T10:22:48.000Z,1387853,1890999,2,"Xal'atath's Bargain: Ascendant, Fortified, Challenger's Peril, Tyrannical",攜君望明月,Shaman,Restoration,healer,Bleeding Hollow
1308,330,303608509,10,Mists of Tirna Scithe,2024-10-29T10:22:48.000Z,1387853,1890999,2,"Xal'atath's Bargain: Ascendant, Fortified, Challenger's Peril, Tyrannical",阿希爾,Paladin,Retribution,dps,Quel'dorei
1308,330,303608509,10,Mists of Tirna Scithe,2024-10-29T10:22:48.000Z,1387853,1890999,2,"Xal'atath's Bargain: Ascendant, Fortified, Challenger's Peril, Tyrannical",熊咪,Death Knight,Frost,dps,Bleeding Hollow
1309,330,302712862,10,Mists of Tirna Scithe,2024-10-25T17:32:01.000Z,1388378,1890999,2,"Xal'atath's Bargain: Ascendant, Fortified, Challenger's Peril, Tyrannical",巴士光年,Demon Hunter,Havoc,dps,Shadowmoon
1309,330,302712862,10,Mists of Tirna Scithe,2024-10-25T17:32:01.000Z,1388378,1890999,2,"Xal'atath's Bargain: Ascendant, Fortified, Challenger's Peril, Tyrannical",Linga,Shaman,Restoration,healer,Quel'dorei
1309,330,302712862,10,Mists of Tirna Scithe,2024-10-25T17:32:01.000Z,1388378,1890999,2,"Xal'atath's Bargain: Ascendant, Fortified, Challenger's Peril, Tyrannical",奧麗給,Warrior,Protection,tank,Whisperwind
1309,330,302712862,10,Mists of Tirna Scithe,2024-10-25T17:32:01.000Z,1388378,1890999,2,"Xal'atath's Bargain: Ascendant, Fortified, Challenger's Peril, Tyrannical",歐欸,Death Knight,Frost,dps,Quel'dorei
1309,330,302712862,10,Mists of Tirna Scithe,2024-10-25T17:32:01.000Z,1388378,1890999,2,"Xal'atath's Bargain: Ascendant, Fortified, Challenger's Peril, Tyrannical",丸辣,Death Knight,Frost,dps,Shadowmoon
1310,330,303430763,10,Mists of Tirna Scithe,2024-10-28T12:18:01.000Z,1388512,1890999,2,"Xal'atath's Bargain: Ascendant, Fortified, Challenger's Peril, Tyrannical",坦撚過狗,Warrior,Protection,tank,Demon Fall Canyon
1310,330,303430763,10,Mists of Tirna Scithe,2024-10-28T12:18:01.000Z,1388512,1890999,2,"Xal'atath's Bargain: Ascendant, Fortified, Challenger's Peril, Tyrannical",兩年苦,Monk,Mistweaver,healer,Demon Fall Canyon
1310,330,303430763,10,Mists of Tirna Scithe,2024-10-28T12:18:01.000Z,1388512,1890999,2,"Xal'atath's Bargain: Ascendant, Fortified, Challenger's Peril, Tyrannical",咕菇固,Druid,Balance,dps,Demon Fall Canyon
1310,330,303430763,10,Mists of Tirna Scithe,2024-10-28T12:18:01.000Z,1388512,1890999,2,"Xal'atath's Bargain: Ascendant, Fortified, Challenger's Peril, Tyrannical",事後孔明,Demon Hunter,Havoc,dps,Demon Fall Canyon
1310,330,303430763,10,Mists of Tirna Scithe,2024-10-28T12:18:01.000Z,1388512,1890999,2,"Xal'atath's Bargain: Ascendant, Fortified, Challenger's Peril, Tyrannical",Bobsevenyou,Paladin,Retribution,dps,Wrathbringer
1311,330,302504327,10,Mists of Tirna Scithe,2024-10-24T16:05:49.000Z,1388758,1890999,2,"Xal'atath's Bargain: Ascendant, Fortified, Challenger's Peril, Tyrannical",哈茲卡析,Warlock,Affliction,dps,Nightsong
1311,330,302504327,10,Mists of Tirna Scithe,2024-10-24T16:05:49.000Z,1388758,1890999,2,"Xal'atath's Bargain: Ascendant, Fortified, Challenger's Peril, Tyrannical",Pong,Paladin,Protection,tank,Stormscale
1311,330,302504327,10,Mists of Tirna Scithe,2024-10-24T16:05:49.000Z,1388758,1890999,2,"Xal'atath's Bargain: Ascendant, Fortified, Challenger's Peril, Tyrannical",恐懼圖騰,Shaman,Enhancement,dps,Stormscale
1311,330,302504327,10,Mists of Tirna Scithe,2024-10-24T16:05:49.000Z,1388758,1890999,2,"Xal'atath's Bargain: Ascendant, Fortified, Challenger's Peril, Tyrannical",湫風,Priest,Discipline,healer,Stormscale
1311,330,302504327,10,Mists of Tirna Scithe,2024-10-24T16:05:49.000Z,1388758,1890999,2,"Xal'atath's Bargain: Ascendant, Fortified, Challenger's Peril, Tyrannical",火焰魔法師,Mage,Fire,dps,Stormscale
1312,329.9,302881625,10,Mists of Tirna Scithe,2024-10-26T08:55:00.000Z,1389601,1890999,2,"Xal'atath's Bargain: Ascendant, Fortified, Challenger's Peril, Tyrannical",哞哞小眼睛,Druid,Guardian,tank,Spirestone
1312,329.9,302881625,10,Mists of Tirna Scithe,2024-10-26T08:55:00.000Z,1389601,1890999,2,"Xal'atath's Bargain: Ascendant, Fortified, Challenger's Peril, Tyrannical",巴迪爾,Mage,Frost,dps,Whisperwind
1312,329.9,302881625,10,Mists of Tirna Scithe,2024-10-26T08:55:00.000Z,1389601,1890999,2,"Xal'atath's Bargain: Ascendant, Fortified, Challenger's Peril, Tyrannical",伊利蛋疼,Demon Hunter,Havoc,dps,Zealot Blade
1312,329.9,302881625,10,Mists of Tirna Scithe,2024-10-26T08:55:00.000Z,1389601,1890999,2,"Xal'atath's Bargain: Ascendant, Fortified, Challenger's Peril, Tyrannical",我還是阿逼,Druid,Restoration,healer,Chillwind Point
1312,329.9,302881625,10,Mists of Tirna Scithe,2024-10-26T08:55:00.000Z,1389601,1890999,2,"Xal'atath's Bargain: Ascendant, Fortified, Challenger's Peril, Tyrannical",笑死哈哈,Paladin,Retribution,dps,Frostmane
1313,329.9,302636508,10,Mists of Tirna Scithe,2024-10-25T08:31:50.000Z,1389838,1890999,2,"Xal'atath's Bargain: Ascendant, Fortified, Challenger's Peril, Tyrannical",花千黛,Priest,Holy,healer,Dragonmaw
1313,329.9,302636508,10,Mists of Tirna Scithe,2024-10-25T08:31:50.000Z,1389838,1890999,2,"Xal'atath's Bargain: Ascendant, Fortified, Challenger's Peril, Tyrannical",Dreamsouls,Demon Hunter,Vengeance,tank,World Tree
1313,329.9,302636508,10,Mists of Tirna Scithe,2024-10-25T08:31:50.000Z,1389838,1890999,2,"Xal'atath's Bargain: Ascendant, Fortified, Challenger's Peril, Tyrannical",Walkerss,Warlock,Demonology,dps,World Tree
1313,329.9,302636508,10,Mists of Tirna Scithe,2024-10-25T08:31:50.000Z,1389838,1890999,2,"Xal'atath's Bargain: Ascendant, Fortified, Challenger's Peril, Tyrannical",何天之衢,Death Knight,Unholy,dps,World Tree
1313,329.9,302636508,10,Mists of Tirna Scithe,2024-10-25T08:31:50.000Z,1389838,1890999,2,"Xal'atath's Bargain: Ascendant, Fortified, Challenger's Peril, Tyrannical",Jqlove,Mage,Arcane,dps,Wrathbringer
1314,329.9,303876466,10,Mists of Tirna Scithe,2024-10-30T18:09:07.000Z,1389936,1890999,2,"Xal'atath's Bargain: Ascendant, Fortified, Challenger's Peril, Tyrannical",丁熊,Mage,Arcane,dps,Crystalpine Stinger
1314,329.9,303876466,10,Mists of Tirna Scithe,2024-10-30T18:09:07.000Z,1389936,1890999,2,"Xal'atath's Bargain: Ascendant, Fortified, Challenger's Peril, Tyrannical",星輝,Priest,Discipline,healer,Shadowmoon
1314,329.9,303876466,10,Mists of Tirna Scithe,2024-10-30T18:09:07.000Z,1389936,1890999,2,"Xal'atath's Bargain: Ascendant, Fortified, Challenger's Peril, Tyrannical",月亮王子,Death Knight,Unholy,dps,Dragonmaw
1314,329.9,303876466,10,Mists of Tirna Scithe,2024-10-30T18:09:07.000Z,1389936,1890999,2,"Xal'atath's Bargain: Ascendant, Fortified, Challenger's Peril, Tyrannical",迷途阿戈利羊,Druid,Guardian,tank,Sundown Marsh
1314,329.9,303876466,10,Mists of Tirna Scithe,2024-10-30T18:09:07.000Z,1389936,1890999,2,"Xal'atath's Bargain: Ascendant, Fortified, Challenger's Peril, Tyrannical",融影者李奧,Rogue,Assassination,dps,Sundown Marsh
1315,329.9,307519051,10,Mists of Tirna Scithe,2024-11-16T15:08:25.000Z,1389945,1890999,2,"Xal'atath's Bargain: Ascendant, Tyrannical, Challenger's Peril, Fortified",乂嗶哩嗶哩乂,Shaman,Elemental,dps,Shadowmoon
1315,329.9,307519051,10,Mists of Tirna Scithe,2024-11-16T15:08:25.000Z,1389945,1890999,2,"Xal'atath's Bargain: Ascendant, Tyrannical, Challenger's Peril, Fortified",霏莉希亞,Priest,Discipline,healer,Shadowmoon
1315,329.9,307519051,10,Mists of Tirna Scithe,2024-11-16T15:08:25.000Z,1389945,1890999,2,"Xal'atath's Bargain: Ascendant, Tyrannical, Challenger's Peril, Fortified",钵钵猎,Hunter,Survival,dps,Whisperwind
1315,329.9,307519051,10,Mists of Tirna Scithe,2024-11-16T15:08:25.000Z,1389945,1890999,2,"Xal'atath's Bargain: Ascendant, Tyrannical, Challenger's Peril, Fortified",Mikasa,Paladin,Protection,tank,Whisperwind
1315,329.9,307519051,10,Mists of Tirna Scithe,2024-11-16T15:08:25.000Z,1389945,1890999,2,"Xal'atath's Bargain: Ascendant, Tyrannical, Challenger's Peril, Fortified",戀依茜茜,Shaman,Elemental,dps,Whisperwind
1316,329.9,307151375,10,Mists of Tirna Scithe,2024-11-14T12:37:56.000Z,1391456,1890999,2,"Xal'atath's Bargain: Ascendant, Tyrannical, Challenger's Peril, Fortified",低調就好,Demon Hunter,Vengeance,tank,Demon Fall Canyon
1316,329.9,307151375,10,Mists of Tirna Scithe,2024-11-14T12:37:56.000Z,1391456,1890999,2,"Xal'atath's Bargain: Ascendant, Tyrannical, Challenger's Peril, Fortified",盐一萨,Shaman,Restoration,healer,Spirestone
1316,329.9,307151375,10,Mists of Tirna Scithe,2024-11-14T12:37:56.000Z,1391456,1890999,2,"Xal'atath's Bargain: Ascendant, Tyrannical, Challenger's Peril, Fortified",無塵有影,Paladin,Retribution,dps,Wrathbringer
1316,329.9,307151375,10,Mists of Tirna Scithe,2024-11-14T12:37:56.000Z,1391456,1890999,2,"Xal'atath's Bargain: Ascendant, Tyrannical, Challenger's Peril, Fortified",圖騰雞,Shaman,Enhancement,dps,Stormscale
1316,329.9,307151375,10,Mists of Tirna Scithe,2024-11-14T12:37:56.000Z,1391456,1890999,2,"Xal'atath's Bargain: Ascendant, Tyrannical, Challenger's Peril, Fortified",屎王姿懿,Warlock,Destruction,dps,World Tree
1317,329.9,307733145,10,Mists of Tirna Scithe,2024-11-17T14:45:57.000Z,1391708,1890999,2,"Xal'atath's Bargain: Ascendant, Tyrannical, Challenger's Peril, Fortified",Courage,Shaman,Elemental,dps,Crystalpine Stinger
1317,329.9,307733145,10,Mists of Tirna Scithe,2024-11-17T14:45:57.000Z,1391708,1890999,2,"Xal'atath's Bargain: Ascendant, Tyrannical, Challenger's Peril, Fortified",Slighting,Shaman,Restoration,healer,Wrathbringer
1317,329.9,307733145,10,Mists of Tirna Scithe,2024-11-17T14:45:57.000Z,1391708,1890999,2,"Xal'atath's Bargain: Ascendant, Tyrannical, Challenger's Peril, Fortified",咒妮,Monk,Windwalker,dps,Wrathbringer
1317,329.9,307733145,10,Mists of Tirna Scithe,2024-11-17T14:45:57.000Z,1391708,1890999,2,"Xal'atath's Bargain: Ascendant, Tyrannical, Challenger's Peril, Fortified",不行,Demon Hunter,Vengeance,tank,Crystalpine Stinger
1317,329.9,307733145,10,Mists of Tirna Scithe,2024-11-17T14:45:57.000Z,1391708,1890999,2,"Xal'atath's Bargain: Ascendant, Tyrannical, Challenger's Peril, Fortified",Doom,Paladin,Retribution,dps,Sundown Marsh
1318,329.9,307670571,10,Mists of Tirna Scithe,2024-11-17T06:53:18.000Z,1392519,1890999,2,"Xal'atath's Bargain: Ascendant, Tyrannical, Challenger's Peril, Fortified",Kokomi,Death Knight,Blood,tank,World Tree
1318,329.9,307670571,10,Mists of Tirna Scithe,2024-11-17T06:53:18.000Z,1392519,1890999,2,"Xal'atath's Bargain: Ascendant, Tyrannical, Challenger's Peril, Fortified",呂夢生,Warlock,Demonology,dps,Crystalpine Stinger
1318,329.9,307670571,10,Mists of Tirna Scithe,2024-11-17T06:53:18.000Z,1392519,1890999,2,"Xal'atath's Bargain: Ascendant, Tyrannical, Challenger's Peril, Fortified",雪初晨,Paladin,Retribution,dps,Arygos
1318,329.9,307670571,10,Mists of Tirna Scithe,2024-11-17T06:53:18.000Z,1392519,1890999,2,"Xal'atath's Bargain: Ascendant, Tyrannical, Challenger's Peril, Fortified",蛋之哀傷,Death Knight,Frost,dps,World Tree
1318,329.9,307670571,10,Mists of Tirna Scithe,2024-11-17T06:53:18.000Z,1392519,1890999,2,"Xal'atath's Bargain: Ascendant, Tyrannical, Challenger's Peril, Fortified",噁心廢宅,Shaman,Restoration,healer,Skywall
1319,329.9,302508162,10,Mists of Tirna Scithe,2024-10-24T16:20:40.000Z,1392560,1890999,2,"Xal'atath's Bargain: Ascendant, Fortified, Challenger's Peril, Tyrannical",粉味香腸,Rogue,Outlaw,dps,Wrathbringer
1319,329.9,302508162,10,Mists of Tirna Scithe,2024-10-24T16:20:40.000Z,1392560,1890999,2,"Xal'atath's Bargain: Ascendant, Fortified, Challenger's Peril, Tyrannical",Nonhealer,Paladin,Protection,tank,Sundown Marsh
1319,329.9,302508162,10,Mists of Tirna Scithe,2024-10-24T16:20:40.000Z,1392560,1890999,2,"Xal'atath's Bargain: Ascendant, Fortified, Challenger's Peril, Tyrannical",奈特布雷特,Druid,Restoration,healer,Silverwing Hold
1319,329.9,302508162,10,Mists of Tirna Scithe,2024-10-24T16:20:40.000Z,1392560,1890999,2,"Xal'atath's Bargain: Ascendant, Fortified, Challenger's Peril, Tyrannical",米米糕,Shaman,Elemental,dps,Sundown Marsh
1319,329.9,302508162,10,Mists of Tirna Scithe,2024-10-24T16:20:40.000Z,1392560,1890999,2,"Xal'atath's Bargain: Ascendant, Fortified, Challenger's Peril, Tyrannical",沐祤,Hunter,Survival,dps,Sundown Marsh
1320,329.9,308077838,10,Mists of Tirna Scithe,2024-11-19T14:08:12.000Z,1392952,1890999,2,"Xal'atath's Bargain: Ascendant, Tyrannical, Challenger's Peril, Fortified",Schmebulock,Death Knight,Unholy,dps,Crystalpine Stinger
1320,329.9,308077838,10,Mists of Tirna Scithe,2024-11-19T14:08:12.000Z,1392952,1890999,2,"Xal'atath's Bargain: Ascendant, Tyrannical, Challenger's Peril, Fortified",檤心,Paladin,Protection,tank,Arthas
1320,329.9,308077838,10,Mists of Tirna Scithe,2024-11-19T14:08:12.000Z,1392952,1890999,2,"Xal'atath's Bargain: Ascendant, Tyrannical, Challenger's Peril, Fortified",貓咪薩滿,Shaman,Restoration,healer,Arthas
1320,329.9,308077838,10,Mists of Tirna Scithe,2024-11-19T14:08:12.000Z,1392952,1890999,2,"Xal'atath's Bargain: Ascendant, Tyrannical, Challenger's Peril, Fortified",躺平真香,Hunter,Beast Mastery,dps,Shadowmoon
1320,329.9,308077838,10,Mists of Tirna Scithe,2024-11-19T14:08:12.000Z,1392952,1890999,2,"Xal'atath's Bargain: Ascendant, Tyrannical, Challenger's Peril, Fortified",Mooched,Shaman,Enhancement,dps,Crystalpine Stinger
1321,329.9,303679670,10,Mists of Tirna Scithe,2024-10-29T16:52:52.000Z,1393369,1890999,2,"Xal'atath's Bargain: Ascendant, Fortified, Challenger's Peril, Tyrannical",亜梨子,Evoker,Augmentation,dps,Silverwing Hold
1321,329.9,303679670,10,Mists of Tirna Scithe,2024-10-29T16:52:52.000Z,1393369,1890999,2,"Xal'atath's Bargain: Ascendant, Fortified, Challenger's Peril, Tyrannical",沐祤,Hunter,Survival,dps,Sundown Marsh
1321,329.9,303679670,10,Mists of Tirna Scithe,2024-10-29T16:52:52.000Z,1393369,1890999,2,"Xal'atath's Bargain: Ascendant, Fortified, Challenger's Peril, Tyrannical",百鬼綾目有紀,Paladin,Protection,tank,Silverwing Hold
1321,329.9,303679670,10,Mists of Tirna Scithe,2024-10-29T16:52:52.000Z,1393369,1890999,2,"Xal'atath's Bargain: Ascendant, Fortified, Challenger's Peril, Tyrannical",林師父,Shaman,Restoration,healer,Silverwing Hold
1321,329.9,303679670,10,Mists of Tirna Scithe,2024-10-29T16:52:52.000Z,1393369,1890999,2,"Xal'atath's Bargain: Ascendant, Fortified, Challenger's Peril, Tyrannical",貝果干,Rogue,Assassination,dps,Sundown Marsh
1322,329.9,302822355,10,Mists of Tirna Scithe,2024-10-26T00:50:23.000Z,1393873,1890999,2,"Xal'atath's Bargain: Ascendant, Fortified, Challenger's Peril, Tyrannical",彌豆子卡哇伊,Warrior,Fury,dps,Quel'dorei
1322,329.9,302822355,10,Mists of Tirna Scithe,2024-10-26T00:50:23.000Z,1393873,1890999,2,"Xal'atath's Bargain: Ascendant, Fortified, Challenger's Peril, Tyrannical",右翼天使,Shaman,Restoration,healer,Sundown Marsh
1322,329.9,302822355,10,Mists of Tirna Scithe,2024-10-26T00:50:23.000Z,1393873,1890999,2,"Xal'atath's Bargain: Ascendant, Fortified, Challenger's Peril, Tyrannical",熾云,Priest,Shadow,dps,Sundown Marsh
1322,329.9,302822355,10,Mists of Tirna Scithe,2024-10-26T00:50:23.000Z,1393873,1890999,2,"Xal'atath's Bargain: Ascendant, Fortified, Challenger's Peril, Tyrannical",五晨寺老德,Druid,Guardian,tank,Spirestone
1322,329.9,302822355,10,Mists of Tirna Scithe,2024-10-26T00:50:23.000Z,1393873,1890999,2,"Xal'atath's Bargain: Ascendant, Fortified, Challenger's Peril, Tyrannical",天使熊,Paladin,Retribution,dps,Sundown Marsh
1323,329.9,302515006,10,Mists of Tirna Scithe,2024-10-24T17:09:06.000Z,1394097,1890999,2,"Xal'atath's Bargain: Ascendant, Fortified, Challenger's Peril, Tyrannical",Pkai,Paladin,Retribution,dps,Shadowmoon
1323,329.9,302515006,10,Mists of Tirna Scithe,2024-10-24T17:09:06.000Z,1394097,1890999,2,"Xal'atath's Bargain: Ascendant, Fortified, Challenger's Peril, Tyrannical",殤痕羽,Demon Hunter,Havoc,dps,Shadowmoon
1323,329.9,302515006,10,Mists of Tirna Scithe,2024-10-24T17:09:06.000Z,1394097,1890999,2,"Xal'atath's Bargain: Ascendant, Fortified, Challenger's Peril, Tyrannical",Persian,Priest,Shadow,dps,Shadowmoon
1323,329.9,302515006,10,Mists of Tirna Scithe,2024-10-24T17:09:06.000Z,1394097,1890999,2,"Xal'atath's Bargain: Ascendant, Fortified, Challenger's Peril, Tyrannical",李李君,Demon Hunter,Vengeance,tank,Shadowmoon
1323,329.9,302515006,10,Mists of Tirna Scithe,2024-10-24T17:09:06.000Z,1394097,1890999,2,"Xal'atath's Bargain: Ascendant, Fortified, Challenger's Peril, Tyrannical",看猪-229862604,Shaman,Restoration,healer,Skywall
1324,329.9,307531689,10,Mists of Tirna Scithe,2024-11-16T16:52:44.000Z,1394174,1890999,2,"Xal'atath's Bargain: Ascendant, Tyrannical, Challenger's Peril, Fortified",獵獸之牙,Hunter,Beast Mastery,dps,Dragonmaw
1324,329.9,307531689,10,Mists of Tirna Scithe,2024-11-16T16:52:44.000Z,1394174,1890999,2,"Xal'atath's Bargain: Ascendant, Tyrannical, Challenger's Peril, Fortified",Sephiroth,Demon Hunter,Vengeance,tank,Zealot Blade
1324,329.9,307531689,10,Mists of Tirna Scithe,2024-11-16T16:52:44.000Z,1394174,1890999,2,"Xal'atath's Bargain: Ascendant, Tyrannical, Challenger's Peril, Fortified",艾克薩,Death Knight,Unholy,dps,Zealot Blade
1324,329.9,307531689,10,Mists of Tirna Scithe,2024-11-16T16:52:44.000Z,1394174,1890999,2,"Xal'atath's Bargain: Ascendant, Tyrannical, Challenger's Peril, Fortified",銀騎士,Paladin,Holy,healer,Shadowmoon
1324,329.9,307531689,10,Mists of Tirna Scithe,2024-11-16T16:52:44.000Z,1394174,1890999,2,"Xal'atath's Bargain: Ascendant, Tyrannical, Challenger's Peril, Fortified",秋字,Shaman,Enhancement,dps,Spirestone
1325,329.9,308081497,10,Mists of Tirna Scithe,2024-11-19T12:24:41.000Z,1394243,1890999,2,"Xal'atath's Bargain: Ascendant, Tyrannical, Challenger's Peril, Fortified",Xiaoming,Demon Hunter,Vengeance,tank,Chillwind Point
1325,329.9,308081497,10,Mists of Tirna Scithe,2024-11-19T12:24:41.000Z,1394243,1890999,2,"Xal'atath's Bargain: Ascendant, Tyrannical, Challenger's Peril, Fortified",魔神之王,Death Knight,Unholy,dps,Shadowmoon
1325,329.9,308081497,10,Mists of Tirna Scithe,2024-11-19T12:24:41.000Z,1394243,1890999,2,"Xal'atath's Bargain: Ascendant, Tyrannical, Challenger's Peril, Fortified",蒔夜,Evoker,Preservation,healer,Sundown Marsh
1325,329.9,308081497,10,Mists of Tirna Scithe,2024-11-19T12:24:41.000Z,1394243,1890999,2,"Xal'atath's Bargain: Ascendant, Tyrannical, Challenger's Peril, Fortified",Tataoo,Paladin,Retribution,dps,Skywall
1325,329.9,308081497,10,Mists of Tirna Scithe,2024-11-19T12:24:41.000Z,1394243,1890999,2,"Xal'atath's Bargain: Ascendant, Tyrannical, Challenger's Peril, Fortified",自殺熊,Shaman,Enhancement,dps,Sundown Marsh
1326,329.8,307491223,10,Mists of Tirna Scithe,2024-11-16T12:17:46.000Z,1394364,1890999,2,"Xal'atath's Bargain: Ascendant, Tyrannical, Challenger's Peril, Fortified",梅川依芙尼,Paladin,Protection,tank,Shadowmoon
1326,329.8,307491223,10,Mists of Tirna Scithe,2024-11-16T12:17:46.000Z,1394364,1890999,2,"Xal'atath's Bargain: Ascendant, Tyrannical, Challenger's Peril, Fortified",Horned,Evoker,Augmentation,dps,Stormscale
1326,329.8,307491223,10,Mists of Tirna Scithe,2024-11-16T12:17:46.000Z,1394364,1890999,2,"Xal'atath's Bargain: Ascendant, Tyrannical, Challenger's Peril, Fortified",Jeanedarc,Priest,Discipline,healer,Arygos
1326,329.8,307491223,10,Mists of Tirna Scithe,2024-11-16T12:17:46.000Z,1394364,1890999,2,"Xal'atath's Bargain: Ascendant, Tyrannical, Challenger's Peril, Fortified",Dogsxxt,Paladin,Retribution,dps,Arygos
1326,329.8,307491223,10,Mists of Tirna Scithe,2024-11-16T12:17:46.000Z,1394364,1890999,2,"Xal'atath's Bargain: Ascendant, Tyrannical, Challenger's Peril, Fortified",皮在痒,Warrior,Fury,dps,Frostmane
1327,329.8,307181148,10,Mists of Tirna Scithe,2024-11-14T17:21:51.000Z,1394631,1890999,2,"Xal'atath's Bargain: Ascendant, Tyrannical, Challenger's Peril, Fortified",拾九,Death Knight,Frost,dps,Shadowmoon
1327,329.8,307181148,10,Mists of Tirna Scithe,2024-11-14T17:21:51.000Z,1394631,1890999,2,"Xal'atath's Bargain: Ascendant, Tyrannical, Challenger's Peril, Fortified",搖滾薩滿,Shaman,Enhancement,dps,Nightsong
1327,329.8,307181148,10,Mists of Tirna Scithe,2024-11-14T17:21:51.000Z,1394631,1890999,2,"Xal'atath's Bargain: Ascendant, Tyrannical, Challenger's Peril, Fortified",Reileen,Mage,Frost,dps,Shadowmoon
1327,329.8,307181148,10,Mists of Tirna Scithe,2024-11-14T17:21:51.000Z,1394631,1890999,2,"Xal'atath's Bargain: Ascendant, Tyrannical, Challenger's Peril, Fortified",三隊那個火法,Priest,Discipline,healer,Shadowmoon
1327,329.8,307181148,10,Mists of Tirna Scithe,2024-11-14T17:21:51.000Z,1394631,1890999,2,"Xal'atath's Bargain: Ascendant, Tyrannical, Challenger's Peril, Fortified",Paomipaladin,Paladin,Protection,tank,Shadowmoon
1328,329.8,308130906,10,Mists of Tirna Scithe,2024-11-19T16:27:41.000Z,1394632,1890999,2,"Xal'atath's Bargain: Ascendant, Tyrannical, Challenger's Peril, Fortified",別叫我輸出,Mage,Frost,dps,Sundown Marsh
1328,329.8,308130906,10,Mists of Tirna Scithe,2024-11-19T16:27:41.000Z,1394632,1890999,2,"Xal'atath's Bargain: Ascendant, Tyrannical, Challenger's Peril, Fortified",莉亞德倫,Paladin,Retribution,dps,Arthas
1328,329.8,308130906,10,Mists of Tirna Scithe,2024-11-19T16:27:41.000Z,1394632,1890999,2,"Xal'atath's Bargain: Ascendant, Tyrannical, Challenger's Peril, Fortified",Salvadora,Priest,Discipline,healer,Zealot Blade
1328,329.8,308130906,10,Mists of Tirna Scithe,2024-11-19T16:27:41.000Z,1394632,1890999,2,"Xal'atath's Bargain: Ascendant, Tyrannical, Challenger's Peril, Fortified",五跨丟哞,Druid,Guardian,tank,Bleeding Hollow
1328,329.8,308130906,10,Mists of Tirna Scithe,2024-11-19T16:27:41.000Z,1394632,1890999,2,"Xal'atath's Bargain: Ascendant, Tyrannical, Challenger's Peril, Fortified",交際花紅棍,Death Knight,Frost,dps,Bleeding Hollow
1329,329.8,307452410,10,Mists of Tirna Scithe,2024-11-16T05:53:36.000Z,1394645,1890999,2,"Xal'atath's Bargain: Ascendant, Tyrannical, Challenger's Peril, Fortified",斯卡哈,Demon Hunter,Havoc,dps,Crystalpine Stinger
1329,329.8,307452410,10,Mists of Tirna Scithe,2024-11-16T05:53:36.000Z,1394645,1890999,2,"Xal'atath's Bargain: Ascendant, Tyrannical, Challenger's Peril, Fortified",Raitoningu,Shaman,Enhancement,dps,Frostmane
1329,329.8,307452410,10,Mists of Tirna Scithe,2024-11-16T05:53:36.000Z,1394645,1890999,2,"Xal'atath's Bargain: Ascendant, Tyrannical, Challenger's Peril, Fortified",崔斯特傳奇,Hunter,Survival,dps,Icecrown
1329,329.8,307452410,10,Mists of Tirna Scithe,2024-11-16T05:53:36.000Z,1394645,1890999,2,"Xal'atath's Bargain: Ascendant, Tyrannical, Challenger's Peril, Fortified",看我七十二變,Druid,Guardian,tank,Light's Hope
1329,329.8,307452410,10,Mists of Tirna Scithe,2024-11-16T05:53:36.000Z,1394645,1890999,2,"Xal'atath's Bargain: Ascendant, Tyrannical, Challenger's Peril, Fortified",潘妲莉亞,Monk,Mistweaver,healer,Frostmane
1330,329.8,307494050,10,Mists of Tirna Scithe,2024-11-16T12:57:15.000Z,1395899,1890999,2,"Xal'atath's Bargain: Ascendant, Tyrannical, Challenger's Peril, Fortified",曉滴滴,Druid,Restoration,healer,Sundown Marsh
1330,329.8,307494050,10,Mists of Tirna Scithe,2024-11-16T12:57:15.000Z,1395899,1890999,2,"Xal'atath's Bargain: Ascendant, Tyrannical, Challenger's Peril, Fortified",海鱺,Paladin,Protection,tank,Skywall
1330,329.8,307494050,10,Mists of Tirna Scithe,2024-11-16T12:57:15.000Z,1395899,1890999,2,"Xal'atath's Bargain: Ascendant, Tyrannical, Challenger's Peril, Fortified",Snowdropz,Warlock,Demonology,dps,Skywall
1330,329.8,307494050,10,Mists of Tirna Scithe,2024-11-16T12:57:15.000Z,1395899,1890999,2,"Xal'atath's Bargain: Ascendant, Tyrannical, Challenger's Peril, Fortified",希羅維冰,Mage,Frost,dps,Shadowmoon
1330,329.8,307494050,10,Mists of Tirna Scithe,2024-11-16T12:57:15.000Z,1395899,1890999,2,"Xal'atath's Bargain: Ascendant, Tyrannical, Challenger's Peril, Fortified",醫醫弎專線,Warlock,Demonology,dps,Skywall
1331,329.8,307884085,10,Mists of Tirna Scithe,2024-11-18T08:35:36.000Z,1396113,1890999,2,"Xal'atath's Bargain: Ascendant, Tyrannical, Challenger's Peril, Fortified",離小離,Paladin,Retribution,dps,Chillwind Point
1331,329.8,307884085,10,Mists of Tirna Scithe,2024-11-18T08:35:36.000Z,1396113,1890999,2,"Xal'atath's Bargain: Ascendant, Tyrannical, Challenger's Peril, Fortified",龍蝶帝,Evoker,Augmentation,dps,Zealot Blade
1331,329.8,307884085,10,Mists of Tirna Scithe,2024-11-18T08:35:36.000Z,1396113,1890999,2,"Xal'atath's Bargain: Ascendant, Tyrannical, Challenger's Peril, Fortified",阿波尼亚,Priest,Discipline,healer,Krol Blade
1331,329.8,307884085,10,Mists of Tirna Scithe,2024-11-18T08:35:36.000Z,1396113,1890999,2,"Xal'atath's Bargain: Ascendant, Tyrannical, Challenger's Peril, Fortified",Khazaddum,Paladin,Retribution,dps,Hellscream
1331,329.8,307884085,10,Mists of Tirna Scithe,2024-11-18T08:35:36.000Z,1396113,1890999,2,"Xal'atath's Bargain: Ascendant, Tyrannical, Challenger's Peril, Fortified",Algar,Death Knight,Blood,tank,Zealot Blade
1332,329.8,303429734,10,Mists of Tirna Scithe,2024-10-28T15:45:59.000Z,1396191,1890999,2,"Xal'atath's Bargain: Ascendant, Fortified, Challenger's Peril, Tyrannical",獵之魂,Hunter,Beast Mastery,dps,Shadowmoon
1332,329.8,303429734,10,Mists of Tirna Scithe,2024-10-28T15:45:59.000Z,1396191,1890999,2,"Xal'atath's Bargain: Ascendant, Fortified, Challenger's Peril, Tyrannical",喪變,Druid,Guardian,tank,Spirestone
1332,329.8,303429734,10,Mists of Tirna Scithe,2024-10-28T15:45:59.000Z,1396191,1890999,2,"Xal'atath's Bargain: Ascendant, Fortified, Challenger's Peril, Tyrannical",冰紫琉璃,Rogue,Outlaw,dps,Shadowmoon
1332,329.8,303429734,10,Mists of Tirna Scithe,2024-10-28T15:45:59.000Z,1396191,1890999,2,"Xal'atath's Bargain: Ascendant, Fortified, Challenger's Peril, Tyrannical",若雨彤,Shaman,Restoration,healer,Shadowmoon
1332,329.8,303429734,10,Mists of Tirna Scithe,2024-10-28T15:45:59.000Z,1396191,1890999,2,"Xal'atath's Bargain: Ascendant, Fortified, Challenger's Peril, Tyrannical",腳滑托雷特,Death Knight,Unholy,dps,Whisperwind
1333,329.8,307164474,10,Mists of Tirna Scithe,2024-11-14T15:26:12.000Z,1396697,1890999,2,"Xal'atath's Bargain: Ascendant, Tyrannical, Challenger's Peril, Fortified",大刀開墮,Warrior,Fury,dps,Whisperwind
1333,329.8,307164474,10,Mists of Tirna Scithe,2024-11-14T15:26:12.000Z,1396697,1890999,2,"Xal'atath's Bargain: Ascendant, Tyrannical, Challenger's Peril, Fortified",Haachama,Hunter,Survival,dps,Shadowmoon
1333,329.8,307164474,10,Mists of Tirna Scithe,2024-11-14T15:26:12.000Z,1396697,1890999,2,"Xal'atath's Bargain: Ascendant, Tyrannical, Challenger's Peril, Fortified",Suicyann,Shaman,Restoration,healer,Shadowmoon
1333,329.8,307164474,10,Mists of Tirna Scithe,2024-11-14T15:26:12.000Z,1396697,1890999,2,"Xal'atath's Bargain: Ascendant, Tyrannical, Challenger's Peril, Fortified",泰蘭妲手槍,Demon Hunter,Vengeance,tank,Shadowmoon
1333,329.8,307164474,10,Mists of Tirna Scithe,2024-11-14T15:26:12.000Z,1396697,1890999,2,"Xal'atath's Bargain: Ascendant, Tyrannical, Challenger's Peril, Fortified",秋天的雨,Death Knight,Frost,dps,Shadowmoon
1334,329.8,302706910,10,Mists of Tirna Scithe,2024-10-25T17:43:13.000Z,1397155,1890999,2,"Xal'atath's Bargain: Ascendant, Fortified, Challenger's Peril, Tyrannical",咕姑固,Druid,Balance,dps,Shadowmoon
1334,329.8,302706910,10,Mists of Tirna Scithe,2024-10-25T17:43:13.000Z,1397155,1890999,2,"Xal'atath's Bargain: Ascendant, Fortified, Challenger's Peril, Tyrannical",Greenie,Hunter,Marksmanship,dps,Arygos
1334,329.8,302706910,10,Mists of Tirna Scithe,2024-10-25T17:43:13.000Z,1397155,1890999,2,"Xal'atath's Bargain: Ascendant, Fortified, Challenger's Peril, Tyrannical",夢織雪,Monk,Brewmaster,tank,Arygos
1334,329.8,302706910,10,Mists of Tirna Scithe,2024-10-25T17:43:13.000Z,1397155,1890999,2,"Xal'atath's Bargain: Ascendant, Fortified, Challenger's Peril, Tyrannical",烈焰鳳凰,Priest,Holy,healer,Shadowmoon
1334,329.8,302706910,10,Mists of Tirna Scithe,2024-10-25T17:43:13.000Z,1397155,1890999,2,"Xal'atath's Bargain: Ascendant, Fortified, Challenger's Peril, Tyrannical",血聖靈,Paladin,Retribution,dps,Nightsong
1335,329.8,307167903,10,Mists of Tirna Scithe,2024-11-14T15:06:28.000Z,1397550,1890999,2,"Xal'atath's Bargain: Ascendant, Tyrannical, Challenger's Peril, Fortified",絳月心,Shaman,Restoration,healer,Whisperwind
1335,329.8,307167903,10,Mists of Tirna Scithe,2024-11-14T15:06:28.000Z,1397550,1890999,2,"Xal'atath's Bargain: Ascendant, Tyrannical, Challenger's Peril, Fortified",小溫溫,Paladin,Retribution,dps,Arygos
1335,329.8,307167903,10,Mists of Tirna Scithe,2024-11-14T15:06:28.000Z,1397550,1890999,2,"Xal'atath's Bargain: Ascendant, Tyrannical, Challenger's Peril, Fortified",菊花業障重,Rogue,Outlaw,dps,Arygos
1335,329.8,307167903,10,Mists of Tirna Scithe,2024-11-14T15:06:28.000Z,1397550,1890999,2,"Xal'atath's Bargain: Ascendant, Tyrannical, Challenger's Peril, Fortified",躺一下下啦,Paladin,Protection,tank,Bleeding Hollow
1335,329.8,307167903,10,Mists of Tirna Scithe,2024-11-14T15:06:28.000Z,1397550,1890999,2,"Xal'atath's Bargain: Ascendant, Tyrannical, Challenger's Peril, Fortified",Eason,Paladin,Retribution,dps,Bleeding Hollow
1336,329.8,301094247,10,Mists of Tirna Scithe,2024-10-25T15:58:50.000Z,1397663,1890999,2,"Xal'atath's Bargain: Ascendant, Fortified, Challenger's Peril, Tyrannical",我囧了,Paladin,Retribution,dps,Sundown Marsh
1336,329.8,301094247,10,Mists of Tirna Scithe,2024-10-25T15:58:50.000Z,1397663,1890999,2,"Xal'atath's Bargain: Ascendant, Fortified, Challenger's Peril, Tyrannical",小米喵,Paladin,Retribution,dps,Sundown Marsh
1336,329.8,301094247,10,Mists of Tirna Scithe,2024-10-25T15:58:50.000Z,1397663,1890999,2,"Xal'atath's Bargain: Ascendant, Fortified, Challenger's Peril, Tyrannical",皇家基爾,Shaman,Enhancement,dps,Sundown Marsh
1336,329.8,301094247,10,Mists of Tirna Scithe,2024-10-25T15:58:50.000Z,1397663,1890999,2,"Xal'atath's Bargain: Ascendant, Fortified, Challenger's Peril, Tyrannical",柑仔店的回憶,Warrior,Protection,tank,Sundown Marsh
1336,329.8,301094247,10,Mists of Tirna Scithe,2024-10-25T15:58:50.000Z,1397663,1890999,2,"Xal'atath's Bargain: Ascendant, Fortified, Challenger's Peril, Tyrannical",犬隻,Druid,Restoration,healer,Spirestone
1337,329.8,308209386,10,Mists of Tirna Scithe,2024-11-19T17:24:42.000Z,1397736,1890999,2,"Xal'atath's Bargain: Ascendant, Tyrannical, Challenger's Peril, Fortified",闇王子,Warrior,Protection,tank,Shadowmoon
1337,329.8,308209386,10,Mists of Tirna Scithe,2024-11-19T17:24:42.000Z,1397736,1890999,2,"Xal'atath's Bargain: Ascendant, Tyrannical, Challenger's Peril, Fortified",小貓爺,Paladin,Retribution,dps,Shadowmoon
1337,329.8,308209386,10,Mists of Tirna Scithe,2024-11-19T17:24:42.000Z,1397736,1890999,2,"Xal'atath's Bargain: Ascendant, Tyrannical, Challenger's Peril, Fortified",Ega,Shaman,Restoration,healer,Shadowmoon
1337,329.8,308209386,10,Mists of Tirna Scithe,2024-11-19T17:24:42.000Z,1397736,1890999,2,"Xal'atath's Bargain: Ascendant, Tyrannical, Challenger's Peril, Fortified",萊姆牛肉麵,Druid,Balance,dps,Shadowmoon
1337,329.8,308209386,10,Mists of Tirna Scithe,2024-11-19T17:24:42.000Z,1397736,1890999,2,"Xal'atath's Bargain: Ascendant, Tyrannical, Challenger's Peril, Fortified",布偶貓咪,Monk,Windwalker,dps,Dragonmaw
1338,329.8,302473161,10,Mists of Tirna Scithe,2024-10-24T11:59:42.000Z,1398015,1890999,2,"Xal'atath's Bargain: Ascendant, Fortified, Challenger's Peril, Tyrannical",向钱看,Evoker,Augmentation,dps,Crystalpine Stinger
1338,329.8,302473161,10,Mists of Tirna Scithe,2024-10-24T11:59:42.000Z,1398015,1890999,2,"Xal'atath's Bargain: Ascendant, Fortified, Challenger's Peril, Tyrannical",三色杯,Death Knight,Blood,tank,Crystalpine Stinger
1338,329.8,302473161,10,Mists of Tirna Scithe,2024-10-24T11:59:42.000Z,1398015,1890999,2,"Xal'atath's Bargain: Ascendant, Fortified, Challenger's Peril, Tyrannical",紫羽嫣,Priest,Holy,healer,Crystalpine Stinger
1338,329.8,302473161,10,Mists of Tirna Scithe,2024-10-24T11:59:42.000Z,1398015,1890999,2,"Xal'atath's Bargain: Ascendant, Fortified, Challenger's Peril, Tyrannical",假面,Rogue,Assassination,dps,Crystalpine Stinger
1338,329.8,302473161,10,Mists of Tirna Scithe,2024-10-24T11:59:42.000Z,1398015,1890999,2,"Xal'atath's Bargain: Ascendant, Fortified, Challenger's Peril, Tyrannical",拉卡尼修,Shaman,Elemental,dps,Wrathbringer
1339,329.8,307510599,10,Mists of Tirna Scithe,2024-11-16T14:30:55.000Z,1398652,1890999,2,"Xal'atath's Bargain: Ascendant, Tyrannical, Challenger's Peril, Fortified",龠舞笙歌,Priest,Discipline,healer,Skywall
1339,329.8,307510599,10,Mists of Tirna Scithe,2024-11-16T14:30:55.000Z,1398652,1890999,2,"Xal'atath's Bargain: Ascendant, Tyrannical, Challenger's Peril, Fortified",菊小艾,Rogue,Assassination,dps,Skywall
1339,329.8,307510599,10,Mists of Tirna Scithe,2024-11-16T14:30:55.000Z,1398652,1890999,2,"Xal'atath's Bargain: Ascendant, Tyrannical, Challenger's Peril, Fortified",Enigmaa,Druid,Guardian,tank,Skywall
1339,329.8,307510599,10,Mists of Tirna Scithe,2024-11-16T14:30:55.000Z,1398652,1890999,2,"Xal'atath's Bargain: Ascendant, Tyrannical, Challenger's Peril, Fortified",戴玉兒,Shaman,Elemental,dps,Skywall
1339,329.8,307510599,10,Mists of Tirna Scithe,2024-11-16T14:30:55.000Z,1398652,1890999,2,"Xal'atath's Bargain: Ascendant, Tyrannical, Challenger's Peril, Fortified",艾利耶邇,Death Knight,Unholy,dps,Light's Hope
1340,329.8,303621019,10,Mists of Tirna Scithe,2024-10-28T17:17:44.000Z,1399032,1890999,2,"Xal'atath's Bargain: Ascendant, Fortified, Challenger's Peril, Tyrannical",Ellyrose,Warlock,Demonology,dps,Nightsong
1340,329.8,303621019,10,Mists of Tirna Scithe,2024-10-28T17:17:44.000Z,1399032,1890999,2,"Xal'atath's Bargain: Ascendant, Fortified, Challenger's Peril, Tyrannical",Hehecattle,Paladin,Protection,tank,Nightsong
1340,329.8,303621019,10,Mists of Tirna Scithe,2024-10-28T17:17:44.000Z,1399032,1890999,2,"Xal'atath's Bargain: Ascendant, Fortified, Challenger's Peril, Tyrannical",橘橙曦,Druid,Restoration,healer,Nightsong
1340,329.8,303621019,10,Mists of Tirna Scithe,2024-10-28T17:17:44.000Z,1399032,1890999,2,"Xal'atath's Bargain: Ascendant, Fortified, Challenger's Peril, Tyrannical",Acee,Warrior,Fury,dps,Nightsong
1340,329.8,303621019,10,Mists of Tirna Scithe,2024-10-28T17:17:44.000Z,1399032,1890999,2,"Xal'atath's Bargain: Ascendant, Fortified, Challenger's Peril, Tyrannical",懷真,Paladin,Retribution,dps,Nightsong
1341,329.7,303192768,10,Mists of Tirna Scithe,2024-10-27T14:38:39.000Z,1399394,1890999,2,"Xal'atath's Bargain: Ascendant, Fortified, Challenger's Peril, Tyrannical",Tuulanimoe,Shaman,Restoration,healer,Light's Hope
1341,329.7,303192768,10,Mists of Tirna Scithe,2024-10-27T14:38:39.000Z,1399394,1890999,2,"Xal'atath's Bargain: Ascendant, Fortified, Challenger's Peril, Tyrannical",我有認識一元,Hunter,Marksmanship,dps,Crystalpine Stinger
1341,329.7,303192768,10,Mists of Tirna Scithe,2024-10-27T14:38:39.000Z,1399394,1890999,2,"Xal'atath's Bargain: Ascendant, Fortified, Challenger's Peril, Tyrannical",凝絲竹,Warrior,Protection,tank,Crystalpine Stinger
1341,329.7,303192768,10,Mists of Tirna Scithe,2024-10-27T14:38:39.000Z,1399394,1890999,2,"Xal'atath's Bargain: Ascendant, Fortified, Challenger's Peril, Tyrannical",小腐薩,Shaman,Enhancement,dps,Whisperwind
1341,329.7,303192768,10,Mists of Tirna Scithe,2024-10-27T14:38:39.000Z,1399394,1890999,2,"Xal'atath's Bargain: Ascendant, Fortified, Challenger's Peril, Tyrannical",叭叭,Mage,Frost,dps,Crystalpine Stinger
1342,329.7,302623849,10,Mists of Tirna Scithe,2024-10-25T05:58:48.000Z,1399414,1890999,2,"Xal'atath's Bargain: Ascendant, Fortified, Challenger's Peril, Tyrannical",拉鏈會夾到,Death Knight,Frost,dps,Light's Hope
1342,329.7,302623849,10,Mists of Tirna Scithe,2024-10-25T05:58:48.000Z,1399414,1890999,2,"Xal'atath's Bargain: Ascendant, Fortified, Challenger's Peril, Tyrannical",魔法企鵝,Mage,Fire,dps,Arthas
1342,329.7,302623849,10,Mists of Tirna Scithe,2024-10-25T05:58:48.000Z,1399414,1890999,2,"Xal'atath's Bargain: Ascendant, Fortified, Challenger's Peril, Tyrannical",Anon72198D2,Shaman,Enhancement,dps,Anonymous
1342,329.7,302623849,10,Mists of Tirna Scithe,2024-10-25T05:58:48.000Z,1399414,1890999,2,"Xal'atath's Bargain: Ascendant, Fortified, Challenger's Peril, Tyrannical",Siyaa,Paladin,Protection,tank,Shadowmoon
1342,329.7,302623849,10,Mists of Tirna Scithe,2024-10-25T05:58:48.000Z,1399414,1890999,2,"Xal'atath's Bargain: Ascendant, Fortified, Challenger's Peril, Tyrannical",其實我是騎士,Priest,Discipline,healer,Whisperwind
1343,329.7,303837497,10,Mists of Tirna Scithe,2024-10-30T14:33:16.000Z,1399440,1890999,2,"Xal'atath's Bargain: Ascendant, Fortified, Challenger's Peril, Tyrannical",涮涮鍋,Death Knight,Blood,tank,Arygos
1343,329.7,303837497,10,Mists of Tirna Scithe,2024-10-30T14:33:16.000Z,1399440,1890999,2,"Xal'atath's Bargain: Ascendant, Fortified, Challenger's Peril, Tyrannical",麻椅上訴,Warlock,Destruction,dps,Nightsong
1343,329.7,303837497,10,Mists of Tirna Scithe,2024-10-30T14:33:16.000Z,1399440,1890999,2,"Xal'atath's Bargain: Ascendant, Fortified, Challenger's Peril, Tyrannical",Aselia,Priest,Holy,healer,Arygos
1343,329.7,303837497,10,Mists of Tirna Scithe,2024-10-30T14:33:16.000Z,1399440,1890999,2,"Xal'atath's Bargain: Ascendant, Fortified, Challenger's Peril, Tyrannical",無上抹茶,Hunter,Survival,dps,World Tree
1343,329.7,303837497,10,Mists of Tirna Scithe,2024-10-30T14:33:16.000Z,1399440,1890999,2,"Xal'atath's Bargain: Ascendant, Fortified, Challenger's Peril, Tyrannical",十二喵公爵,Paladin,Retribution,dps,Arygos
1344,329.7,303601207,10,Mists of Tirna Scithe,2024-10-29T09:50:37.000Z,1399823,1890999,2,"Xal'atath's Bargain: Ascendant, Fortified, Challenger's Peril, Tyrannical",雷卡納,Priest,Discipline,healer,World Tree
1344,329.7,303601207,10,Mists of Tirna Scithe,2024-10-29T09:50:37.000Z,1399823,1890999,2,"Xal'atath's Bargain: Ascendant, Fortified, Challenger's Peril, Tyrannical",欹月寒-45665163,Shaman,Elemental,dps,Sundown Marsh
1344,329.7,303601207,10,Mists of Tirna Scithe,2024-10-29T09:50:37.000Z,1399823,1890999,2,"Xal'atath's Bargain: Ascendant, Fortified, Challenger's Peril, Tyrannical",邂逅,Death Knight,Frost,dps,World Tree
1344,329.7,303601207,10,Mists of Tirna Scithe,2024-10-29T09:50:37.000Z,1399823,1890999,2,"Xal'atath's Bargain: Ascendant, Fortified, Challenger's Peril, Tyrannical",呆拿獸,Death Knight,Frost,dps,World Tree
1344,329.7,303601207,10,Mists of Tirna Scithe,2024-10-29T09:50:37.000Z,1399823,1890999,2,"Xal'atath's Bargain: Ascendant, Fortified, Challenger's Peril, Tyrannical",姜太公,Paladin,Protection,tank,Icecrown
1345,329.7,307181154,10,Mists of Tirna Scithe,2024-11-14T17:16:55.000Z,1399866,1890999,2,"Xal'atath's Bargain: Ascendant, Tyrannical, Challenger's Peril, Fortified",郭庭瑋,Death Knight,Blood,tank,Nightsong
1345,329.7,307181154,10,Mists of Tirna Scithe,2024-11-14T17:16:55.000Z,1399866,1890999,2,"Xal'atath's Bargain: Ascendant, Tyrannical, Challenger's Peril, Fortified",左邊第二天成,Priest,Shadow,dps,Sundown Marsh
1345,329.7,307181154,10,Mists of Tirna Scithe,2024-11-14T17:16:55.000Z,1399866,1890999,2,"Xal'atath's Bargain: Ascendant, Tyrannical, Challenger's Peril, Fortified",本體是野獸,Hunter,Beast Mastery,dps,Sundown Marsh
1345,329.7,307181154,10,Mists of Tirna Scithe,2024-11-14T17:16:55.000Z,1399866,1890999,2,"Xal'atath's Bargain: Ascendant, Tyrannical, Challenger's Peril, Fortified",布莉姬特,Shaman,Restoration,healer,Sundown Marsh
1345,329.7,307181154,10,Mists of Tirna Scithe,2024-11-14T17:16:55.000Z,1399866,1890999,2,"Xal'atath's Bargain: Ascendant, Tyrannical, Challenger's Peril, Fortified",腎虛公子,Paladin,Retribution,dps,Wrathbringer
1346,329.7,308060499,10,Mists of Tirna Scithe,2024-11-19T10:55:54.000Z,1400071,1890999,2,"Xal'atath's Bargain: Ascendant, Tyrannical, Challenger's Peril, Fortified",情緣難消,Death Knight,Blood,tank,Skywall
1346,329.7,308060499,10,Mists of Tirna Scithe,2024-11-19T10:55:54.000Z,1400071,1890999,2,"Xal'atath's Bargain: Ascendant, Tyrannical, Challenger's Peril, Fortified",Ruisikii,Priest,Discipline,healer,Chillwind Point
1346,329.7,308060499,10,Mists of Tirna Scithe,2024-11-19T10:55:54.000Z,1400071,1890999,2,"Xal'atath's Bargain: Ascendant, Tyrannical, Challenger's Peril, Fortified",渾沌,Druid,Balance,dps,Menethil
1346,329.7,308060499,10,Mists of Tirna Scithe,2024-11-19T10:55:54.000Z,1400071,1890999,2,"Xal'atath's Bargain: Ascendant, Tyrannical, Challenger's Peril, Fortified",摩門先生,Paladin,Retribution,dps,Spirestone
1346,329.7,308060499,10,Mists of Tirna Scithe,2024-11-19T10:55:54.000Z,1400071,1890999,2,"Xal'atath's Bargain: Ascendant, Tyrannical, Challenger's Peril, Fortified",月巴波,Shaman,Enhancement,dps,Bleeding Hollow
1347,329.7,303645766,10,Mists of Tirna Scithe,2024-10-29T15:24:45.000Z,1400413,1890999,2,"Xal'atath's Bargain: Ascendant, Fortified, Challenger's Peril, Tyrannical",旂恪,Hunter,Survival,dps,Shadowmoon
1347,329.7,303645766,10,Mists of Tirna Scithe,2024-10-29T15:24:45.000Z,1400413,1890999,2,"Xal'atath's Bargain: Ascendant, Fortified, Challenger's Peril, Tyrannical",心羽,Druid,Restoration,healer,Hellscream
1347,329.7,303645766,10,Mists of Tirna Scithe,2024-10-29T15:24:45.000Z,1400413,1890999,2,"Xal'atath's Bargain: Ascendant, Fortified, Challenger's Peril, Tyrannical",瘋狂芒果冰,Druid,Guardian,tank,Hellscream
1347,329.7,303645766,10,Mists of Tirna Scithe,2024-10-29T15:24:45.000Z,1400413,1890999,2,"Xal'atath's Bargain: Ascendant, Fortified, Challenger's Peril, Tyrannical",依嫦,Priest,Shadow,dps,Arygos
1347,329.7,303645766,10,Mists of Tirna Scithe,2024-10-29T15:24:45.000Z,1400413,1890999,2,"Xal'atath's Bargain: Ascendant, Fortified, Challenger's Peril, Tyrannical",夏奶奶,Mage,Arcane,dps,Quel'dorei
1348,329.7,307334651,10,Mists of Tirna Scithe,2024-11-15T16:09:12.000Z,1401053,1890999,2,"Xal'atath's Bargain: Ascendant, Tyrannical, Challenger's Peril, Fortified",歐尼克,Monk,Brewmaster,tank,Sundown Marsh
1348,329.7,307334651,10,Mists of Tirna Scithe,2024-11-15T16:09:12.000Z,1401053,1890999,2,"Xal'atath's Bargain: Ascendant, Tyrannical, Challenger's Peril, Fortified",甜甜香草熊貓,Shaman,Enhancement,dps,Crystalpine Stinger
1348,329.7,307334651,10,Mists of Tirna Scithe,2024-11-15T16:09:12.000Z,1401053,1890999,2,"Xal'atath's Bargain: Ascendant, Tyrannical, Challenger's Peril, Fortified",水波蛋,Paladin,Holy,healer,Sundown Marsh
1348,329.7,307334651,10,Mists of Tirna Scithe,2024-11-15T16:09:12.000Z,1401053,1890999,2,"Xal'atath's Bargain: Ascendant, Tyrannical, Challenger's Peril, Fortified",紫夜殤,Druid,Balance,dps,Wrathbringer
1348,329.7,307334651,10,Mists of Tirna Scithe,2024-11-15T16:09:12.000Z,1401053,1890999,2,"Xal'atath's Bargain: Ascendant, Tyrannical, Challenger's Peril, Fortified",伯利恆之星,Paladin,Retribution,dps,Silverwing Hold
1349,329.7,307657619,10,Mists of Tirna Scithe,2024-11-17T04:05:06.000Z,1401089,1890999,2,"Xal'atath's Bargain: Ascendant, Tyrannical, Challenger's Peril, Fortified",怪形怪狀,Paladin,Retribution,dps,Chillwind Point
1349,329.7,307657619,10,Mists of Tirna Scithe,2024-11-17T04:05:06.000Z,1401089,1890999,2,"Xal'atath's Bargain: Ascendant, Tyrannical, Challenger's Peril, Fortified",庫瑪阿布蘭勒,Druid,Guardian,tank,Sundown Marsh
1349,329.7,307657619,10,Mists of Tirna Scithe,2024-11-17T04:05:06.000Z,1401089,1890999,2,"Xal'atath's Bargain: Ascendant, Tyrannical, Challenger's Peril, Fortified",祝衼山,Rogue,Outlaw,dps,Spirestone
1349,329.7,307657619,10,Mists of Tirna Scithe,2024-11-17T04:05:06.000Z,1401089,1890999,2,"Xal'atath's Bargain: Ascendant, Tyrannical, Challenger's Peril, Fortified",Yokasora,Mage,Frost,dps,Shadowmoon
1349,329.7,307657619,10,Mists of Tirna Scithe,2024-11-17T04:05:06.000Z,1401089,1890999,2,"Xal'atath's Bargain: Ascendant, Tyrannical, Challenger's Peril, Fortified",Claraa,Priest,Holy,healer,Whisperwind
1350,329.7,307531695,10,Mists of Tirna Scithe,2024-11-16T16:10:00.000Z,1401281,1890999,2,"Xal'atath's Bargain: Ascendant, Tyrannical, Challenger's Peril, Fortified",阿修特羅夫,Shaman,Enhancement,dps,Skywall
1350,329.7,307531695,10,Mists of Tirna Scithe,2024-11-16T16:10:00.000Z,1401281,1890999,2,"Xal'atath's Bargain: Ascendant, Tyrannical, Challenger's Peril, Fortified",小蜜糖,Warlock,Demonology,dps,Hellscream
1350,329.7,307531695,10,Mists of Tirna Scithe,2024-11-16T16:10:00.000Z,1401281,1890999,2,"Xal'atath's Bargain: Ascendant, Tyrannical, Challenger's Peril, Fortified",平破壞者衡,Paladin,Retribution,dps,Arthas
1350,329.7,307531695,10,Mists of Tirna Scithe,2024-11-16T16:10:00.000Z,1401281,1890999,2,"Xal'atath's Bargain: Ascendant, Tyrannical, Challenger's Peril, Fortified",緋雪夜語,Priest,Holy,healer,Arygos
1350,329.7,307531695,10,Mists of Tirna Scithe,2024-11-16T16:10:00.000Z,1401281,1890999,2,"Xal'atath's Bargain: Ascendant, Tyrannical, Challenger's Peril, Fortified",神之一陽指,Paladin,Protection,tank,Crystalpine Stinger
1351,329.7,298431002,10,Mists of Tirna Scithe,2024-10-25T16:05:31.000Z,1401697,1890999,2,"Xal'atath's Bargain: Ascendant, Fortified, Challenger's Peril, Tyrannical",泡沫奶綠,Shaman,Enhancement,dps,Shadowmoon
1351,329.7,298431002,10,Mists of Tirna Scithe,2024-10-25T16:05:31.000Z,1401697,1890999,2,"Xal'atath's Bargain: Ascendant, Fortified, Challenger's Peril, Tyrannical",小澄澄,Druid,Feral,dps,Shadowmoon
1351,329.7,298431002,10,Mists of Tirna Scithe,2024-10-25T16:05:31.000Z,1401697,1890999,2,"Xal'atath's Bargain: Ascendant, Fortified, Challenger's Peril, Tyrannical",噗嚨拱,Evoker,Preservation,healer,Shadowmoon
1351,329.7,298431002,10,Mists of Tirna Scithe,2024-10-25T16:05:31.000Z,1401697,1890999,2,"Xal'atath's Bargain: Ascendant, Fortified, Challenger's Peril, Tyrannical",真布爾凱索,Warrior,Fury,dps,Shadowmoon
1351,329.7,298431002,10,Mists of Tirna Scithe,2024-10-25T16:05:31.000Z,1401697,1890999,2,"Xal'atath's Bargain: Ascendant, Fortified, Challenger's Peril, Tyrannical",Akay,Monk,Brewmaster,tank,Frostmane
1352,329.7,307173441,10,Mists of Tirna Scithe,2024-11-14T16:24:31.000Z,1401806,1890999,2,"Xal'atath's Bargain: Ascendant, Tyrannical, Challenger's Peril, Fortified",醫醫玖來啦,Priest,Shadow,dps,Skywall
1352,329.7,307173441,10,Mists of Tirna Scithe,2024-11-14T16:24:31.000Z,1401806,1890999,2,"Xal'atath's Bargain: Ascendant, Tyrannical, Challenger's Peril, Fortified",騷蹄子,Shaman,Restoration,healer,Bleeding Hollow
1352,329.7,307173441,10,Mists of Tirna Scithe,2024-11-14T16:24:31.000Z,1401806,1890999,2,"Xal'atath's Bargain: Ascendant, Tyrannical, Challenger's Peril, Fortified",雷王,Shaman,Enhancement,dps,Wrathbringer
1352,329.7,307173441,10,Mists of Tirna Scithe,2024-11-14T16:24:31.000Z,1401806,1890999,2,"Xal'atath's Bargain: Ascendant, Tyrannical, Challenger's Peril, Fortified",希爾萊雅德,Warrior,Protection,tank,Dragonmaw
1352,329.7,307173441,10,Mists of Tirna Scithe,2024-11-14T16:24:31.000Z,1401806,1890999,2,"Xal'atath's Bargain: Ascendant, Tyrannical, Challenger's Peril, Fortified",高清有聖光,Paladin,Retribution,dps,Bleeding Hollow
1353,329.7,308071403,10,Mists of Tirna Scithe,2024-11-19T11:05:10.000Z,1402180,1890999,2,"Xal'atath's Bargain: Ascendant, Tyrannical, Challenger's Peril, Fortified",還是找不到人,Paladin,Retribution,dps,Sundown Marsh
1353,329.7,308071403,10,Mists of Tirna Scithe,2024-11-19T11:05:10.000Z,1402180,1890999,2,"Xal'atath's Bargain: Ascendant, Tyrannical, Challenger's Peril, Fortified",腿腿庫飯,Shaman,Elemental,dps,Chillwind Point
1353,329.7,308071403,10,Mists of Tirna Scithe,2024-11-19T11:05:10.000Z,1402180,1890999,2,"Xal'atath's Bargain: Ascendant, Tyrannical, Challenger's Peril, Fortified",冇乜特別意義,Druid,Balance,dps,Chillwind Point
1353,329.7,308071403,10,Mists of Tirna Scithe,2024-11-19T11:05:10.000Z,1402180,1890999,2,"Xal'atath's Bargain: Ascendant, Tyrannical, Challenger's Peril, Fortified",凱貝兒,Priest,Discipline,healer,Quel'dorei
1353,329.7,308071403,10,Mists of Tirna Scithe,2024-11-19T11:05:10.000Z,1402180,1890999,2,"Xal'atath's Bargain: Ascendant, Tyrannical, Challenger's Peril, Fortified",凋零的夜,Paladin,Protection,tank,Arthas
1354,329.7,303398931,10,Mists of Tirna Scithe,2024-10-28T11:04:51.000Z,1402461,1890999,2,"Xal'atath's Bargain: Ascendant, Fortified, Challenger's Peril, Tyrannical",漂泊旅人,Demon Hunter,Vengeance,tank,Sundown Marsh
1354,329.7,303398931,10,Mists of Tirna Scithe,2024-10-28T11:04:51.000Z,1402461,1890999,2,"Xal'atath's Bargain: Ascendant, Fortified, Challenger's Peril, Tyrannical",Nedudu,Druid,Balance,dps,Quel'dorei
1354,329.7,303398931,10,Mists of Tirna Scithe,2024-10-28T11:04:51.000Z,1402461,1890999,2,"Xal'atath's Bargain: Ascendant, Fortified, Challenger's Peril, Tyrannical",圖騰插不住,Shaman,Enhancement,dps,Light's Hope
1354,329.7,303398931,10,Mists of Tirna Scithe,2024-10-28T11:04:51.000Z,1402461,1890999,2,"Xal'atath's Bargain: Ascendant, Fortified, Challenger's Peril, Tyrannical",Joeybae,Paladin,Retribution,dps,Demon Fall Canyon
1354,329.7,303398931,10,Mists of Tirna Scithe,2024-10-28T11:04:51.000Z,1402461,1890999,2,"Xal'atath's Bargain: Ascendant, Fortified, Challenger's Peril, Tyrannical",南京大菩薩,Shaman,Restoration,healer,Sundown Marsh
1355,329.7,307168404,10,Mists of Tirna Scithe,2024-11-14T15:38:04.000Z,1402858,1890999,2,"Xal'atath's Bargain: Ascendant, Tyrannical, Challenger's Peril, Fortified",骑手战鹰,Monk,Mistweaver,healer,World Tree
1355,329.7,307168404,10,Mists of Tirna Scithe,2024-11-14T15:38:04.000Z,1402858,1890999,2,"Xal'atath's Bargain: Ascendant, Tyrannical, Challenger's Peril, Fortified",Boltxx,Shaman,Enhancement,dps,Chillwind Point
1355,329.7,307168404,10,Mists of Tirna Scithe,2024-11-14T15:38:04.000Z,1402858,1890999,2,"Xal'atath's Bargain: Ascendant, Tyrannical, Challenger's Peril, Fortified",Mistletoe,Druid,Balance,dps,Shadowmoon
1355,329.7,307168404,10,Mists of Tirna Scithe,2024-11-14T15:38:04.000Z,1402858,1890999,2,"Xal'atath's Bargain: Ascendant, Tyrannical, Challenger's Peril, Fortified",練多就菜,Rogue,Assassination,dps,Demon Fall Canyon
1355,329.7,307168404,10,Mists of Tirna Scithe,2024-11-14T15:38:04.000Z,1402858,1890999,2,"Xal'atath's Bargain: Ascendant, Tyrannical, Challenger's Peril, Fortified",蘇坡愛抖露,Paladin,Protection,tank,Whisperwind
1356,329.7,307326565,10,Mists of Tirna Scithe,2024-11-15T15:07:31.000Z,1402907,1890999,2,"Xal'atath's Bargain: Ascendant, Tyrannical, Challenger's Peril, Fortified",尼亞,Evoker,Devastation,dps,Sundown Marsh
1356,329.7,307326565,10,Mists of Tirna Scithe,2024-11-15T15:07:31.000Z,1402907,1890999,2,"Xal'atath's Bargain: Ascendant, Tyrannical, Challenger's Peril, Fortified",Viona,Warlock,Destruction,dps,Spirestone
1356,329.7,307326565,10,Mists of Tirna Scithe,2024-11-15T15:07:31.000Z,1402907,1890999,2,"Xal'atath's Bargain: Ascendant, Tyrannical, Challenger's Peril, Fortified",弒魂牧,Priest,Discipline,healer,World Tree
1356,329.7,307326565,10,Mists of Tirna Scithe,2024-11-15T15:07:31.000Z,1402907,1890999,2,"Xal'atath's Bargain: Ascendant, Tyrannical, Challenger's Peril, Fortified",愛尼莫,Paladin,Retribution,dps,Whisperwind
1356,329.7,307326565,10,Mists of Tirna Scithe,2024-11-15T15:07:31.000Z,1402907,1890999,2,"Xal'atath's Bargain: Ascendant, Tyrannical, Challenger's Peril, Fortified",Wikipedia,Paladin,Protection,tank,Crystalpine Stinger
1357,329.7,307134252,10,Mists of Tirna Scithe,2024-11-14T09:13:46.000Z,1403489,1890999,2,"Xal'atath's Bargain: Ascendant, Tyrannical, Challenger's Peril, Fortified",低調就好,Demon Hunter,Vengeance,tank,Demon Fall Canyon
1357,329.7,307134252,10,Mists of Tirna Scithe,2024-11-14T09:13:46.000Z,1403489,1890999,2,"Xal'atath's Bargain: Ascendant, Tyrannical, Challenger's Peril, Fortified",Nihilista,Paladin,Retribution,dps,Demon Fall Canyon
1357,329.7,307134252,10,Mists of Tirna Scithe,2024-11-14T09:13:46.000Z,1403489,1890999,2,"Xal'atath's Bargain: Ascendant, Tyrannical, Challenger's Peril, Fortified",Melenowo,Priest,Discipline,healer,World Tree
1357,329.7,307134252,10,Mists of Tirna Scithe,2024-11-14T09:13:46.000Z,1403489,1890999,2,"Xal'atath's Bargain: Ascendant, Tyrannical, Challenger's Peril, Fortified",夷蚌嚇怯-227880143,Paladin,Retribution,dps,Stormscale
1357,329.7,307134252,10,Mists of Tirna Scithe,2024-11-14T09:13:46.000Z,1403489,1890999,2,"Xal'atath's Bargain: Ascendant, Tyrannical, Challenger's Peril, Fortified",Bruceoba,Shaman,Enhancement,dps,Shadowmoon
1358,329.7,302469345,10,Mists of Tirna Scithe,2024-10-24T12:23:26.000Z,1403641,1890999,2,"Xal'atath's Bargain: Ascendant, Fortified, Challenger's Peril, Tyrannical",暴風霜狼,Death Knight,Unholy,dps,Shadowmoon
1358,329.7,302469345,10,Mists of Tirna Scithe,2024-10-24T12:23:26.000Z,1403641,1890999,2,"Xal'atath's Bargain: Ascendant, Fortified, Challenger's Peril, Tyrannical",朋友的朋友,Monk,Brewmaster,tank,Hellscream
1358,329.7,302469345,10,Mists of Tirna Scithe,2024-10-24T12:23:26.000Z,1403641,1890999,2,"Xal'atath's Bargain: Ascendant, Fortified, Challenger's Peril, Tyrannical",Anlyia,Druid,Restoration,healer,Spirestone
1358,329.7,302469345,10,Mists of Tirna Scithe,2024-10-24T12:23:26.000Z,1403641,1890999,2,"Xal'atath's Bargain: Ascendant, Fortified, Challenger's Peril, Tyrannical",奈菲莉安,Warlock,Destruction,dps,Shadowmoon
1358,329.7,302469345,10,Mists of Tirna Scithe,2024-10-24T12:23:26.000Z,1403641,1890999,2,"Xal'atath's Bargain: Ascendant, Fortified, Challenger's Peril, Tyrannical",奶爸喔喔,Warlock,Demonology,dps,Shadowmoon
1359,329.7,307130385,10,Mists of Tirna Scithe,2024-11-14T08:09:38.000Z,1403703,1890999,2,"Xal'atath's Bargain: Ascendant, Tyrannical, Challenger's Peril, Fortified",貓小芊-56893295,Rogue,Assassination,dps,Shadowmoon
1359,329.7,307130385,10,Mists of Tirna Scithe,2024-11-14T08:09:38.000Z,1403703,1890999,2,"Xal'atath's Bargain: Ascendant, Tyrannical, Challenger's Peril, Fortified",乂春泥乂,Paladin,Retribution,dps,Shadowmoon
1359,329.7,307130385,10,Mists of Tirna Scithe,2024-11-14T08:09:38.000Z,1403703,1890999,2,"Xal'atath's Bargain: Ascendant, Tyrannical, Challenger's Peril, Fortified",一溟伢一,Druid,Guardian,tank,Shadowmoon
1359,329.7,307130385,10,Mists of Tirna Scithe,2024-11-14T08:09:38.000Z,1403703,1890999,2,"Xal'atath's Bargain: Ascendant, Tyrannical, Challenger's Peril, Fortified",獨彳亍俠,Hunter,Beast Mastery,dps,Shadowmoon
1359,329.7,307130385,10,Mists of Tirna Scithe,2024-11-14T08:09:38.000Z,1403703,1890999,2,"Xal'atath's Bargain: Ascendant, Tyrannical, Challenger's Peril, Fortified",超級皮丘,Shaman,Restoration,healer,Shadowmoon
1360,329.6,307724621,10,Mists of Tirna Scithe,2024-11-17T13:56:03.000Z,1404450,1890999,2,"Xal'atath's Bargain: Ascendant, Tyrannical, Challenger's Peril, Fortified",帕米拉的娃娃,Death Knight,Unholy,dps,Light's Hope
1360,329.6,307724621,10,Mists of Tirna Scithe,2024-11-17T13:56:03.000Z,1404450,1890999,2,"Xal'atath's Bargain: Ascendant, Tyrannical, Challenger's Peril, Fortified",菟心,Mage,Frost,dps,Wrathbringer
1360,329.6,307724621,10,Mists of Tirna Scithe,2024-11-17T13:56:03.000Z,1404450,1890999,2,"Xal'atath's Bargain: Ascendant, Tyrannical, Challenger's Peril, Fortified",火焰之槍,Warrior,Protection,tank,Chillwind Point
1360,329.6,307724621,10,Mists of Tirna Scithe,2024-11-17T13:56:03.000Z,1404450,1890999,2,"Xal'atath's Bargain: Ascendant, Tyrannical, Challenger's Peril, Fortified",Critcade,Warrior,Fury,dps,Menethil
1360,329.6,307724621,10,Mists of Tirna Scithe,2024-11-17T13:56:03.000Z,1404450,1890999,2,"Xal'atath's Bargain: Ascendant, Tyrannical, Challenger's Peril, Fortified",秋紫漪-231219207,Priest,Holy,healer,Wrathbringer
1361,329.6,307508923,10,Mists of Tirna Scithe,2024-11-16T14:18:55.000Z,1404720,1890999,2,"Xal'atath's Bargain: Ascendant, Tyrannical, Challenger's Peril, Fortified",Crazymoon,Druid,Balance,dps,Demon Fall Canyon
1361,329.6,307508923,10,Mists of Tirna Scithe,2024-11-16T14:18:55.000Z,1404720,1890999,2,"Xal'atath's Bargain: Ascendant, Tyrannical, Challenger's Peril, Fortified",伊吹碎香,Druid,Guardian,tank,Dragonmaw
1361,329.6,307508923,10,Mists of Tirna Scithe,2024-11-16T14:18:55.000Z,1404720,1890999,2,"Xal'atath's Bargain: Ascendant, Tyrannical, Challenger's Peril, Fortified",你走的聖誕節,Hunter,Survival,dps,Sundown Marsh
1361,329.6,307508923,10,Mists of Tirna Scithe,2024-11-16T14:18:55.000Z,1404720,1890999,2,"Xal'atath's Bargain: Ascendant, Tyrannical, Challenger's Peril, Fortified",雪燈籠,Shaman,Restoration,healer,Shadowmoon
1361,329.6,307508923,10,Mists of Tirna Scithe,2024-11-16T14:18:55.000Z,1404720,1890999,2,"Xal'atath's Bargain: Ascendant, Tyrannical, Challenger's Peril, Fortified",墮落臭豆腐,Demon Hunter,Havoc,dps,Zealot Blade
1362,329.6,303154300,10,Mists of Tirna Scithe,2024-10-27T10:00:19.000Z,1404998,1890999,2,"Xal'atath's Bargain: Ascendant, Fortified, Challenger's Peril, Tyrannical",圖騰科科,Shaman,Restoration,healer,Menethil
1362,329.6,303154300,10,Mists of Tirna Scithe,2024-10-27T10:00:19.000Z,1404998,1890999,2,"Xal'atath's Bargain: Ascendant, Fortified, Challenger's Peril, Tyrannical",餘霞,Death Knight,Blood,tank,Bleeding Hollow
1362,329.6,303154300,10,Mists of Tirna Scithe,2024-10-27T10:00:19.000Z,1404998,1890999,2,"Xal'atath's Bargain: Ascendant, Fortified, Challenger's Peril, Tyrannical",Sunadokei,Mage,Frost,dps,Menethil
1362,329.6,303154300,10,Mists of Tirna Scithe,2024-10-27T10:00:19.000Z,1404998,1890999,2,"Xal'atath's Bargain: Ascendant, Fortified, Challenger's Peril, Tyrannical",魔夕,Shaman,Enhancement,dps,Frostmane
1362,329.6,303154300,10,Mists of Tirna Scithe,2024-10-27T10:00:19.000Z,1404998,1890999,2,"Xal'atath's Bargain: Ascendant, Fortified, Challenger's Peril, Tyrannical",跑跑先不要,Warlock,Demonology,dps,Bleeding Hollow
1363,329.6,307470245,10,Mists of Tirna Scithe,2024-11-16T08:07:47.000Z,1405066,1890999,2,"Xal'atath's Bargain: Ascendant, Tyrannical, Challenger's Peril, Fortified",黑白吼吼,Paladin,Retribution,dps,Shadowmoon
1363,329.6,307470245,10,Mists of Tirna Scithe,2024-11-16T08:07:47.000Z,1405066,1890999,2,"Xal'atath's Bargain: Ascendant, Tyrannical, Challenger's Peril, Fortified",一溟伢一,Druid,Restoration,healer,Shadowmoon
1363,329.6,307470245,10,Mists of Tirna Scithe,2024-11-16T08:07:47.000Z,1405066,1890999,2,"Xal'atath's Bargain: Ascendant, Tyrannical, Challenger's Peril, Fortified",Earthspirit,Monk,Brewmaster,tank,Shadowmoon
1363,329.6,307470245,10,Mists of Tirna Scithe,2024-11-16T08:07:47.000Z,1405066,1890999,2,"Xal'atath's Bargain: Ascendant, Tyrannical, Challenger's Peril, Fortified",暴躁的小喵,Shaman,Enhancement,dps,Shadowmoon
1363,329.6,307470245,10,Mists of Tirna Scithe,2024-11-16T08:07:47.000Z,1405066,1890999,2,"Xal'atath's Bargain: Ascendant, Tyrannical, Challenger's Peril, Fortified",小杰啊,Warrior,Arms,dps,Shadowmoon
1364,329.6,307461375,10,Mists of Tirna Scithe,2024-11-16T07:03:59.000Z,1405347,1890999,2,"Xal'atath's Bargain: Ascendant, Tyrannical, Challenger's Peril, Fortified",恩希,Paladin,Protection,tank,Bleeding Hollow
1364,329.6,307461375,10,Mists of Tirna Scithe,2024-11-16T07:03:59.000Z,1405347,1890999,2,"Xal'atath's Bargain: Ascendant, Tyrannical, Challenger's Peril, Fortified",正光阻,Paladin,Retribution,dps,Shadowmoon
1364,329.6,307461375,10,Mists of Tirna Scithe,2024-11-16T07:03:59.000Z,1405347,1890999,2,"Xal'atath's Bargain: Ascendant, Tyrannical, Challenger's Peril, Fortified",蘆葦飄飄,Paladin,Holy,healer,Stormscale
1364,329.6,307461375,10,Mists of Tirna Scithe,2024-11-16T07:03:59.000Z,1405347,1890999,2,"Xal'atath's Bargain: Ascendant, Tyrannical, Challenger's Peril, Fortified",過冷河,Druid,Balance,dps,Demon Fall Canyon
1364,329.6,307461375,10,Mists of Tirna Scithe,2024-11-16T07:03:59.000Z,1405347,1890999,2,"Xal'atath's Bargain: Ascendant, Tyrannical, Challenger's Peril, Fortified",Riani,Mage,Fire,dps,Crystalpine Stinger
1365,329.6,307463468,10,Mists of Tirna Scithe,2024-11-16T07:26:58.000Z,1405426,1890999,2,"Xal'atath's Bargain: Ascendant, Tyrannical, Challenger's Peril, Fortified",Anlyia,Druid,Restoration,healer,Spirestone
1365,329.6,307463468,10,Mists of Tirna Scithe,2024-11-16T07:26:58.000Z,1405426,1890999,2,"Xal'atath's Bargain: Ascendant, Tyrannical, Challenger's Peril, Fortified",Dearesthun,Hunter,Beast Mastery,dps,Frostmane
1365,329.6,307463468,10,Mists of Tirna Scithe,2024-11-16T07:26:58.000Z,1405426,1890999,2,"Xal'atath's Bargain: Ascendant, Tyrannical, Challenger's Peril, Fortified",暴風驦狼,Hunter,Survival,dps,Shadowmoon
1365,329.6,307463468,10,Mists of Tirna Scithe,2024-11-16T07:26:58.000Z,1405426,1890999,2,"Xal'atath's Bargain: Ascendant, Tyrannical, Challenger's Peril, Fortified",艾爾卡多,Warrior,Protection,tank,Hellscream
1365,329.6,307463468,10,Mists of Tirna Scithe,2024-11-16T07:26:58.000Z,1405426,1890999,2,"Xal'atath's Bargain: Ascendant, Tyrannical, Challenger's Peril, Fortified",栳牛,Paladin,Retribution,dps,Shadowmoon
1366,329.6,302712255,10,Mists of Tirna Scithe,2024-10-25T15:14:11.000Z,1405786,1890999,2,"Xal'atath's Bargain: Ascendant, Fortified, Challenger's Peril, Tyrannical",友善的肥牛,Shaman,Elemental,dps,Wrathbringer
1366,329.6,302712255,10,Mists of Tirna Scithe,2024-10-25T15:14:11.000Z,1405786,1890999,2,"Xal'atath's Bargain: Ascendant, Fortified, Challenger's Peril, Tyrannical",Fendi,Warlock,Affliction,dps,Wrathbringer
1366,329.6,302712255,10,Mists of Tirna Scithe,2024-10-25T15:14:11.000Z,1405786,1890999,2,"Xal'atath's Bargain: Ascendant, Fortified, Challenger's Peril, Tyrannical",復仇者伊芮爾,Paladin,Protection,tank,Zealot Blade
1366,329.6,302712255,10,Mists of Tirna Scithe,2024-10-25T15:14:11.000Z,1405786,1890999,2,"Xal'atath's Bargain: Ascendant, Fortified, Challenger's Peril, Tyrannical",安菲爾,Demon Hunter,Havoc,dps,Zealot Blade
1366,329.6,302712255,10,Mists of Tirna Scithe,2024-10-25T15:14:11.000Z,1405786,1890999,2,"Xal'atath's Bargain: Ascendant, Fortified, Challenger's Peril, Tyrannical",白若遙,Shaman,Restoration,healer,Zealot Blade
1367,329.6,308292321,10,Mists of Tirna Scithe,2024-11-20T13:53:52.000Z,1405789,1890999,2,"Xal'atath's Bargain: Ascendant, Tyrannical, Challenger's Peril, Fortified",王子傑,Death Knight,Frost,dps,Dragonmaw
1367,329.6,308292321,10,Mists of Tirna Scithe,2024-11-20T13:53:52.000Z,1405789,1890999,2,"Xal'atath's Bargain: Ascendant, Tyrannical, Challenger's Peril, Fortified",基拉煌大和,Mage,Frost,dps,Wrathbringer
1367,329.6,308292321,10,Mists of Tirna Scithe,2024-11-20T13:53:52.000Z,1405789,1890999,2,"Xal'atath's Bargain: Ascendant, Tyrannical, Challenger's Peril, Fortified",爆肝姆姆,Shaman,Restoration,healer,Sundown Marsh
1367,329.6,308292321,10,Mists of Tirna Scithe,2024-11-20T13:53:52.000Z,1405789,1890999,2,"Xal'atath's Bargain: Ascendant, Tyrannical, Challenger's Peril, Fortified",天天都在睡,Monk,Brewmaster,tank,Dragonmaw
1367,329.6,308292321,10,Mists of Tirna Scithe,2024-11-20T13:53:52.000Z,1405789,1890999,2,"Xal'atath's Bargain: Ascendant, Tyrannical, Challenger's Peril, Fortified",培根咬咩嚕,Druid,Balance,dps,World Tree
1368,329.6,303614301,10,Mists of Tirna Scithe,2024-10-29T10:44:59.000Z,1405895,1890999,2,"Xal'atath's Bargain: Ascendant, Fortified, Challenger's Peril, Tyrannical",秋楓殘玥,Shaman,Restoration,healer,Menethil
1368,329.6,303614301,10,Mists of Tirna Scithe,2024-10-29T10:44:59.000Z,1405895,1890999,2,"Xal'atath's Bargain: Ascendant, Fortified, Challenger's Peril, Tyrannical",呵呵魚魚,Evoker,Devastation,dps,Shadowmoon
1368,329.6,303614301,10,Mists of Tirna Scithe,2024-10-29T10:44:59.000Z,1405895,1890999,2,"Xal'atath's Bargain: Ascendant, Fortified, Challenger's Peril, Tyrannical",Yenpal,Paladin,Protection,tank,Nightsong
1368,329.6,303614301,10,Mists of Tirna Scithe,2024-10-29T10:44:59.000Z,1405895,1890999,2,"Xal'atath's Bargain: Ascendant, Fortified, Challenger's Peril, Tyrannical",Doki,Demon Hunter,Havoc,dps,Silverwing Hold
1368,329.6,303614301,10,Mists of Tirna Scithe,2024-10-29T10:44:59.000Z,1405895,1890999,2,"Xal'atath's Bargain: Ascendant, Fortified, Challenger's Peril, Tyrannical",小牛奶,Hunter,Beast Mastery,dps,Nightsong
1369,329.6,307726936,10,Mists of Tirna Scithe,2024-11-17T14:54:31.000Z,1406131,1890999,2,"Xal'atath's Bargain: Ascendant, Tyrannical, Challenger's Peril, Fortified",秋風怒,Druid,Balance,dps,Hellscream
1369,329.6,307726936,10,Mists of Tirna Scithe,2024-11-17T14:54:31.000Z,1406131,1890999,2,"Xal'atath's Bargain: Ascendant, Tyrannical, Challenger's Peril, Fortified",二刀流封弊者,Demon Hunter,Vengeance,tank,Hellscream
1369,329.6,307726936,10,Mists of Tirna Scithe,2024-11-17T14:54:31.000Z,1406131,1890999,2,"Xal'atath's Bargain: Ascendant, Tyrannical, Challenger's Peril, Fortified",打臉騎士,Paladin,Retribution,dps,Wrathbringer
1369,329.6,307726936,10,Mists of Tirna Scithe,2024-11-17T14:54:31.000Z,1406131,1890999,2,"Xal'atath's Bargain: Ascendant, Tyrannical, Challenger's Peril, Fortified",Retest,Mage,Arcane,dps,Sundown Marsh
1369,329.6,307726936,10,Mists of Tirna Scithe,2024-11-17T14:54:31.000Z,1406131,1890999,2,"Xal'atath's Bargain: Ascendant, Tyrannical, Challenger's Peril, Fortified",咩嚕嚕啦,Druid,Restoration,healer,Frostmane
1370,329.6,302614683,10,Mists of Tirna Scithe,2024-10-25T04:05:28.000Z,1406132,1890999,2,"Xal'atath's Bargain: Ascendant, Fortified, Challenger's Peril, Tyrannical",阿拉花瓜之子,Paladin,Retribution,dps,Shadowmoon
1370,329.6,302614683,10,Mists of Tirna Scithe,2024-10-25T04:05:28.000Z,1406132,1890999,2,"Xal'atath's Bargain: Ascendant, Fortified, Challenger's Peril, Tyrannical",黑白佐佐,Death Knight,Frost,dps,Shadowmoon
1370,329.6,302614683,10,Mists of Tirna Scithe,2024-10-25T04:05:28.000Z,1406132,1890999,2,"Xal'atath's Bargain: Ascendant, Fortified, Challenger's Peril, Tyrannical",阿克婭,Mage,Arcane,dps,Shadowmoon
1370,329.6,302614683,10,Mists of Tirna Scithe,2024-10-25T04:05:28.000Z,1406132,1890999,2,"Xal'atath's Bargain: Ascendant, Fortified, Challenger's Peril, Tyrannical",醉酒臥紅塵,Priest,Discipline,healer,Bleeding Hollow
1370,329.6,302614683,10,Mists of Tirna Scithe,2024-10-25T04:05:28.000Z,1406132,1890999,2,"Xal'atath's Bargain: Ascendant, Fortified, Challenger's Peril, Tyrannical",超級小拳石,Demon Hunter,Vengeance,tank,Shadowmoon
1371,329.6,307470211,10,Mists of Tirna Scithe,2024-11-16T08:20:49.000Z,1406401,1890999,2,"Xal'atath's Bargain: Ascendant, Tyrannical, Challenger's Peril, Fortified",涅法,Mage,Frost,dps,Wrathbringer
1371,329.6,307470211,10,Mists of Tirna Scithe,2024-11-16T08:20:49.000Z,1406401,1890999,2,"Xal'atath's Bargain: Ascendant, Tyrannical, Challenger's Peril, Fortified",紫雲統夜,Shaman,Restoration,healer,Spirestone
1371,329.6,307470211,10,Mists of Tirna Scithe,2024-11-16T08:20:49.000Z,1406401,1890999,2,"Xal'atath's Bargain: Ascendant, Tyrannical, Challenger's Peril, Fortified",看我七十二變,Druid,Guardian,tank,Light's Hope
1371,329.6,307470211,10,Mists of Tirna Scithe,2024-11-16T08:20:49.000Z,1406401,1890999,2,"Xal'atath's Bargain: Ascendant, Tyrannical, Challenger's Peril, Fortified",口囗囗口,Shaman,Elemental,dps,Bleeding Hollow
1371,329.6,307470211,10,Mists of Tirna Scithe,2024-11-16T08:20:49.000Z,1406401,1890999,2,"Xal'atath's Bargain: Ascendant, Tyrannical, Challenger's Peril, Fortified",夕陽武士,Warrior,Fury,dps,Bleeding Hollow
1372,329.6,303100868,10,Mists of Tirna Scithe,2024-10-27T03:54:03.000Z,1406547,1890999,2,"Xal'atath's Bargain: Ascendant, Fortified, Challenger's Peril, Tyrannical",曉星辰,Rogue,Outlaw,dps,Arygos
1372,329.6,303100868,10,Mists of Tirna Scithe,2024-10-27T03:54:03.000Z,1406547,1890999,2,"Xal'atath's Bargain: Ascendant, Fortified, Challenger's Peril, Tyrannical",傾盆大雨,Shaman,Restoration,healer,Sundown Marsh
1372,329.6,303100868,10,Mists of Tirna Scithe,2024-10-27T03:54:03.000Z,1406547,1890999,2,"Xal'atath's Bargain: Ascendant, Fortified, Challenger's Peril, Tyrannical",天地壹沙鷗,Paladin,Retribution,dps,Arthas
1372,329.6,303100868,10,Mists of Tirna Scithe,2024-10-27T03:54:03.000Z,1406547,1890999,2,"Xal'atath's Bargain: Ascendant, Fortified, Challenger's Peril, Tyrannical",牆頭草,Shaman,Elemental,dps,Whisperwind
1372,329.6,303100868,10,Mists of Tirna Scithe,2024-10-27T03:54:03.000Z,1406547,1890999,2,"Xal'atath's Bargain: Ascendant, Fortified, Challenger's Peril, Tyrannical",鮭魚頭湯,Paladin,Protection,tank,Shadowmoon
1373,329.6,307334618,10,Mists of Tirna Scithe,2024-11-15T16:07:15.000Z,1406751,1890999,2,"Xal'atath's Bargain: Ascendant, Tyrannical, Challenger's Peril, Fortified",憤怒之薩,Shaman,Enhancement,dps,Hellscream
1373,329.6,307334618,10,Mists of Tirna Scithe,2024-11-15T16:07:15.000Z,1406751,1890999,2,"Xal'atath's Bargain: Ascendant, Tyrannical, Challenger's Peril, Fortified",蘋果好朋友,Warlock,Destruction,dps,Arthas
1373,329.6,307334618,10,Mists of Tirna Scithe,2024-11-15T16:07:15.000Z,1406751,1890999,2,"Xal'atath's Bargain: Ascendant, Tyrannical, Challenger's Peril, Fortified",牛車水,Shaman,Restoration,healer,Arthas
1373,329.6,307334618,10,Mists of Tirna Scithe,2024-11-15T16:07:15.000Z,1406751,1890999,2,"Xal'atath's Bargain: Ascendant, Tyrannical, Challenger's Peril, Fortified",Nimble,Death Knight,Blood,tank,Arthas
1373,329.6,307334618,10,Mists of Tirna Scithe,2024-11-15T16:07:15.000Z,1406751,1890999,2,"Xal'atath's Bargain: Ascendant, Tyrannical, Challenger's Peril, Fortified",滴水的小母豬,Druid,Balance,dps,Whisperwind
1374,329.6,308065656,10,Mists of Tirna Scithe,2024-11-19T12:07:13.000Z,1406910,1890999,2,"Xal'atath's Bargain: Ascendant, Tyrannical, Challenger's Peril, Fortified",剎鬼爻牙,Paladin,Retribution,dps,Crystalpine Stinger
1374,329.6,308065656,10,Mists of Tirna Scithe,2024-11-19T12:07:13.000Z,1406910,1890999,2,"Xal'atath's Bargain: Ascendant, Tyrannical, Challenger's Peril, Fortified",乳雌動人,Shaman,Restoration,healer,Chillwind Point
1374,329.6,308065656,10,Mists of Tirna Scithe,2024-11-19T12:07:13.000Z,1406910,1890999,2,"Xal'atath's Bargain: Ascendant, Tyrannical, Challenger's Peril, Fortified",可樂熊貓,Demon Hunter,Vengeance,tank,Chillwind Point
1374,329.6,308065656,10,Mists of Tirna Scithe,2024-11-19T12:07:13.000Z,1406910,1890999,2,"Xal'atath's Bargain: Ascendant, Tyrannical, Challenger's Peril, Fortified",血統薩滿,Shaman,Enhancement,dps,Crystalpine Stinger
1374,329.6,308065656,10,Mists of Tirna Scithe,2024-11-19T12:07:13.000Z,1406910,1890999,2,"Xal'atath's Bargain: Ascendant, Tyrannical, Challenger's Peril, Fortified",澤維爾,Warrior,Fury,dps,Zealot Blade
1375,329.6,307477855,10,Mists of Tirna Scithe,2024-11-16T10:07:23.000Z,1407021,1890999,2,"Xal'atath's Bargain: Ascendant, Tyrannical, Challenger's Peril, Fortified",牛角散,Druid,Balance,dps,Chillwind Point
1375,329.6,307477855,10,Mists of Tirna Scithe,2024-11-16T10:07:23.000Z,1407021,1890999,2,"Xal'atath's Bargain: Ascendant, Tyrannical, Challenger's Peril, Fortified",輝明,Paladin,Protection,tank,Sundown Marsh
1375,329.6,307477855,10,Mists of Tirna Scithe,2024-11-16T10:07:23.000Z,1407021,1890999,2,"Xal'atath's Bargain: Ascendant, Tyrannical, Challenger's Peril, Fortified",烈焰公爵,Death Knight,Frost,dps,Silverwing Hold
1375,329.6,307477855,10,Mists of Tirna Scithe,2024-11-16T10:07:23.000Z,1407021,1890999,2,"Xal'atath's Bargain: Ascendant, Tyrannical, Challenger's Peril, Fortified",橘柚子,Hunter,Beast Mastery,dps,Spirestone
1375,329.6,307477855,10,Mists of Tirna Scithe,2024-11-16T10:07:23.000Z,1407021,1890999,2,"Xal'atath's Bargain: Ascendant, Tyrannical, Challenger's Peril, Fortified",破空虛斬,Priest,Discipline,healer,Stormscale
1376,329.6,303428439,10,Mists of Tirna Scithe,2024-10-28T15:38:03.000Z,1407024,1890999,2,"Xal'atath's Bargain: Ascendant, Fortified, Challenger's Peril, Tyrannical",闇騎布洛德,Paladin,Retribution,dps,Skywall
1376,329.6,303428439,10,Mists of Tirna Scithe,2024-10-28T15:38:03.000Z,1407024,1890999,2,"Xal'atath's Bargain: Ascendant, Fortified, Challenger's Peril, Tyrannical",矇矇魚,Demon Hunter,Vengeance,tank,Shadowmoon
1376,329.6,303428439,10,Mists of Tirna Scithe,2024-10-28T15:38:03.000Z,1407024,1890999,2,"Xal'atath's Bargain: Ascendant, Fortified, Challenger's Peril, Tyrannical",辭藻,Shaman,Elemental,dps,Shadowmoon
1376,329.6,303428439,10,Mists of Tirna Scithe,2024-10-28T15:38:03.000Z,1407024,1890999,2,"Xal'atath's Bargain: Ascendant, Fortified, Challenger's Peril, Tyrannical",Mindblastbot,Priest,Discipline,healer,Wrathbringer
1376,329.6,303428439,10,Mists of Tirna Scithe,2024-10-28T15:38:03.000Z,1407024,1890999,2,"Xal'atath's Bargain: Ascendant, Fortified, Challenger's Peril, Tyrannical",阿達是隻蠢魚,Shaman,Elemental,dps,Quel'dorei
1377,329.6,303229994,10,Mists of Tirna Scithe,2024-10-27T17:48:09.000Z,1407166,1890999,2,"Xal'atath's Bargain: Ascendant, Fortified, Challenger's Peril, Tyrannical",五星火系大劍,Evoker,Devastation,dps,Nightsong
1377,329.6,303229994,10,Mists of Tirna Scithe,2024-10-27T17:48:09.000Z,1407166,1890999,2,"Xal'atath's Bargain: Ascendant, Fortified, Challenger's Peril, Tyrannical",Aurelionsol,Evoker,Preservation,healer,Whisperwind
1377,329.6,303229994,10,Mists of Tirna Scithe,2024-10-27T17:48:09.000Z,1407166,1890999,2,"Xal'atath's Bargain: Ascendant, Fortified, Challenger's Peril, Tyrannical",Didi,Warrior,Arms,dps,Quel'dorei
1377,329.6,303229994,10,Mists of Tirna Scithe,2024-10-27T17:48:09.000Z,1407166,1890999,2,"Xal'atath's Bargain: Ascendant, Fortified, Challenger's Peril, Tyrannical",天譴四騎士,Demon Hunter,Vengeance,tank,Quel'dorei
1377,329.6,303229994,10,Mists of Tirna Scithe,2024-10-27T17:48:09.000Z,1407166,1890999,2,"Xal'atath's Bargain: Ascendant, Fortified, Challenger's Peril, Tyrannical",Pureedward,Hunter,Marksmanship,dps,Nightsong
1378,329.6,303420284,10,Mists of Tirna Scithe,2024-10-28T12:45:32.000Z,1408046,1890999,2,"Xal'atath's Bargain: Ascendant, Fortified, Challenger's Peril, Tyrannical",姬紅,Warrior,Protection,tank,Shadowmoon
1378,329.6,303420284,10,Mists of Tirna Scithe,2024-10-28T12:45:32.000Z,1408046,1890999,2,"Xal'atath's Bargain: Ascendant, Fortified, Challenger's Peril, Tyrannical",皇家基爾,Shaman,Enhancement,dps,Sundown Marsh
1378,329.6,303420284,10,Mists of Tirna Scithe,2024-10-28T12:45:32.000Z,1408046,1890999,2,"Xal'atath's Bargain: Ascendant, Fortified, Challenger's Peril, Tyrannical",伊塔琳娜,Priest,Discipline,healer,Chillwind Point
1378,329.6,303420284,10,Mists of Tirna Scithe,2024-10-28T12:45:32.000Z,1408046,1890999,2,"Xal'atath's Bargain: Ascendant, Fortified, Challenger's Peril, Tyrannical",卡茲咚,Mage,Frost,dps,Sundown Marsh
1378,329.6,303420284,10,Mists of Tirna Scithe,2024-10-28T12:45:32.000Z,1408046,1890999,2,"Xal'atath's Bargain: Ascendant, Fortified, Challenger's Peril, Tyrannical",似影沉光-227121703,Paladin,Retribution,dps,Sundown Marsh
1379,329.6,308283313,10,Mists of Tirna Scithe,2024-11-20T14:39:34.000Z,1408174,1890999,2,"Xal'atath's Bargain: Ascendant, Tyrannical, Challenger's Peril, Fortified",樂格萬華,Death Knight,Frost,dps,Sundown Marsh
1379,329.6,308283313,10,Mists of Tirna Scithe,2024-11-20T14:39:34.000Z,1408174,1890999,2,"Xal'atath's Bargain: Ascendant, Tyrannical, Challenger's Peril, Fortified",染頭肥,Shaman,Restoration,healer,Sundown Marsh
1379,329.6,308283313,10,Mists of Tirna Scithe,2024-11-20T14:39:34.000Z,1408174,1890999,2,"Xal'atath's Bargain: Ascendant, Tyrannical, Challenger's Peril, Fortified",妖那媽,Death Knight,Unholy,dps,Sundown Marsh
1379,329.6,308283313,10,Mists of Tirna Scithe,2024-11-20T14:39:34.000Z,1408174,1890999,2,"Xal'atath's Bargain: Ascendant, Tyrannical, Challenger's Peril, Fortified",秋契,Paladin,Protection,tank,Sundown Marsh
1379,329.6,308283313,10,Mists of Tirna Scithe,2024-11-20T14:39:34.000Z,1408174,1890999,2,"Xal'atath's Bargain: Ascendant, Tyrannical, Challenger's Peril, Fortified",冬之嵐,Mage,Frost,dps,Sundown Marsh
1380,329.6,307170734,10,Mists of Tirna Scithe,2024-11-14T15:53:03.000Z,1408344,1890999,2,"Xal'atath's Bargain: Ascendant, Tyrannical, Challenger's Peril, Fortified",我的老天鵝阿,Warlock,Destruction,dps,Bleeding Hollow
1380,329.6,307170734,10,Mists of Tirna Scithe,2024-11-14T15:53:03.000Z,1408344,1890999,2,"Xal'atath's Bargain: Ascendant, Tyrannical, Challenger's Peril, Fortified",彌額爾,Paladin,Retribution,dps,Bleeding Hollow
1380,329.6,307170734,10,Mists of Tirna Scithe,2024-11-14T15:53:03.000Z,1408344,1890999,2,"Xal'atath's Bargain: Ascendant, Tyrannical, Challenger's Peril, Fortified",冽魂,Paladin,Holy,healer,Bleeding Hollow
1380,329.6,307170734,10,Mists of Tirna Scithe,2024-11-14T15:53:03.000Z,1408344,1890999,2,"Xal'atath's Bargain: Ascendant, Tyrannical, Challenger's Peril, Fortified",Gotfragg,Mage,Frost,dps,Spirestone
1380,329.6,307170734,10,Mists of Tirna Scithe,2024-11-14T15:53:03.000Z,1408344,1890999,2,"Xal'atath's Bargain: Ascendant, Tyrannical, Challenger's Peril, Fortified",Voidreverb,Death Knight,Blood,tank,Bleeding Hollow
1381,329.6,303144638,10,Mists of Tirna Scithe,2024-10-27T08:56:28.000Z,1408414,1890999,2,"Xal'atath's Bargain: Ascendant, Fortified, Challenger's Peril, Tyrannical",Sungshih,Paladin,Protection,tank,Shadowmoon
1381,329.6,303144638,10,Mists of Tirna Scithe,2024-10-27T08:56:28.000Z,1408414,1890999,2,"Xal'atath's Bargain: Ascendant, Fortified, Challenger's Peril, Tyrannical",牛頭薩滿,Shaman,Elemental,dps,Shadowmoon
1381,329.6,303144638,10,Mists of Tirna Scithe,2024-10-27T08:56:28.000Z,1408414,1890999,2,"Xal'atath's Bargain: Ascendant, Fortified, Challenger's Peril, Tyrannical",Revolver,Hunter,Survival,dps,Crystalpine Stinger
1381,329.6,303144638,10,Mists of Tirna Scithe,2024-10-27T08:56:28.000Z,1408414,1890999,2,"Xal'atath's Bargain: Ascendant, Fortified, Challenger's Peril, Tyrannical",嗚齁,Monk,Windwalker,dps,Sundown Marsh
1381,329.6,303144638,10,Mists of Tirna Scithe,2024-10-27T08:56:28.000Z,1408414,1890999,2,"Xal'atath's Bargain: Ascendant, Fortified, Challenger's Peril, Tyrannical",黑毛和牛,Druid,Restoration,healer,Frostmane
1382,329.6,307199655,10,Mists of Tirna Scithe,2024-11-14T19:20:34.000Z,1408619,1890999,2,"Xal'atath's Bargain: Ascendant, Tyrannical, Challenger's Peril, Fortified",然而,Demon Hunter,Havoc,dps,Nightsong
1382,329.6,307199655,10,Mists of Tirna Scithe,2024-11-14T19:20:34.000Z,1408619,1890999,2,"Xal'atath's Bargain: Ascendant, Tyrannical, Challenger's Peril, Fortified",長得像聖騎,Warrior,Fury,dps,Crystalpine Stinger
1382,329.6,307199655,10,Mists of Tirna Scithe,2024-11-14T19:20:34.000Z,1408619,1890999,2,"Xal'atath's Bargain: Ascendant, Tyrannical, Challenger's Peril, Fortified",Alupriest,Priest,Discipline,healer,Nightsong
1382,329.6,307199655,10,Mists of Tirna Scithe,2024-11-14T19:20:34.000Z,1408619,1890999,2,"Xal'atath's Bargain: Ascendant, Tyrannical, Challenger's Peril, Fortified",Faul,Paladin,Retribution,dps,Nightsong
1382,329.6,307199655,10,Mists of Tirna Scithe,2024-11-14T19:20:34.000Z,1408619,1890999,2,"Xal'atath's Bargain: Ascendant, Tyrannical, Challenger's Peril, Fortified",Chagrin-230334007,Paladin,Protection,tank,Nightsong
1383,329.6,307327238,10,Mists of Tirna Scithe,2024-11-15T15:36:53.000Z,1408848,1890999,2,"Xal'atath's Bargain: Ascendant, Tyrannical, Challenger's Peril, Fortified",椒麻布朗尼,Demon Hunter,Vengeance,tank,Sundown Marsh
1383,329.6,307327238,10,Mists of Tirna Scithe,2024-11-15T15:36:53.000Z,1408848,1890999,2,"Xal'atath's Bargain: Ascendant, Tyrannical, Challenger's Peril, Fortified",微笑飄飄,Warlock,Destruction,dps,Wrathbringer
1383,329.6,307327238,10,Mists of Tirna Scithe,2024-11-15T15:36:53.000Z,1408848,1890999,2,"Xal'atath's Bargain: Ascendant, Tyrannical, Challenger's Peril, Fortified",輝欿,Evoker,Augmentation,dps,Sundown Marsh
1383,329.6,307327238,10,Mists of Tirna Scithe,2024-11-15T15:36:53.000Z,1408848,1890999,2,"Xal'atath's Bargain: Ascendant, Tyrannical, Challenger's Peril, Fortified",我先口了,Priest,Holy,healer,Bleeding Hollow
1383,329.6,307327238,10,Mists of Tirna Scithe,2024-11-15T15:36:53.000Z,1408848,1890999,2,"Xal'atath's Bargain: Ascendant, Tyrannical, Challenger's Peril, Fortified",猜吟蚊,Mage,Frost,dps,Sundown Marsh
1384,329.5,308313835,10,Mists of Tirna Scithe,2024-11-20T18:25:41.000Z,1409982,1890999,2,"Xal'atath's Bargain: Ascendant, Tyrannical, Challenger's Peril, Fortified",天生,Paladin,Protection,tank,Demon Fall Canyon
1384,329.5,308313835,10,Mists of Tirna Scithe,2024-11-20T18:25:41.000Z,1409982,1890999,2,"Xal'atath's Bargain: Ascendant, Tyrannical, Challenger's Peril, Fortified",幻溟,Mage,Frost,dps,Bleeding Hollow
1384,329.5,308313835,10,Mists of Tirna Scithe,2024-11-20T18:25:41.000Z,1409982,1890999,2,"Xal'atath's Bargain: Ascendant, Tyrannical, Challenger's Peril, Fortified",Gwyn,Death Knight,Frost,dps,Light's Hope
1384,329.5,308313835,10,Mists of Tirna Scithe,2024-11-20T18:25:41.000Z,1409982,1890999,2,"Xal'atath's Bargain: Ascendant, Tyrannical, Challenger's Peril, Fortified",雨後茉莉,Priest,Holy,healer,Demon Fall Canyon
1384,329.5,308313835,10,Mists of Tirna Scithe,2024-11-20T18:25:41.000Z,1409982,1890999,2,"Xal'atath's Bargain: Ascendant, Tyrannical, Challenger's Peril, Fortified",真香鹿,Hunter,Marksmanship,dps,Frostmane
1385,329.5,307321863,10,Mists of Tirna Scithe,2024-11-15T15:25:17.000Z,1410411,1890999,2,"Xal'atath's Bargain: Ascendant, Tyrannical, Challenger's Peril, Fortified",想想可熱果,Warlock,Destruction,dps,Sundown Marsh
1385,329.5,307321863,10,Mists of Tirna Scithe,2024-11-15T15:25:17.000Z,1410411,1890999,2,"Xal'atath's Bargain: Ascendant, Tyrannical, Challenger's Peril, Fortified",鬥鬥機,Monk,Mistweaver,healer,Sundown Marsh
1385,329.5,307321863,10,Mists of Tirna Scithe,2024-11-15T15:25:17.000Z,1410411,1890999,2,"Xal'atath's Bargain: Ascendant, Tyrannical, Challenger's Peril, Fortified",蕭先生,Mage,Frost,dps,Sundown Marsh
1385,329.5,307321863,10,Mists of Tirna Scithe,2024-11-15T15:25:17.000Z,1410411,1890999,2,"Xal'atath's Bargain: Ascendant, Tyrannical, Challenger's Peril, Fortified",小茅驢,Rogue,Assassination,dps,Stormscale
1385,329.5,307321863,10,Mists of Tirna Scithe,2024-11-15T15:25:17.000Z,1410411,1890999,2,"Xal'atath's Bargain: Ascendant, Tyrannical, Challenger's Peril, Fortified",青丘閻羅,Death Knight,Blood,tank,Sundown Marsh
1386,329.5,301883252,10,Mists of Tirna Scithe,2024-11-14T17:02:47.000Z,1410589,1890999,2,"Xal'atath's Bargain: Ascendant, Tyrannical, Challenger's Peril, Fortified",柳橙丁,Mage,Arcane,dps,Zealot Blade
1386,329.5,301883252,10,Mists of Tirna Scithe,2024-11-14T17:02:47.000Z,1410589,1890999,2,"Xal'atath's Bargain: Ascendant, Tyrannical, Challenger's Peril, Fortified",血騎熊貓,Death Knight,Unholy,dps,Arygos
1386,329.5,301883252,10,Mists of Tirna Scithe,2024-11-14T17:02:47.000Z,1410589,1890999,2,"Xal'atath's Bargain: Ascendant, Tyrannical, Challenger's Peril, Fortified",黛芙妮絲,Evoker,Preservation,healer,Arygos
1386,329.5,301883252,10,Mists of Tirna Scithe,2024-11-14T17:02:47.000Z,1410589,1890999,2,"Xal'atath's Bargain: Ascendant, Tyrannical, Challenger's Peril, Fortified",慧嬿,Death Knight,Blood,tank,Arygos
1386,329.5,301883252,10,Mists of Tirna Scithe,2024-11-14T17:02:47.000Z,1410589,1890999,2,"Xal'atath's Bargain: Ascendant, Tyrannical, Challenger's Peril, Fortified",豆腐天尊,Monk,Windwalker,dps,Arygos
1387,329.5,303887557,10,Mists of Tirna Scithe,2024-10-30T18:34:41.000Z,1411916,1890999,2,"Xal'atath's Bargain: Ascendant, Fortified, Challenger's Peril, Tyrannical",牧瀬紅莉栖,Warlock,Destruction,dps,Hellscream
1387,329.5,303887557,10,Mists of Tirna Scithe,2024-10-30T18:34:41.000Z,1411916,1890999,2,"Xal'atath's Bargain: Ascendant, Fortified, Challenger's Peril, Tyrannical",維娜冷夜,Shaman,Elemental,dps,World Tree
1387,329.5,303887557,10,Mists of Tirna Scithe,2024-10-30T18:34:41.000Z,1411916,1890999,2,"Xal'atath's Bargain: Ascendant, Fortified, Challenger's Peril, Tyrannical",Nyx,Priest,Discipline,healer,Frostmane
1387,329.5,303887557,10,Mists of Tirna Scithe,2024-10-30T18:34:41.000Z,1411916,1890999,2,"Xal'atath's Bargain: Ascendant, Fortified, Challenger's Peril, Tyrannical",李李牛,Druid,Guardian,tank,Shadowmoon
1387,329.5,303887557,10,Mists of Tirna Scithe,2024-10-30T18:34:41.000Z,1411916,1890999,2,"Xal'atath's Bargain: Ascendant, Fortified, Challenger's Peril, Tyrannical",小小薩,Shaman,Enhancement,dps,Hellscream
1388,329.5,307660895,10,Mists of Tirna Scithe,2024-11-17T05:37:17.000Z,1412017,1890999,2,"Xal'atath's Bargain: Ascendant, Tyrannical, Challenger's Peril, Fortified",Anon687EAAD,Paladin,Retribution,dps,Anonymous
1388,329.5,307660895,10,Mists of Tirna Scithe,2024-11-17T05:37:17.000Z,1412017,1890999,2,"Xal'atath's Bargain: Ascendant, Tyrannical, Challenger's Peril, Fortified",黯冰沁,Demon Hunter,Vengeance,tank,Wrathbringer
1388,329.5,307660895,10,Mists of Tirna Scithe,2024-11-17T05:37:17.000Z,1412017,1890999,2,"Xal'atath's Bargain: Ascendant, Tyrannical, Challenger's Peril, Fortified",灰色魔女,Warlock,Destruction,dps,Arygos
1388,329.5,307660895,10,Mists of Tirna Scithe,2024-11-17T05:37:17.000Z,1412017,1890999,2,"Xal'atath's Bargain: Ascendant, Tyrannical, Challenger's Peril, Fortified",乾巧,Rogue,Assassination,dps,Wrathbringer
1388,329.5,307660895,10,Mists of Tirna Scithe,2024-11-17T05:37:17.000Z,1412017,1890999,2,"Xal'atath's Bargain: Ascendant, Tyrannical, Challenger's Peril, Fortified",青番宮美春掐,Shaman,Restoration,healer,World Tree
1389,329.5,307905411,10,Mists of Tirna Scithe,2024-11-18T13:21:33.000Z,1412027,1890999,2,"Xal'atath's Bargain: Ascendant, Tyrannical, Challenger's Peril, Fortified",七期陳老爺,Warlock,Demonology,dps,Frostmane
1389,329.5,307905411,10,Mists of Tirna Scithe,2024-11-18T13:21:33.000Z,1412027,1890999,2,"Xal'atath's Bargain: Ascendant, Tyrannical, Challenger's Peril, Fortified",野生的熊本熊,Druid,Guardian,tank,Sundown Marsh
1389,329.5,307905411,10,Mists of Tirna Scithe,2024-11-18T13:21:33.000Z,1412027,1890999,2,"Xal'atath's Bargain: Ascendant, Tyrannical, Challenger's Peril, Fortified",三國薩,Shaman,Enhancement,dps,Sundown Marsh
1389,329.5,307905411,10,Mists of Tirna Scithe,2024-11-18T13:21:33.000Z,1412027,1890999,2,"Xal'atath's Bargain: Ascendant, Tyrannical, Challenger's Peril, Fortified",轉生貴族,Shaman,Restoration,healer,Sundown Marsh
1389,329.5,307905411,10,Mists of Tirna Scithe,2024-11-18T13:21:33.000Z,1412027,1890999,2,"Xal'atath's Bargain: Ascendant, Tyrannical, Challenger's Peril, Fortified",有顆芭樂,Paladin,Retribution,dps,Shadowmoon
1390,329.5,302438598,10,Mists of Tirna Scithe,2024-10-24T06:22:51.000Z,1412058,1890999,2,"Xal'atath's Bargain: Ascendant, Fortified, Challenger's Peril, Tyrannical",Colorless,Priest,Holy,healer,Zealot Blade
1390,329.5,302438598,10,Mists of Tirna Scithe,2024-10-24T06:22:51.000Z,1412058,1890999,2,"Xal'atath's Bargain: Ascendant, Fortified, Challenger's Peril, Tyrannical",Ivel,Rogue,Assassination,dps,Demon Fall Canyon
1390,329.5,302438598,10,Mists of Tirna Scithe,2024-10-24T06:22:51.000Z,1412058,1890999,2,"Xal'atath's Bargain: Ascendant, Fortified, Challenger's Peril, Tyrannical",蒂法妮娅,Evoker,Augmentation,dps,Chillwind Point
1390,329.5,302438598,10,Mists of Tirna Scithe,2024-10-24T06:22:51.000Z,1412058,1890999,2,"Xal'atath's Bargain: Ascendant, Fortified, Challenger's Peril, Tyrannical",賴清德撲,Druid,Guardian,tank,Bleeding Hollow
1390,329.5,302438598,10,Mists of Tirna Scithe,2024-10-24T06:22:51.000Z,1412058,1890999,2,"Xal'atath's Bargain: Ascendant, Fortified, Challenger's Peril, Tyrannical",鴨梨的頭髮,Shaman,Elemental,dps,Chillwind Point
1391,329.5,302686432,10,Mists of Tirna Scithe,2024-10-25T15:35:38.000Z,1412093,1890999,2,"Xal'atath's Bargain: Ascendant, Fortified, Challenger's Peril, Tyrannical",伊露恩殞落,Death Knight,Blood,tank,Hellscream
1391,329.5,302686432,10,Mists of Tirna Scithe,2024-10-25T15:35:38.000Z,1412093,1890999,2,"Xal'atath's Bargain: Ascendant, Fortified, Challenger's Peril, Tyrannical",肆甜小娟,Shaman,Elemental,dps,Sundown Marsh
1391,329.5,302686432,10,Mists of Tirna Scithe,2024-10-25T15:35:38.000Z,1412093,1890999,2,"Xal'atath's Bargain: Ascendant, Fortified, Challenger's Peril, Tyrannical",Bydp,Priest,Discipline,healer,Frostmane
1391,329.5,302686432,10,Mists of Tirna Scithe,2024-10-25T15:35:38.000Z,1412093,1890999,2,"Xal'atath's Bargain: Ascendant, Fortified, Challenger's Peril, Tyrannical",Jibarogue,Rogue,Outlaw,dps,World Tree
1391,329.5,302686432,10,Mists of Tirna Scithe,2024-10-25T15:35:38.000Z,1412093,1890999,2,"Xal'atath's Bargain: Ascendant, Fortified, Challenger's Peril, Tyrannical",安特術,Warlock,Destruction,dps,Shadowmoon
1392,329.5,308297479,10,Mists of Tirna Scithe,2024-11-20T16:25:44.000Z,1412110,1890999,2,"Xal'atath's Bargain: Ascendant, Tyrannical, Challenger's Peril, Fortified",戰鬥肥仔,Hunter,Beast Mastery,dps,Stormscale
1392,329.5,308297479,10,Mists of Tirna Scithe,2024-11-20T16:25:44.000Z,1412110,1890999,2,"Xal'atath's Bargain: Ascendant, Tyrannical, Challenger's Peril, Fortified",Pong,Paladin,Protection,tank,Stormscale
1392,329.5,308297479,10,Mists of Tirna Scithe,2024-11-20T16:25:44.000Z,1412110,1890999,2,"Xal'atath's Bargain: Ascendant, Tyrannical, Challenger's Peril, Fortified",恐懼圖騰,Shaman,Enhancement,dps,Stormscale
1392,329.5,308297479,10,Mists of Tirna Scithe,2024-11-20T16:25:44.000Z,1412110,1890999,2,"Xal'atath's Bargain: Ascendant, Tyrannical, Challenger's Peril, Fortified",湫風,Priest,Discipline,healer,Stormscale
1392,329.5,308297479,10,Mists of Tirna Scithe,2024-11-20T16:25:44.000Z,1412110,1890999,2,"Xal'atath's Bargain: Ascendant, Tyrannical, Challenger's Peril, Fortified",盜賊發大財,Rogue,Assassination,dps,Stormscale
1393,329.5,297905444,10,Mists of Tirna Scithe,2024-10-24T14:54:31.000Z,1412728,1890999,2,"Xal'atath's Bargain: Ascendant, Fortified, Challenger's Peril, Tyrannical",Shadows,Death Knight,Frost,dps,Chillwind Point
1393,329.5,297905444,10,Mists of Tirna Scithe,2024-10-24T14:54:31.000Z,1412728,1890999,2,"Xal'atath's Bargain: Ascendant, Fortified, Challenger's Peril, Tyrannical",天神判罪,Warrior,Protection,tank,Crystalpine Stinger
1393,329.5,297905444,10,Mists of Tirna Scithe,2024-10-24T14:54:31.000Z,1412728,1890999,2,"Xal'atath's Bargain: Ascendant, Fortified, Challenger's Peril, Tyrannical",風暴雷魂,Shaman,Elemental,dps,Crystalpine Stinger
1393,329.5,297905444,10,Mists of Tirna Scithe,2024-10-24T14:54:31.000Z,1412728,1890999,2,"Xal'atath's Bargain: Ascendant, Fortified, Challenger's Peril, Tyrannical",寒星玥影,Paladin,Retribution,dps,Crystalpine Stinger
1393,329.5,297905444,10,Mists of Tirna Scithe,2024-10-24T14:54:31.000Z,1412728,1890999,2,"Xal'atath's Bargain: Ascendant, Fortified, Challenger's Peril, Tyrannical",這還是國內嗎,Shaman,Restoration,healer,Crystalpine Stinger
1394,329.5,302712904,10,Mists of Tirna Scithe,2024-10-24T17:44:50.000Z,1413166,1890999,2,"Xal'atath's Bargain: Ascendant, Fortified, Challenger's Peril, Tyrannical",雷霆小白,Warrior,Protection,tank,Sundown Marsh
1394,329.5,302712904,10,Mists of Tirna Scithe,2024-10-24T17:44:50.000Z,1413166,1890999,2,"Xal'atath's Bargain: Ascendant, Fortified, Challenger's Peril, Tyrannical",波拿拿,Priest,Shadow,dps,Demon Fall Canyon
1394,329.5,302712904,10,Mists of Tirna Scithe,2024-10-24T17:44:50.000Z,1413166,1890999,2,"Xal'atath's Bargain: Ascendant, Fortified, Challenger's Peril, Tyrannical",Ayanna,Paladin,Retribution,dps,Bleeding Hollow
1394,329.5,302712904,10,Mists of Tirna Scithe,2024-10-24T17:44:50.000Z,1413166,1890999,2,"Xal'atath's Bargain: Ascendant, Fortified, Challenger's Peril, Tyrannical",諭示裁定樞機,Shaman,Restoration,healer,Shadowmoon
1394,329.5,302712904,10,Mists of Tirna Scithe,2024-10-24T17:44:50.000Z,1413166,1890999,2,"Xal'atath's Bargain: Ascendant, Fortified, Challenger's Peril, Tyrannical",Loathing,Mage,Frost,dps,Sundown Marsh
1395,329.5,302621982,10,Mists of Tirna Scithe,2024-10-25T05:51:18.000Z,1413726,1890999,2,"Xal'atath's Bargain: Ascendant, Fortified, Challenger's Peril, Tyrannical",Elam,Paladin,Holy,healer,Bleeding Hollow
1395,329.5,302621982,10,Mists of Tirna Scithe,2024-10-25T05:51:18.000Z,1413726,1890999,2,"Xal'atath's Bargain: Ascendant, Fortified, Challenger's Peril, Tyrannical",Azur,Paladin,Protection,tank,Bleeding Hollow
1395,329.5,302621982,10,Mists of Tirna Scithe,2024-10-25T05:51:18.000Z,1413726,1890999,2,"Xal'atath's Bargain: Ascendant, Fortified, Challenger's Peril, Tyrannical",龍奈雅焰靈,Evoker,Devastation,dps,Nightsong
1395,329.5,302621982,10,Mists of Tirna Scithe,2024-10-25T05:51:18.000Z,1413726,1890999,2,"Xal'atath's Bargain: Ascendant, Fortified, Challenger's Peril, Tyrannical",雪嵐,Warlock,Demonology,dps,Dragonmaw
1395,329.5,302621982,10,Mists of Tirna Scithe,2024-10-25T05:51:18.000Z,1413726,1890999,2,"Xal'atath's Bargain: Ascendant, Fortified, Challenger's Peril, Tyrannical",哈驀,Warlock,Demonology,dps,Nightsong
1396,329.5,307895051,10,Mists of Tirna Scithe,2024-11-17T18:21:37.000Z,1413803,1890999,2,"Xal'atath's Bargain: Ascendant, Tyrannical, Challenger's Peril, Fortified",夜血鳳,Warlock,Destruction,dps,Sundown Marsh
1396,329.5,307895051,10,Mists of Tirna Scithe,2024-11-17T18:21:37.000Z,1413803,1890999,2,"Xal'atath's Bargain: Ascendant, Tyrannical, Challenger's Peril, Fortified",火箭跳躍,Death Knight,Blood,tank,Wrathbringer
1396,329.5,307895051,10,Mists of Tirna Scithe,2024-11-17T18:21:37.000Z,1413803,1890999,2,"Xal'atath's Bargain: Ascendant, Tyrannical, Challenger's Peril, Fortified",Keyhongan,Warrior,Fury,dps,Demon Fall Canyon
1396,329.5,307895051,10,Mists of Tirna Scithe,2024-11-17T18:21:37.000Z,1413803,1890999,2,"Xal'atath's Bargain: Ascendant, Tyrannical, Challenger's Peril, Fortified",桃芷,Druid,Restoration,healer,Stormscale
1396,329.5,307895051,10,Mists of Tirna Scithe,2024-11-17T18:21:37.000Z,1413803,1890999,2,"Xal'atath's Bargain: Ascendant, Tyrannical, Challenger's Peril, Fortified",Shamango,Shaman,Enhancement,dps,Wrathbringer
1397,329.5,303849475,10,Mists of Tirna Scithe,2024-10-30T12:05:34.000Z,1413808,1890999,2,"Xal'atath's Bargain: Ascendant, Fortified, Challenger's Peril, Tyrannical",德魯疑,Druid,Restoration,healer,Wrathbringer
1397,329.5,303849475,10,Mists of Tirna Scithe,2024-10-30T12:05:34.000Z,1413808,1890999,2,"Xal'atath's Bargain: Ascendant, Fortified, Challenger's Peril, Tyrannical",Hurricane,Mage,Frost,dps,Wrathbringer
1397,329.5,303849475,10,Mists of Tirna Scithe,2024-10-30T12:05:34.000Z,1413808,1890999,2,"Xal'atath's Bargain: Ascendant, Fortified, Challenger's Peril, Tyrannical",未央斯基,Death Knight,Blood,tank,Silverwing Hold
1397,329.5,303849475,10,Mists of Tirna Scithe,2024-10-30T12:05:34.000Z,1413808,1890999,2,"Xal'atath's Bargain: Ascendant, Fortified, Challenger's Peril, Tyrannical",瘋狂巧卉,Warlock,Demonology,dps,Frostmane
1397,329.5,303849475,10,Mists of Tirna Scithe,2024-10-30T12:05:34.000Z,1413808,1890999,2,"Xal'atath's Bargain: Ascendant, Fortified, Challenger's Peril, Tyrannical",緣分就到這,Paladin,Retribution,dps,Bleeding Hollow
1398,329.5,302843642,10,Mists of Tirna Scithe,2024-10-25T16:39:58.000Z,1414273,1890999,2,"Xal'atath's Bargain: Ascendant, Fortified, Challenger's Peril, Tyrannical",希希醬,Paladin,Protection,tank,Sundown Marsh
1398,329.5,302843642,10,Mists of Tirna Scithe,2024-10-25T16:39:58.000Z,1414273,1890999,2,"Xal'atath's Bargain: Ascendant, Fortified, Challenger's Peril, Tyrannical",叉燒便當,Monk,Windwalker,dps,Sundown Marsh
1398,329.5,302843642,10,Mists of Tirna Scithe,2024-10-25T16:39:58.000Z,1414273,1890999,2,"Xal'atath's Bargain: Ascendant, Fortified, Challenger's Peril, Tyrannical",鱸魚減肥中,Hunter,Marksmanship,dps,Sundown Marsh
1398,329.5,302843642,10,Mists of Tirna Scithe,2024-10-25T16:39:58.000Z,1414273,1890999,2,"Xal'atath's Bargain: Ascendant, Fortified, Challenger's Peril, Tyrannical",枺玥,Hunter,Survival,dps,Demon Fall Canyon
1398,329.5,302843642,10,Mists of Tirna Scithe,2024-10-25T16:39:58.000Z,1414273,1890999,2,"Xal'atath's Bargain: Ascendant, Fortified, Challenger's Peril, Tyrannical",你根本不愛我-226668211,Priest,Discipline,healer,Sundown Marsh
1399,329.5,303423981,10,Mists of Tirna Scithe,2024-10-28T14:34:00.000Z,1414294,1890999,2,"Xal'atath's Bargain: Ascendant, Fortified, Challenger's Peril, Tyrannical",Taengsic,Priest,Shadow,dps,Wrathbringer
1399,329.5,303423981,10,Mists of Tirna Scithe,2024-10-28T14:34:00.000Z,1414294,1890999,2,"Xal'atath's Bargain: Ascendant, Fortified, Challenger's Peril, Tyrannical",肥鬼,Druid,Balance,dps,Sundown Marsh
1399,329.5,303423981,10,Mists of Tirna Scithe,2024-10-28T14:34:00.000Z,1414294,1890999,2,"Xal'atath's Bargain: Ascendant, Fortified, Challenger's Peril, Tyrannical",震懾波,Warrior,Protection,tank,Wrathbringer
1399,329.5,303423981,10,Mists of Tirna Scithe,2024-10-28T14:34:00.000Z,1414294,1890999,2,"Xal'atath's Bargain: Ascendant, Fortified, Challenger's Peril, Tyrannical",Felixdruid,Druid,Restoration,healer,Sundown Marsh
1399,329.5,303423981,10,Mists of Tirna Scithe,2024-10-28T14:34:00.000Z,1414294,1890999,2,"Xal'atath's Bargain: Ascendant, Fortified, Challenger's Peril, Tyrannical",思嬌大法師,Mage,Frost,dps,Sundown Marsh
1400,329.4,307538736,10,Mists of Tirna Scithe,2024-11-16T17:28:03.000Z,1414512,1890999,2,"Xal'atath's Bargain: Ascendant, Tyrannical, Challenger's Peril, Fortified",豫曉楓,Druid,Guardian,tank,Crystalpine Stinger
1400,329.4,307538736,10,Mists of Tirna Scithe,2024-11-16T17:28:03.000Z,1414512,1890999,2,"Xal'atath's Bargain: Ascendant, Tyrannical, Challenger's Peril, Fortified",Crishna,Death Knight,Unholy,dps,Sundown Marsh
1400,329.4,307538736,10,Mists of Tirna Scithe,2024-11-16T17:28:03.000Z,1414512,1890999,2,"Xal'atath's Bargain: Ascendant, Tyrannical, Challenger's Peril, Fortified",贈送飲品一杯,Druid,Balance,dps,Hellscream
1400,329.4,307538736,10,Mists of Tirna Scithe,2024-11-16T17:28:03.000Z,1414512,1890999,2,"Xal'atath's Bargain: Ascendant, Tyrannical, Challenger's Peril, Fortified",未打怪先爐石,Priest,Discipline,healer,Sundown Marsh
1400,329.4,307538736,10,Mists of Tirna Scithe,2024-11-16T17:28:03.000Z,1414512,1890999,2,"Xal'atath's Bargain: Ascendant, Tyrannical, Challenger's Peril, Fortified",史落雷坦,Warrior,Fury,dps,Demon Fall Canyon
1401,329.4,308302349,10,Mists of Tirna Scithe,2024-11-20T13:39:48.000Z,1414670,1890999,2,"Xal'atath's Bargain: Ascendant, Tyrannical, Challenger's Peril, Fortified",乂風之星辰乂,Mage,Frost,dps,Skywall
1401,329.4,308302349,10,Mists of Tirna Scithe,2024-11-20T13:39:48.000Z,1414670,1890999,2,"Xal'atath's Bargain: Ascendant, Tyrannical, Challenger's Peril, Fortified",阿拉貝絲特,Paladin,Retribution,dps,Skywall
1401,329.4,308302349,10,Mists of Tirna Scithe,2024-11-20T13:39:48.000Z,1414670,1890999,2,"Xal'atath's Bargain: Ascendant, Tyrannical, Challenger's Peril, Fortified",德安佳汎,Warlock,Demonology,dps,Skywall
1401,329.4,308302349,10,Mists of Tirna Scithe,2024-11-20T13:39:48.000Z,1414670,1890999,2,"Xal'atath's Bargain: Ascendant, Tyrannical, Challenger's Peril, Fortified",薩攏摩,Shaman,Restoration,healer,Skywall
1401,329.4,308302349,10,Mists of Tirna Scithe,2024-11-20T13:39:48.000Z,1414670,1890999,2,"Xal'atath's Bargain: Ascendant, Tyrannical, Challenger's Peril, Fortified",禿光頭,Paladin,Protection,tank,Skywall
1402,329.4,302705129,10,Mists of Tirna Scithe,2024-10-25T16:29:54.000Z,1414958,1890999,2,"Xal'atath's Bargain: Ascendant, Fortified, Challenger's Peril, Tyrannical",違反善良風俗-49391768,Warlock,Demonology,dps,Zealot Blade
1402,329.4,302705129,10,Mists of Tirna Scithe,2024-10-25T16:29:54.000Z,1414958,1890999,2,"Xal'atath's Bargain: Ascendant, Fortified, Challenger's Peril, Tyrannical",薩滿喵,Shaman,Restoration,healer,Shadowmoon
1402,329.4,302705129,10,Mists of Tirna Scithe,2024-10-25T16:29:54.000Z,1414958,1890999,2,"Xal'atath's Bargain: Ascendant, Fortified, Challenger's Peril, Tyrannical",俏麗老師,Paladin,Protection,tank,Whisperwind
1402,329.4,302705129,10,Mists of Tirna Scithe,2024-10-25T16:29:54.000Z,1414958,1890999,2,"Xal'atath's Bargain: Ascendant, Fortified, Challenger's Peril, Tyrannical",貧血患者,Death Knight,Frost,dps,Quel'dorei
1402,329.4,302705129,10,Mists of Tirna Scithe,2024-10-25T16:29:54.000Z,1414958,1890999,2,"Xal'atath's Bargain: Ascendant, Fortified, Challenger's Peril, Tyrannical",我給忘了,Paladin,Retribution,dps,Arthas
1403,329.4,303888780,10,Mists of Tirna Scithe,2024-10-30T13:37:05.000Z,1415239,1890999,2,"Xal'atath's Bargain: Ascendant, Fortified, Challenger's Peril, Tyrannical",歡叔叔,Paladin,Retribution,dps,Hellscream
1403,329.4,303888780,10,Mists of Tirna Scithe,2024-10-30T13:37:05.000Z,1415239,1890999,2,"Xal'atath's Bargain: Ascendant, Fortified, Challenger's Peril, Tyrannical",Spocky,Warrior,Protection,tank,Arthas
1403,329.4,303888780,10,Mists of Tirna Scithe,2024-10-30T13:37:05.000Z,1415239,1890999,2,"Xal'atath's Bargain: Ascendant, Fortified, Challenger's Peril, Tyrannical",瀨明秀俊,Hunter,Beast Mastery,dps,Arthas
1403,329.4,303888780,10,Mists of Tirna Scithe,2024-10-30T13:37:05.000Z,1415239,1890999,2,"Xal'atath's Bargain: Ascendant, Fortified, Challenger's Peril, Tyrannical",一個謎,Warrior,Fury,dps,Hellscream
1403,329.4,303888780,10,Mists of Tirna Scithe,2024-10-30T13:37:05.000Z,1415239,1890999,2,"Xal'atath's Bargain: Ascendant, Fortified, Challenger's Peril, Tyrannical",牛車水,Shaman,Restoration,healer,Arthas
1404,329.4,307662287,10,Mists of Tirna Scithe,2024-11-17T05:58:04.000Z,1415983,1890999,2,"Xal'atath's Bargain: Ascendant, Tyrannical, Challenger's Peril, Fortified",Tanzanite,Druid,Restoration,healer,Hellscream
1404,329.4,307662287,10,Mists of Tirna Scithe,2024-11-17T05:58:04.000Z,1415983,1890999,2,"Xal'atath's Bargain: Ascendant, Tyrannical, Challenger's Peril, Fortified",Antyk,Mage,Arcane,dps,Hellscream
1404,329.4,307662287,10,Mists of Tirna Scithe,2024-11-17T05:58:04.000Z,1415983,1890999,2,"Xal'atath's Bargain: Ascendant, Tyrannical, Challenger's Peril, Fortified",淺笑嫣然,Paladin,Retribution,dps,Demon Fall Canyon
1404,329.4,307662287,10,Mists of Tirna Scithe,2024-11-17T05:58:04.000Z,1415983,1890999,2,"Xal'atath's Bargain: Ascendant, Tyrannical, Challenger's Peril, Fortified",囧死騎-228829417,Death Knight,Frost,dps,Stormscale
1404,329.4,307662287,10,Mists of Tirna Scithe,2024-11-17T05:58:04.000Z,1415983,1890999,2,"Xal'atath's Bargain: Ascendant, Tyrannical, Challenger's Peril, Fortified",脫光光硬綁綁,Paladin,Protection,tank,Sundown Marsh
1405,329.4,307721382,10,Mists of Tirna Scithe,2024-11-17T14:13:47.000Z,1416116,1890999,2,"Xal'atath's Bargain: Ascendant, Tyrannical, Challenger's Peril, Fortified",東南,Druid,Guardian,tank,Sundown Marsh
1405,329.4,307721382,10,Mists of Tirna Scithe,2024-11-17T14:13:47.000Z,1416116,1890999,2,"Xal'atath's Bargain: Ascendant, Tyrannical, Challenger's Peril, Fortified",凝夢,Hunter,Survival,dps,Sundown Marsh
1405,329.4,307721382,10,Mists of Tirna Scithe,2024-11-17T14:13:47.000Z,1416116,1890999,2,"Xal'atath's Bargain: Ascendant, Tyrannical, Challenger's Peril, Fortified",小蛤發,Evoker,Augmentation,dps,Sundown Marsh
1405,329.4,307721382,10,Mists of Tirna Scithe,2024-11-17T14:13:47.000Z,1416116,1890999,2,"Xal'atath's Bargain: Ascendant, Tyrannical, Challenger's Peril, Fortified",Cissiela,Priest,Holy,healer,Nightsong
1405,329.4,307721382,10,Mists of Tirna Scithe,2024-11-17T14:13:47.000Z,1416116,1890999,2,"Xal'atath's Bargain: Ascendant, Tyrannical, Challenger's Peril, Fortified",梅子雪碧,Rogue,Assassination,dps,Spirestone
1406,329.4,308292209,10,Mists of Tirna Scithe,2024-11-20T12:49:17.000Z,1416762,1890999,2,"Xal'atath's Bargain: Ascendant, Tyrannical, Challenger's Peril, Fortified",馬克啾尼爾,Shaman,Enhancement,dps,Light's Hope
1406,329.4,308292209,10,Mists of Tirna Scithe,2024-11-20T12:49:17.000Z,1416762,1890999,2,"Xal'atath's Bargain: Ascendant, Tyrannical, Challenger's Peril, Fortified",贊芸,Druid,Restoration,healer,Frostmane
1406,329.4,308292209,10,Mists of Tirna Scithe,2024-11-20T12:49:17.000Z,1416762,1890999,2,"Xal'atath's Bargain: Ascendant, Tyrannical, Challenger's Peril, Fortified",雪夜,Hunter,Survival,dps,Light's Hope
1406,329.4,308292209,10,Mists of Tirna Scithe,2024-11-20T12:49:17.000Z,1416762,1890999,2,"Xal'atath's Bargain: Ascendant, Tyrannical, Challenger's Peril, Fortified",憨厚浪三爺,Paladin,Retribution,dps,Light's Hope
1406,329.4,308292209,10,Mists of Tirna Scithe,2024-11-20T12:49:17.000Z,1416762,1890999,2,"Xal'atath's Bargain: Ascendant, Tyrannical, Challenger's Peril, Fortified",墨染璃瞳,Warrior,Protection,tank,Shadowmoon
1407,329.4,302451226,10,Mists of Tirna Scithe,2024-10-24T08:56:31.000Z,1416950,1890999,2,"Xal'atath's Bargain: Ascendant, Fortified, Challenger's Peril, Tyrannical",車九-52741482,Paladin,Protection,tank,Sundown Marsh
1407,329.4,302451226,10,Mists of Tirna Scithe,2024-10-24T08:56:31.000Z,1416950,1890999,2,"Xal'atath's Bargain: Ascendant, Fortified, Challenger's Peril, Tyrannical",靈風,Priest,Discipline,healer,World Tree
1407,329.4,302451226,10,Mists of Tirna Scithe,2024-10-24T08:56:31.000Z,1416950,1890999,2,"Xal'atath's Bargain: Ascendant, Fortified, Challenger's Peril, Tyrannical",Désir,Shaman,Elemental,dps,Shadowmoon
1407,329.4,302451226,10,Mists of Tirna Scithe,2024-10-24T08:56:31.000Z,1416950,1890999,2,"Xal'atath's Bargain: Ascendant, Fortified, Challenger's Peril, Tyrannical",火焰魔君,Warlock,Destruction,dps,Hellscream
1407,329.4,302451226,10,Mists of Tirna Scithe,2024-10-24T08:56:31.000Z,1416950,1890999,2,"Xal'atath's Bargain: Ascendant, Fortified, Challenger's Peril, Tyrannical",圖恩卡,Paladin,Retribution,dps,World Tree
1408,329.4,303808860,10,Mists of Tirna Scithe,2024-10-29T21:32:46.000Z,1417033,1890999,2,"Xal'atath's Bargain: Ascendant, Fortified, Challenger's Peril, Tyrannical",牛奶大乳腺,Druid,Guardian,tank,Nightsong
1408,329.4,303808860,10,Mists of Tirna Scithe,2024-10-29T21:32:46.000Z,1417033,1890999,2,"Xal'atath's Bargain: Ascendant, Fortified, Challenger's Peril, Tyrannical",米妮妮小肚嘟,Shaman,Elemental,dps,Zealot Blade
1408,329.4,303808860,10,Mists of Tirna Scithe,2024-10-29T21:32:46.000Z,1417033,1890999,2,"Xal'atath's Bargain: Ascendant, Fortified, Challenger's Peril, Tyrannical",狠餃色,Druid,Balance,dps,Nightsong
1408,329.4,303808860,10,Mists of Tirna Scithe,2024-10-29T21:32:46.000Z,1417033,1890999,2,"Xal'atath's Bargain: Ascendant, Fortified, Challenger's Peril, Tyrannical",Raven,Priest,Holy,healer,Zealot Blade
1408,329.4,303808860,10,Mists of Tirna Scithe,2024-10-29T21:32:46.000Z,1417033,1890999,2,"Xal'atath's Bargain: Ascendant, Fortified, Challenger's Peril, Tyrannical",補我啊,Death Knight,Frost,dps,Zealot Blade
1409,329.4,295276875,10,Mists of Tirna Scithe,2024-09-25T17:07:13.000Z,1417077,1890999,2,"Xal'atath's Bargain: Ascendant, Tyrannical, Challenger's Peril, Fortified",Angeralastor,Demon Hunter,Vengeance,tank,Icecrown
1409,329.4,295276875,10,Mists of Tirna Scithe,2024-09-25T17:07:13.000Z,1417077,1890999,2,"Xal'atath's Bargain: Ascendant, Tyrannical, Challenger's Peril, Fortified",若妤,Warrior,Fury,dps,Sundown Marsh
1409,329.4,295276875,10,Mists of Tirna Scithe,2024-09-25T17:07:13.000Z,1417077,1890999,2,"Xal'atath's Bargain: Ascendant, Tyrannical, Challenger's Peril, Fortified",慎厥身修思永,Death Knight,Frost,dps,Nightsong
1409,329.4,295276875,10,Mists of Tirna Scithe,2024-09-25T17:07:13.000Z,1417077,1890999,2,"Xal'atath's Bargain: Ascendant, Tyrannical, Challenger's Peril, Fortified",戰林,Warrior,Fury,dps,Nightsong
1409,329.4,295276875,10,Mists of Tirna Scithe,2024-09-25T17:07:13.000Z,1417077,1890999,2,"Xal'atath's Bargain: Ascendant, Tyrannical, Challenger's Peril, Fortified",綾野夏澍,Shaman,Restoration,healer,Nightsong
1410,329.4,302961606,10,Mists of Tirna Scithe,2024-10-26T16:37:21.000Z,1417251,1890999,2,"Xal'atath's Bargain: Ascendant, Fortified, Challenger's Peril, Tyrannical",倪勒亞,Warlock,Destruction,dps,Nightsong
1410,329.4,302961606,10,Mists of Tirna Scithe,2024-10-26T16:37:21.000Z,1417251,1890999,2,"Xal'atath's Bargain: Ascendant, Fortified, Challenger's Peril, Tyrannical",捌滴窺六,Hunter,Survival,dps,Arygos
1410,329.4,302961606,10,Mists of Tirna Scithe,2024-10-26T16:37:21.000Z,1417251,1890999,2,"Xal'atath's Bargain: Ascendant, Fortified, Challenger's Peril, Tyrannical",因為卍懂呢,Shaman,Restoration,healer,Bleeding Hollow
1410,329.4,302961606,10,Mists of Tirna Scithe,2024-10-26T16:37:21.000Z,1417251,1890999,2,"Xal'atath's Bargain: Ascendant, Fortified, Challenger's Peril, Tyrannical",姜仁熙,Warrior,Fury,dps,Menethil
1410,329.4,302961606,10,Mists of Tirna Scithe,2024-10-26T16:37:21.000Z,1417251,1890999,2,"Xal'atath's Bargain: Ascendant, Fortified, Challenger's Peril, Tyrannical",緋色風暴-229975393,Death Knight,Blood,tank,Arygos
1411,329.4,303637590,10,Mists of Tirna Scithe,2024-11-17T14:38:49.000Z,1417842,1890999,2,"Xal'atath's Bargain: Ascendant, Tyrannical, Challenger's Peril, Fortified",妖楓,Paladin,Protection,tank,Sundown Marsh
1411,329.4,303637590,10,Mists of Tirna Scithe,2024-11-17T14:38:49.000Z,1417842,1890999,2,"Xal'atath's Bargain: Ascendant, Tyrannical, Challenger's Peril, Fortified",Papapochi,Shaman,Enhancement,dps,Crystalpine Stinger
1411,329.4,303637590,10,Mists of Tirna Scithe,2024-11-17T14:38:49.000Z,1417842,1890999,2,"Xal'atath's Bargain: Ascendant, Tyrannical, Challenger's Peril, Fortified",曼特寧佐茶,Warlock,Affliction,dps,Demon Fall Canyon
1411,329.4,303637590,10,Mists of Tirna Scithe,2024-11-17T14:38:49.000Z,1417842,1890999,2,"Xal'atath's Bargain: Ascendant, Tyrannical, Challenger's Peril, Fortified",雪野,Warrior,Fury,dps,Demon Fall Canyon
1411,329.4,303637590,10,Mists of Tirna Scithe,2024-11-17T14:38:49.000Z,1417842,1890999,2,"Xal'atath's Bargain: Ascendant, Tyrannical, Challenger's Peril, Fortified",帕爾提娜,Priest,Holy,healer,Demon Fall Canyon
1412,329.4,302511169,10,Mists of Tirna Scithe,2024-10-24T17:01:02.000Z,1417972,1890999,2,"Xal'atath's Bargain: Ascendant, Fortified, Challenger's Peril, Tyrannical",秘銀礦石,Paladin,Retribution,dps,Shadowmoon
1412,329.4,302511169,10,Mists of Tirna Scithe,2024-10-24T17:01:02.000Z,1417972,1890999,2,"Xal'atath's Bargain: Ascendant, Fortified, Challenger's Peril, Tyrannical",亨耳氏套-55926429,Rogue,Assassination,dps,Frostmane
1412,329.4,302511169,10,Mists of Tirna Scithe,2024-10-24T17:01:02.000Z,1417972,1890999,2,"Xal'atath's Bargain: Ascendant, Fortified, Challenger's Peril, Tyrannical",虔誠聖光,Paladin,Protection,tank,Frostmane
1412,329.4,302511169,10,Mists of Tirna Scithe,2024-10-24T17:01:02.000Z,1417972,1890999,2,"Xal'atath's Bargain: Ascendant, Fortified, Challenger's Peril, Tyrannical",獸人硬起來,Shaman,Elemental,dps,Sundown Marsh
1412,329.4,302511169,10,Mists of Tirna Scithe,2024-10-24T17:01:02.000Z,1417972,1890999,2,"Xal'atath's Bargain: Ascendant, Fortified, Challenger's Peril, Tyrannical",空氣清新噴霧,Shaman,Restoration,healer,Frostmane
1413,329.4,302714743,10,Mists of Tirna Scithe,2024-10-25T03:16:20.000Z,1418035,1890999,2,"Xal'atath's Bargain: Ascendant, Fortified, Challenger's Peril, Tyrannical",胖達圖騰,Shaman,Elemental,dps,Hellscream
1413,329.4,302714743,10,Mists of Tirna Scithe,2024-10-25T03:16:20.000Z,1418035,1890999,2,"Xal'atath's Bargain: Ascendant, Fortified, Challenger's Peril, Tyrannical",歐哩候,Druid,Restoration,healer,Spirestone
1413,329.4,302714743,10,Mists of Tirna Scithe,2024-10-25T03:16:20.000Z,1418035,1890999,2,"Xal'atath's Bargain: Ascendant, Fortified, Challenger's Peril, Tyrannical",離小離,Paladin,Retribution,dps,Chillwind Point
1413,329.4,302714743,10,Mists of Tirna Scithe,2024-10-25T03:16:20.000Z,1418035,1890999,2,"Xal'atath's Bargain: Ascendant, Fortified, Challenger's Peril, Tyrannical",三爺,Shaman,Enhancement,dps,Zealot Blade
1413,329.4,302714743,10,Mists of Tirna Scithe,2024-10-25T03:16:20.000Z,1418035,1890999,2,"Xal'atath's Bargain: Ascendant, Fortified, Challenger's Peril, Tyrannical",Algar-228472529,Death Knight,Blood,tank,Zealot Blade
1414,329.4,307143268,10,Mists of Tirna Scithe,2024-11-14T11:23:55.000Z,1418455,1890999,2,"Xal'atath's Bargain: Ascendant, Tyrannical, Challenger's Peril, Fortified",戰鬥潮流,Shaman,Elemental,dps,Dragonmaw
1414,329.4,307143268,10,Mists of Tirna Scithe,2024-11-14T11:23:55.000Z,1418455,1890999,2,"Xal'atath's Bargain: Ascendant, Tyrannical, Challenger's Peril, Fortified",紫色巨峰,Shaman,Enhancement,dps,Arthas
1414,329.4,307143268,10,Mists of Tirna Scithe,2024-11-14T11:23:55.000Z,1418455,1890999,2,"Xal'atath's Bargain: Ascendant, Tyrannical, Challenger's Peril, Fortified",吹牛大王,Warrior,Protection,tank,Quel'dorei
1414,329.4,307143268,10,Mists of Tirna Scithe,2024-11-14T11:23:55.000Z,1418455,1890999,2,"Xal'atath's Bargain: Ascendant, Tyrannical, Challenger's Peril, Fortified",可達鴨,Druid,Restoration,healer,Arthas
1414,329.4,307143268,10,Mists of Tirna Scithe,2024-11-14T11:23:55.000Z,1418455,1890999,2,"Xal'atath's Bargain: Ascendant, Tyrannical, Challenger's Peril, Fortified",凌風,Paladin,Retribution,dps,Dragonmaw
1415,329.3,307288929,10,Mists of Tirna Scithe,2024-11-15T08:15:55.000Z,1419748,1890999,2,"Xal'atath's Bargain: Ascendant, Tyrannical, Challenger's Peril, Fortified",夏燕,Paladin,Retribution,dps,Quel'dorei
1415,329.3,307288929,10,Mists of Tirna Scithe,2024-11-15T08:15:55.000Z,1419748,1890999,2,"Xal'atath's Bargain: Ascendant, Tyrannical, Challenger's Peril, Fortified",我的兔子聯盟,Shaman,Restoration,healer,Shadowmoon
1415,329.3,307288929,10,Mists of Tirna Scithe,2024-11-15T08:15:55.000Z,1419748,1890999,2,"Xal'atath's Bargain: Ascendant, Tyrannical, Challenger's Peril, Fortified",撲街熊,Shaman,Elemental,dps,Shadowmoon
1415,329.3,307288929,10,Mists of Tirna Scithe,2024-11-15T08:15:55.000Z,1419748,1890999,2,"Xal'atath's Bargain: Ascendant, Tyrannical, Challenger's Peril, Fortified",Skymônk,Monk,Brewmaster,tank,Shadowmoon
1415,329.3,307288929,10,Mists of Tirna Scithe,2024-11-15T08:15:55.000Z,1419748,1890999,2,"Xal'atath's Bargain: Ascendant, Tyrannical, Challenger's Peril, Fortified",阿毛混蛋,Warlock,Demonology,dps,Skywall
1416,329.3,307682446,10,Mists of Tirna Scithe,2024-11-17T08:35:17.000Z,1419943,1890999,2,"Xal'atath's Bargain: Ascendant, Tyrannical, Challenger's Peril, Fortified",呆小鄭,Priest,Holy,healer,Arygos
1416,329.3,307682446,10,Mists of Tirna Scithe,2024-11-17T08:35:17.000Z,1419943,1890999,2,"Xal'atath's Bargain: Ascendant, Tyrannical, Challenger's Peril, Fortified",龍餘,Evoker,Devastation,dps,Arygos
1416,329.3,307682446,10,Mists of Tirna Scithe,2024-11-17T08:35:17.000Z,1419943,1890999,2,"Xal'atath's Bargain: Ascendant, Tyrannical, Challenger's Peril, Fortified",夢織雪,Monk,Brewmaster,tank,Arygos
1416,329.3,307682446,10,Mists of Tirna Scithe,2024-11-17T08:35:17.000Z,1419943,1890999,2,"Xal'atath's Bargain: Ascendant, Tyrannical, Challenger's Peril, Fortified",娜小米,Priest,Shadow,dps,Arygos
1416,329.3,307682446,10,Mists of Tirna Scithe,2024-11-17T08:35:17.000Z,1419943,1890999,2,"Xal'atath's Bargain: Ascendant, Tyrannical, Challenger's Peril, Fortified",蝴蝶養喵,Warrior,Fury,dps,World Tree
1417,329.3,308249925,10,Mists of Tirna Scithe,2024-11-19T14:10:37.000Z,1420073,1890999,2,"Xal'atath's Bargain: Ascendant, Tyrannical, Challenger's Peril, Fortified",蘑菇殿下,Shaman,Restoration,healer,Bleeding Hollow
1417,329.3,308249925,10,Mists of Tirna Scithe,2024-11-19T14:10:37.000Z,1420073,1890999,2,"Xal'atath's Bargain: Ascendant, Tyrannical, Challenger's Peril, Fortified",餘霞,Death Knight,Blood,tank,Bleeding Hollow
1417,329.3,308249925,10,Mists of Tirna Scithe,2024-11-19T14:10:37.000Z,1420073,1890999,2,"Xal'atath's Bargain: Ascendant, Tyrannical, Challenger's Peril, Fortified",Lunatea,Paladin,Retribution,dps,Bleeding Hollow
1417,329.3,308249925,10,Mists of Tirna Scithe,2024-11-19T14:10:37.000Z,1420073,1890999,2,"Xal'atath's Bargain: Ascendant, Tyrannical, Challenger's Peril, Fortified",所得寺內,Death Knight,Frost,dps,Bleeding Hollow
1417,329.3,308249925,10,Mists of Tirna Scithe,2024-11-19T14:10:37.000Z,1420073,1890999,2,"Xal'atath's Bargain: Ascendant, Tyrannical, Challenger's Peril, Fortified",跑跑先不要,Warlock,Demonology,dps,Bleeding Hollow
1418,329.3,307459622,10,Mists of Tirna Scithe,2024-11-16T06:09:20.000Z,1420295,1890999,2,"Xal'atath's Bargain: Ascendant, Tyrannical, Challenger's Peril, Fortified",熟悉的稻香,Paladin,Retribution,dps,Wrathbringer
1418,329.3,307459622,10,Mists of Tirna Scithe,2024-11-16T06:09:20.000Z,1420295,1890999,2,"Xal'atath's Bargain: Ascendant, Tyrannical, Challenger's Peril, Fortified",朋友的朋友,Monk,Windwalker,dps,Hellscream
1418,329.3,307459622,10,Mists of Tirna Scithe,2024-11-16T06:09:20.000Z,1420295,1890999,2,"Xal'atath's Bargain: Ascendant, Tyrannical, Challenger's Peril, Fortified",雅琰,Evoker,Devastation,dps,Demon Fall Canyon
1418,329.3,307459622,10,Mists of Tirna Scithe,2024-11-16T06:09:20.000Z,1420295,1890999,2,"Xal'atath's Bargain: Ascendant, Tyrannical, Challenger's Peril, Fortified",扛起整個地球,Warrior,Protection,tank,Crystalpine Stinger
1418,329.3,307459622,10,Mists of Tirna Scithe,2024-11-16T06:09:20.000Z,1420295,1890999,2,"Xal'atath's Bargain: Ascendant, Tyrannical, Challenger's Peril, Fortified",Derlu,Druid,Restoration,healer,Sundown Marsh
1419,329.3,307686972,10,Mists of Tirna Scithe,2024-11-17T07:09:08.000Z,1420795,1890999,2,"Xal'atath's Bargain: Ascendant, Tyrannical, Challenger's Peril, Fortified",暴風霜狼,Death Knight,Blood,tank,Shadowmoon
1419,329.3,307686972,10,Mists of Tirna Scithe,2024-11-17T07:09:08.000Z,1420795,1890999,2,"Xal'atath's Bargain: Ascendant, Tyrannical, Challenger's Peril, Fortified",畢格瑪瑪,Shaman,Restoration,healer,Hellscream
1419,329.3,307686972,10,Mists of Tirna Scithe,2024-11-17T07:09:08.000Z,1420795,1890999,2,"Xal'atath's Bargain: Ascendant, Tyrannical, Challenger's Peril, Fortified",天狐,Shaman,Elemental,dps,Hellscream
1419,329.3,307686972,10,Mists of Tirna Scithe,2024-11-17T07:09:08.000Z,1420795,1890999,2,"Xal'atath's Bargain: Ascendant, Tyrannical, Challenger's Peril, Fortified",Eleanke,Shaman,Enhancement,dps,Spirestone
1419,329.3,307686972,10,Mists of Tirna Scithe,2024-11-17T07:09:08.000Z,1420795,1890999,2,"Xal'atath's Bargain: Ascendant, Tyrannical, Challenger's Peril, Fortified",栳牛,Paladin,Retribution,dps,Shadowmoon
1420,329.3,308122516,10,Mists of Tirna Scithe,2024-11-19T16:32:05.000Z,1420812,1890999,2,"Xal'atath's Bargain: Ascendant, Tyrannical, Challenger's Peril, Fortified",鬍子灑滿,Shaman,Restoration,healer,Crystalpine Stinger
1420,329.3,308122516,10,Mists of Tirna Scithe,2024-11-19T16:32:05.000Z,1420812,1890999,2,"Xal'atath's Bargain: Ascendant, Tyrannical, Challenger's Peril, Fortified",斷水流大濕胸,Hunter,Survival,dps,Crystalpine Stinger
1420,329.3,308122516,10,Mists of Tirna Scithe,2024-11-19T16:32:05.000Z,1420812,1890999,2,"Xal'atath's Bargain: Ascendant, Tyrannical, Challenger's Peril, Fortified",南風肥皂,Druid,Guardian,tank,Spirestone
1420,329.3,308122516,10,Mists of Tirna Scithe,2024-11-19T16:32:05.000Z,1420812,1890999,2,"Xal'atath's Bargain: Ascendant, Tyrannical, Challenger's Peril, Fortified",橙橙風行者,Hunter,Survival,dps,Crystalpine Stinger
1420,329.3,308122516,10,Mists of Tirna Scithe,2024-11-19T16:32:05.000Z,1420812,1890999,2,"Xal'atath's Bargain: Ascendant, Tyrannical, Challenger's Peril, Fortified",Starcross,Paladin,Retribution,dps,Hellscream
1421,329.3,307107686,10,Mists of Tirna Scithe,2024-11-14T03:03:00.000Z,1420983,1890999,2,"Xal'atath's Bargain: Ascendant, Tyrannical, Challenger's Peril, Fortified",艾莉西雅雪兒,Shaman,Enhancement,dps,Whisperwind
1421,329.3,307107686,10,Mists of Tirna Scithe,2024-11-14T03:03:00.000Z,1420983,1890999,2,"Xal'atath's Bargain: Ascendant, Tyrannical, Challenger's Peril, Fortified",膝蓋殺手,Warlock,Destruction,dps,Light's Hope
1421,329.3,307107686,10,Mists of Tirna Scithe,2024-11-14T03:03:00.000Z,1420983,1890999,2,"Xal'atath's Bargain: Ascendant, Tyrannical, Challenger's Peril, Fortified",Alone,Hunter,Beast Mastery,dps,Quel'dorei
1421,329.3,307107686,10,Mists of Tirna Scithe,2024-11-14T03:03:00.000Z,1420983,1890999,2,"Xal'atath's Bargain: Ascendant, Tyrannical, Challenger's Peril, Fortified",宵崎真冬,Paladin,Protection,tank,Shadowmoon
1421,329.3,307107686,10,Mists of Tirna Scithe,2024-11-14T03:03:00.000Z,1420983,1890999,2,"Xal'atath's Bargain: Ascendant, Tyrannical, Challenger's Peril, Fortified",一烏米一-231051793,Priest,Holy,healer,Wrathbringer
1422,329.3,307148750,10,Mists of Tirna Scithe,2024-11-14T12:12:28.000Z,1421123,1890999,2,"Xal'atath's Bargain: Ascendant, Tyrannical, Challenger's Peril, Fortified",乂忠乂,Paladin,Retribution,dps,Chillwind Point
1422,329.3,307148750,10,Mists of Tirna Scithe,2024-11-14T12:12:28.000Z,1421123,1890999,2,"Xal'atath's Bargain: Ascendant, Tyrannical, Challenger's Peril, Fortified",Jondhwick,Warrior,Fury,dps,Sundown Marsh
1422,329.3,307148750,10,Mists of Tirna Scithe,2024-11-14T12:12:28.000Z,1421123,1890999,2,"Xal'atath's Bargain: Ascendant, Tyrannical, Challenger's Peril, Fortified",密涅瓦丶,Priest,Discipline,healer,Silverwing Hold
1422,329.3,307148750,10,Mists of Tirna Scithe,2024-11-14T12:12:28.000Z,1421123,1890999,2,"Xal'atath's Bargain: Ascendant, Tyrannical, Challenger's Peril, Fortified",通曉,Mage,Frost,dps,Wrathbringer
1422,329.3,307148750,10,Mists of Tirna Scithe,2024-11-14T12:12:28.000Z,1421123,1890999,2,"Xal'atath's Bargain: Ascendant, Tyrannical, Challenger's Peril, Fortified",龍魄,Druid,Guardian,tank,Arthas
1423,329.3,307510586,10,Mists of Tirna Scithe,2024-11-16T14:32:49.000Z,1421528,1890999,2,"Xal'atath's Bargain: Ascendant, Tyrannical, Challenger's Peril, Fortified",孍兒,Mage,Frost,dps,Bleeding Hollow
1423,329.3,307510586,10,Mists of Tirna Scithe,2024-11-16T14:32:49.000Z,1421528,1890999,2,"Xal'atath's Bargain: Ascendant, Tyrannical, Challenger's Peril, Fortified",詩物,Paladin,Retribution,dps,Arthas
1423,329.3,307510586,10,Mists of Tirna Scithe,2024-11-16T14:32:49.000Z,1421528,1890999,2,"Xal'atath's Bargain: Ascendant, Tyrannical, Challenger's Peril, Fortified",濯沁,Warrior,Protection,tank,Quel'dorei
1423,329.3,307510586,10,Mists of Tirna Scithe,2024-11-16T14:32:49.000Z,1421528,1890999,2,"Xal'atath's Bargain: Ascendant, Tyrannical, Challenger's Peril, Fortified",吾忘,Demon Hunter,Havoc,dps,Shadowmoon
1423,329.3,307510586,10,Mists of Tirna Scithe,2024-11-16T14:32:49.000Z,1421528,1890999,2,"Xal'atath's Bargain: Ascendant, Tyrannical, Challenger's Peril, Fortified",末三,Evoker,Preservation,healer,Shadowmoon
1424,329.3,303558196,10,Mists of Tirna Scithe,2024-10-28T13:49:34.000Z,1421542,1890999,2,"Xal'atath's Bargain: Ascendant, Fortified, Challenger's Peril, Tyrannical",木瓜之槌教派,Shaman,Elemental,dps,Shadowmoon
1424,329.3,303558196,10,Mists of Tirna Scithe,2024-10-28T13:49:34.000Z,1421542,1890999,2,"Xal'atath's Bargain: Ascendant, Fortified, Challenger's Peril, Tyrannical",胡薩薩,Shaman,Restoration,healer,Whisperwind
1424,329.3,303558196,10,Mists of Tirna Scithe,2024-10-28T13:49:34.000Z,1421542,1890999,2,"Xal'atath's Bargain: Ascendant, Fortified, Challenger's Peril, Tyrannical",大秘專用坦,Paladin,Protection,tank,Dragonmaw
1424,329.3,303558196,10,Mists of Tirna Scithe,2024-10-28T13:49:34.000Z,1421542,1890999,2,"Xal'atath's Bargain: Ascendant, Fortified, Challenger's Peril, Tyrannical",雞腿姑娘,Mage,Frost,dps,Shadowmoon
1424,329.3,303558196,10,Mists of Tirna Scithe,2024-10-28T13:49:34.000Z,1421542,1890999,2,"Xal'atath's Bargain: Ascendant, Fortified, Challenger's Peril, Tyrannical",阪口,Shaman,Elemental,dps,Dragonmaw
1425,329.3,293017131,10,Mists of Tirna Scithe,2024-09-20T08:46:15.000Z,1421722,1890999,2,"Xal'atath's Bargain: Ascendant, Tyrannical, Challenger's Peril, Fortified",新生聖光,Paladin,Holy,healer,Stormscale
1425,329.3,293017131,10,Mists of Tirna Scithe,2024-09-20T08:46:15.000Z,1421722,1890999,2,"Xal'atath's Bargain: Ascendant, Tyrannical, Challenger's Peril, Fortified",挖咖摸多,Death Knight,Blood,tank,Arygos
1425,329.3,293017131,10,Mists of Tirna Scithe,2024-09-20T08:46:15.000Z,1421722,1890999,2,"Xal'atath's Bargain: Ascendant, Tyrannical, Challenger's Peril, Fortified",Aspen,Demon Hunter,Havoc,dps,Arygos
1425,329.3,293017131,10,Mists of Tirna Scithe,2024-09-20T08:46:15.000Z,1421722,1890999,2,"Xal'atath's Bargain: Ascendant, Tyrannical, Challenger's Peril, Fortified",Elmog,Mage,Arcane,dps,Arygos
1425,329.3,293017131,10,Mists of Tirna Scithe,2024-09-20T08:46:15.000Z,1421722,1890999,2,"Xal'atath's Bargain: Ascendant, Tyrannical, Challenger's Peril, Fortified",Tulparlock,Warlock,Destruction,dps,Arygos
1426,329.3,307891425,10,Mists of Tirna Scithe,2024-11-18T08:55:56.000Z,1422033,1890999,2,"Xal'atath's Bargain: Ascendant, Tyrannical, Challenger's Peril, Fortified",星辰月影,Druid,Balance,dps,Shadowmoon
1426,329.3,307891425,10,Mists of Tirna Scithe,2024-11-18T08:55:56.000Z,1422033,1890999,2,"Xal'atath's Bargain: Ascendant, Tyrannical, Challenger's Peril, Fortified",Whyhealz,Priest,Discipline,healer,Frostmane
1426,329.3,307891425,10,Mists of Tirna Scithe,2024-11-18T08:55:56.000Z,1422033,1890999,2,"Xal'atath's Bargain: Ascendant, Tyrannical, Challenger's Peril, Fortified",拉鍊卡到雞-114356742,Hunter,Beast Mastery,dps,Frostmane
1426,329.3,307891425,10,Mists of Tirna Scithe,2024-11-18T08:55:56.000Z,1422033,1890999,2,"Xal'atath's Bargain: Ascendant, Tyrannical, Challenger's Peril, Fortified",青青漓月,Paladin,Retribution,dps,Chillwind Point
1426,329.3,307891425,10,Mists of Tirna Scithe,2024-11-18T08:55:56.000Z,1422033,1890999,2,"Xal'atath's Bargain: Ascendant, Tyrannical, Challenger's Peril, Fortified",Ievel,Demon Hunter,Vengeance,tank,Arygos
1427,329.3,307777790,10,Mists of Tirna Scithe,2024-11-17T18:18:13.000Z,1422630,1890999,2,"Xal'atath's Bargain: Ascendant, Tyrannical, Challenger's Peril, Fortified",美痣痣,Demon Hunter,Havoc,dps,Demon Fall Canyon
1427,329.3,307777790,10,Mists of Tirna Scithe,2024-11-17T18:18:13.000Z,1422630,1890999,2,"Xal'atath's Bargain: Ascendant, Tyrannical, Challenger's Peril, Fortified",皓玥謙里,Shaman,Elemental,dps,Sundown Marsh
1427,329.3,307777790,10,Mists of Tirna Scithe,2024-11-17T18:18:13.000Z,1422630,1890999,2,"Xal'atath's Bargain: Ascendant, Tyrannical, Challenger's Peril, Fortified",度蘭寧,Death Knight,Frost,dps,Wrathbringer
1427,329.3,307777790,10,Mists of Tirna Scithe,2024-11-17T18:18:13.000Z,1422630,1890999,2,"Xal'atath's Bargain: Ascendant, Tyrannical, Challenger's Peril, Fortified",赫米斯菲亞,Death Knight,Blood,tank,Sundown Marsh
1427,329.3,307777790,10,Mists of Tirna Scithe,2024-11-17T18:18:13.000Z,1422630,1890999,2,"Xal'atath's Bargain: Ascendant, Tyrannical, Challenger's Peril, Fortified",剩光閃現,Paladin,Holy,healer,Arthas
1428,329.3,302472151,10,Mists of Tirna Scithe,2024-10-24T12:55:45.000Z,1422641,1890999,2,"Xal'atath's Bargain: Ascendant, Fortified, Challenger's Peril, Tyrannical",蛋蛋超人,Monk,Mistweaver,healer,Arthas
1428,329.3,302472151,10,Mists of Tirna Scithe,2024-10-24T12:55:45.000Z,1422641,1890999,2,"Xal'atath's Bargain: Ascendant, Fortified, Challenger's Peril, Tyrannical",Zffz,Warrior,Protection,tank,Chillwind Point
1428,329.3,302472151,10,Mists of Tirna Scithe,2024-10-24T12:55:45.000Z,1422641,1890999,2,"Xal'atath's Bargain: Ascendant, Fortified, Challenger's Peril, Tyrannical",死忠的韓團豚,Death Knight,Frost,dps,Hellscream
1428,329.3,302472151,10,Mists of Tirna Scithe,2024-10-24T12:55:45.000Z,1422641,1890999,2,"Xal'atath's Bargain: Ascendant, Fortified, Challenger's Peril, Tyrannical",蛤換我打宿儺,Paladin,Retribution,dps,Hellscream
1428,329.3,302472151,10,Mists of Tirna Scithe,2024-10-24T12:55:45.000Z,1422641,1890999,2,"Xal'atath's Bargain: Ascendant, Fortified, Challenger's Peril, Tyrannical",啾小貓,Shaman,Elemental,dps,Sundown Marsh
1429,329.3,307353063,10,Mists of Tirna Scithe,2024-11-15T18:25:44.000Z,1422655,1890999,2,"Xal'atath's Bargain: Ascendant, Tyrannical, Challenger's Peril, Fortified",槐凰,Death Knight,Blood,tank,Whisperwind
1429,329.3,307353063,10,Mists of Tirna Scithe,2024-11-15T18:25:44.000Z,1422655,1890999,2,"Xal'atath's Bargain: Ascendant, Tyrannical, Challenger's Peril, Fortified",薩拉的眼淚,Shaman,Elemental,dps,Arygos
1429,329.3,307353063,10,Mists of Tirna Scithe,2024-11-15T18:25:44.000Z,1422655,1890999,2,"Xal'atath's Bargain: Ascendant, Tyrannical, Challenger's Peril, Fortified",火焰喵,Warlock,Destruction,dps,World Tree
1429,329.3,307353063,10,Mists of Tirna Scithe,2024-11-15T18:25:44.000Z,1422655,1890999,2,"Xal'atath's Bargain: Ascendant, Tyrannical, Challenger's Peril, Fortified",月凝輕香,Shaman,Elemental,dps,Arygos
1429,329.3,307353063,10,Mists of Tirna Scithe,2024-11-15T18:25:44.000Z,1422655,1890999,2,"Xal'atath's Bargain: Ascendant, Tyrannical, Challenger's Peril, Fortified",雪米莉露,Priest,Discipline,healer,World Tree
1430,329.3,304007872,10,Mists of Tirna Scithe,2024-11-17T09:14:48.000Z,1423399,1890999,2,"Xal'atath's Bargain: Ascendant, Tyrannical, Challenger's Peril, Fortified",腐海之風,Warlock,Demonology,dps,Sundown Marsh
1430,329.3,304007872,10,Mists of Tirna Scithe,2024-11-17T09:14:48.000Z,1423399,1890999,2,"Xal'atath's Bargain: Ascendant, Tyrannical, Challenger's Peril, Fortified",潘達的迷霧,Monk,Mistweaver,healer,Sundown Marsh
1430,329.3,304007872,10,Mists of Tirna Scithe,2024-11-17T09:14:48.000Z,1423399,1890999,2,"Xal'atath's Bargain: Ascendant, Tyrannical, Challenger's Peril, Fortified",一世浮生,Paladin,Retribution,dps,Sundown Marsh
1430,329.3,304007872,10,Mists of Tirna Scithe,2024-11-17T09:14:48.000Z,1423399,1890999,2,"Xal'atath's Bargain: Ascendant, Tyrannical, Challenger's Peril, Fortified",猛虎掉下山,Paladin,Protection,tank,Sundown Marsh
1430,329.3,304007872,10,Mists of Tirna Scithe,2024-11-17T09:14:48.000Z,1423399,1890999,2,"Xal'atath's Bargain: Ascendant, Tyrannical, Challenger's Peril, Fortified",Israphel,Hunter,Survival,dps,Sundown Marsh
1431,329.3,307926802,10,Mists of Tirna Scithe,2024-11-18T15:22:11.000Z,1423735,1890999,2,"Xal'atath's Bargain: Ascendant, Tyrannical, Challenger's Peril, Fortified",烤肉仔,Druid,Balance,dps,Crystalpine Stinger
1431,329.3,307926802,10,Mists of Tirna Scithe,2024-11-18T15:22:11.000Z,1423735,1890999,2,"Xal'atath's Bargain: Ascendant, Tyrannical, Challenger's Peril, Fortified",天道貓,Paladin,Protection,tank,Crystalpine Stinger
1431,329.3,307926802,10,Mists of Tirna Scithe,2024-11-18T15:22:11.000Z,1423735,1890999,2,"Xal'atath's Bargain: Ascendant, Tyrannical, Challenger's Peril, Fortified",Stephoneline,Hunter,Beast Mastery,dps,Sundown Marsh
1431,329.3,307926802,10,Mists of Tirna Scithe,2024-11-18T15:22:11.000Z,1423735,1890999,2,"Xal'atath's Bargain: Ascendant, Tyrannical, Challenger's Peril, Fortified",Pandaria,Monk,Mistweaver,healer,Crystalpine Stinger
1431,329.3,307926802,10,Mists of Tirna Scithe,2024-11-18T15:22:11.000Z,1423735,1890999,2,"Xal'atath's Bargain: Ascendant, Tyrannical, Challenger's Peril, Fortified",豆腐雞腩飯-231269290,Druid,Balance,dps,Crystalpine Stinger
1432,329.3,307326485,10,Mists of Tirna Scithe,2024-11-15T15:16:54.000Z,1424549,1890999,2,"Xal'atath's Bargain: Ascendant, Tyrannical, Challenger's Peril, Fortified",Marksim,Hunter,Beast Mastery,dps,Chillwind Point
1432,329.3,307326485,10,Mists of Tirna Scithe,2024-11-15T15:16:54.000Z,1424549,1890999,2,"Xal'atath's Bargain: Ascendant, Tyrannical, Challenger's Peril, Fortified",舒欣然,Priest,Holy,healer,Chillwind Point
1432,329.3,307326485,10,Mists of Tirna Scithe,2024-11-15T15:16:54.000Z,1424549,1890999,2,"Xal'atath's Bargain: Ascendant, Tyrannical, Challenger's Peril, Fortified",穹道穗宮源,Paladin,Retribution,dps,Shadowmoon
1432,329.3,307326485,10,Mists of Tirna Scithe,2024-11-15T15:16:54.000Z,1424549,1890999,2,"Xal'atath's Bargain: Ascendant, Tyrannical, Challenger's Peril, Fortified",Osburn,Warrior,Arms,dps,Chillwind Point
1432,329.3,307326485,10,Mists of Tirna Scithe,2024-11-15T15:16:54.000Z,1424549,1890999,2,"Xal'atath's Bargain: Ascendant, Tyrannical, Challenger's Peril, Fortified",油塩,Druid,Guardian,tank,Chillwind Point
1433,329.2,308292164,10,Mists of Tirna Scithe,2024-11-20T15:30:31.000Z,1424594,1890999,2,"Xal'atath's Bargain: Ascendant, Tyrannical, Challenger's Peril, Fortified",書山壓力大,Death Knight,Blood,tank,Whisperwind
1433,329.2,308292164,10,Mists of Tirna Scithe,2024-11-20T15:30:31.000Z,1424594,1890999,2,"Xal'atath's Bargain: Ascendant, Tyrannical, Challenger's Peril, Fortified",冰小艾,Paladin,Retribution,dps,Sundown Marsh
1433,329.2,308292164,10,Mists of Tirna Scithe,2024-11-20T15:30:31.000Z,1424594,1890999,2,"Xal'atath's Bargain: Ascendant, Tyrannical, Challenger's Peril, Fortified",Ronindh,Demon Hunter,Havoc,dps,Zealot Blade
1433,329.2,308292164,10,Mists of Tirna Scithe,2024-11-20T15:30:31.000Z,1424594,1890999,2,"Xal'atath's Bargain: Ascendant, Tyrannical, Challenger's Peril, Fortified",艾瑪萊斯,Shaman,Restoration,healer,Arygos
1433,329.2,308292164,10,Mists of Tirna Scithe,2024-11-20T15:30:31.000Z,1424594,1890999,2,"Xal'atath's Bargain: Ascendant, Tyrannical, Challenger's Peril, Fortified",劍仙,Rogue,Assassination,dps,Frostmane
1434,329.2,303705616,10,Mists of Tirna Scithe,2024-10-29T18:22:18.000Z,1424762,1890999,2,"Xal'atath's Bargain: Ascendant, Fortified, Challenger's Peril, Tyrannical",太陽花的傻笑,Priest,Shadow,dps,Nightsong
1434,329.2,303705616,10,Mists of Tirna Scithe,2024-10-29T18:22:18.000Z,1424762,1890999,2,"Xal'atath's Bargain: Ascendant, Fortified, Challenger's Peril, Tyrannical",兩面面癱,Shaman,Elemental,dps,Sundown Marsh
1434,329.2,303705616,10,Mists of Tirna Scithe,2024-10-29T18:22:18.000Z,1424762,1890999,2,"Xal'atath's Bargain: Ascendant, Fortified, Challenger's Peril, Tyrannical",不是她的問題,Druid,Balance,dps,Nightsong
1434,329.2,303705616,10,Mists of Tirna Scithe,2024-10-29T18:22:18.000Z,1424762,1890999,2,"Xal'atath's Bargain: Ascendant, Fortified, Challenger's Peril, Tyrannical",到底又要幹嘛,Priest,Discipline,healer,Nightsong
1434,329.2,303705616,10,Mists of Tirna Scithe,2024-10-29T18:22:18.000Z,1424762,1890999,2,"Xal'atath's Bargain: Ascendant, Fortified, Challenger's Peril, Tyrannical",槐安,Paladin,Protection,tank,Light's Hope
1435,329.2,303138914,10,Mists of Tirna Scithe,2024-10-27T08:22:55.000Z,1424774,1890999,2,"Xal'atath's Bargain: Ascendant, Fortified, Challenger's Peril, Tyrannical",太陰之晶,Druid,Balance,dps,Menethil
1435,329.2,303138914,10,Mists of Tirna Scithe,2024-10-27T08:22:55.000Z,1424774,1890999,2,"Xal'atath's Bargain: Ascendant, Fortified, Challenger's Peril, Tyrannical",麋鹿寶貝,Priest,Holy,healer,Crystalpine Stinger
1435,329.2,303138914,10,Mists of Tirna Scithe,2024-10-27T08:22:55.000Z,1424774,1890999,2,"Xal'atath's Bargain: Ascendant, Fortified, Challenger's Peril, Tyrannical",渣女貞德,Paladin,Retribution,dps,Nightsong
1435,329.2,303138914,10,Mists of Tirna Scithe,2024-10-27T08:22:55.000Z,1424774,1890999,2,"Xal'atath's Bargain: Ascendant, Fortified, Challenger's Peril, Tyrannical",吹牛大王,Warrior,Protection,tank,Quel'dorei
1435,329.2,303138914,10,Mists of Tirna Scithe,2024-10-27T08:22:55.000Z,1424774,1890999,2,"Xal'atath's Bargain: Ascendant, Fortified, Challenger's Peril, Tyrannical",貝拉羅娜,Mage,Frost,dps,Shadowmoon
1436,329.2,303428341,10,Mists of Tirna Scithe,2024-10-28T15:36:48.000Z,1424900,1890999,2,"Xal'atath's Bargain: Ascendant, Fortified, Challenger's Peril, Tyrannical",騎綿羊打遊俠,Paladin,Retribution,dps,Nightsong
1436,329.2,303428341,10,Mists of Tirna Scithe,2024-10-28T15:36:48.000Z,1424900,1890999,2,"Xal'atath's Bargain: Ascendant, Fortified, Challenger's Peril, Tyrannical",厚片牛,Mage,Frost,dps,Sundown Marsh
1436,329.2,303428341,10,Mists of Tirna Scithe,2024-10-28T15:36:48.000Z,1424900,1890999,2,"Xal'atath's Bargain: Ascendant, Fortified, Challenger's Peril, Tyrannical",紫菁,Paladin,Protection,tank,Nightsong
1436,329.2,303428341,10,Mists of Tirna Scithe,2024-10-28T15:36:48.000Z,1424900,1890999,2,"Xal'atath's Bargain: Ascendant, Fortified, Challenger's Peril, Tyrannical",火燒的寂摸,Druid,Balance,dps,Nightsong
1436,329.2,303428341,10,Mists of Tirna Scithe,2024-10-28T15:36:48.000Z,1424900,1890999,2,"Xal'atath's Bargain: Ascendant, Fortified, Challenger's Peril, Tyrannical",Clifshaman,Shaman,Restoration,healer,Nightsong
1437,329.2,304004210,10,Mists of Tirna Scithe,2024-10-30T14:38:50.000Z,1424908,1890999,2,"Xal'atath's Bargain: Ascendant, Fortified, Challenger's Peril, Tyrannical",乂石膚黯紋乂,Death Knight,Unholy,dps,Silverwing Hold
1437,329.2,304004210,10,Mists of Tirna Scithe,2024-10-30T14:38:50.000Z,1424908,1890999,2,"Xal'atath's Bargain: Ascendant, Fortified, Challenger's Peril, Tyrannical",Royz,Priest,Discipline,healer,Light's Hope
1437,329.2,304004210,10,Mists of Tirna Scithe,2024-10-30T14:38:50.000Z,1424908,1890999,2,"Xal'atath's Bargain: Ascendant, Fortified, Challenger's Peril, Tyrannical",地獄瓜,Warrior,Protection,tank,Zealot Blade
1437,329.2,304004210,10,Mists of Tirna Scithe,2024-10-30T14:38:50.000Z,1424908,1890999,2,"Xal'atath's Bargain: Ascendant, Fortified, Challenger's Peril, Tyrannical",滿足,Rogue,Assassination,dps,Silverwing Hold
1437,329.2,304004210,10,Mists of Tirna Scithe,2024-10-30T14:38:50.000Z,1424908,1890999,2,"Xal'atath's Bargain: Ascendant, Fortified, Challenger's Peril, Tyrannical",自殺熊,Shaman,Enhancement,dps,Sundown Marsh
1438,329.2,302852183,10,Mists of Tirna Scithe,2024-10-26T05:24:00.000Z,1425309,1890999,2,"Xal'atath's Bargain: Ascendant, Fortified, Challenger's Peril, Tyrannical",Nightx,Priest,Shadow,dps,Sundown Marsh
1438,329.2,302852183,10,Mists of Tirna Scithe,2024-10-26T05:24:00.000Z,1425309,1890999,2,"Xal'atath's Bargain: Ascendant, Fortified, Challenger's Peril, Tyrannical",肥佬薩-120045893,Shaman,Enhancement,dps,Demon Fall Canyon
1438,329.2,302852183,10,Mists of Tirna Scithe,2024-10-26T05:24:00.000Z,1425309,1890999,2,"Xal'atath's Bargain: Ascendant, Fortified, Challenger's Peril, Tyrannical",Jable,Paladin,Retribution,dps,Quel'dorei
1438,329.2,302852183,10,Mists of Tirna Scithe,2024-10-26T05:24:00.000Z,1425309,1890999,2,"Xal'atath's Bargain: Ascendant, Fortified, Challenger's Peril, Tyrannical",Jokerxdh,Demon Hunter,Vengeance,tank,Crystalpine Stinger
1438,329.2,302852183,10,Mists of Tirna Scithe,2024-10-26T05:24:00.000Z,1425309,1890999,2,"Xal'atath's Bargain: Ascendant, Fortified, Challenger's Peril, Tyrannical",Tingsaman,Shaman,Restoration,healer,Shadowmoon
1439,329.2,308411739,10,Mists of Tirna Scithe,2024-11-20T15:41:20.000Z,1425514,1890999,2,"Xal'atath's Bargain: Ascendant, Tyrannical, Challenger's Peril, Fortified",Nocannobb,Warlock,Destruction,dps,World Tree
1439,329.2,308411739,10,Mists of Tirna Scithe,2024-11-20T15:41:20.000Z,1425514,1890999,2,"Xal'atath's Bargain: Ascendant, Tyrannical, Challenger's Peril, Fortified",萊克多芭安,Demon Hunter,Vengeance,tank,Arthas
1439,329.2,308411739,10,Mists of Tirna Scithe,2024-11-20T15:41:20.000Z,1425514,1890999,2,"Xal'atath's Bargain: Ascendant, Tyrannical, Challenger's Peril, Fortified",深紅色,Hunter,Beast Mastery,dps,Menethil
1439,329.2,308411739,10,Mists of Tirna Scithe,2024-11-20T15:41:20.000Z,1425514,1890999,2,"Xal'atath's Bargain: Ascendant, Tyrannical, Challenger's Peril, Fortified",Azki,Death Knight,Frost,dps,Shadowmoon
1439,329.2,308411739,10,Mists of Tirna Scithe,2024-11-20T15:41:20.000Z,1425514,1890999,2,"Xal'atath's Bargain: Ascendant, Tyrannical, Challenger's Peril, Fortified",Watamate,Priest,Discipline,healer,Wrathbringer
1440,329.2,303406529,10,Mists of Tirna Scithe,2024-10-28T12:31:53.000Z,1425537,1890999,2,"Xal'atath's Bargain: Ascendant, Fortified, Challenger's Peril, Tyrannical",Xiaoming,Demon Hunter,Vengeance,tank,Chillwind Point
1440,329.2,303406529,10,Mists of Tirna Scithe,2024-10-28T12:31:53.000Z,1425537,1890999,2,"Xal'atath's Bargain: Ascendant, Fortified, Challenger's Peril, Tyrannical",胡尼能,Shaman,Restoration,healer,Spirestone
1440,329.2,303406529,10,Mists of Tirna Scithe,2024-10-28T12:31:53.000Z,1425537,1890999,2,"Xal'atath's Bargain: Ascendant, Fortified, Challenger's Peril, Tyrannical",猛牛老弟,Paladin,Retribution,dps,Chillwind Point
1440,329.2,303406529,10,Mists of Tirna Scithe,2024-10-28T12:31:53.000Z,1425537,1890999,2,"Xal'atath's Bargain: Ascendant, Fortified, Challenger's Peril, Tyrannical",慕里昂,Mage,Frost,dps,Icecrown
1440,329.2,303406529,10,Mists of Tirna Scithe,2024-10-28T12:31:53.000Z,1425537,1890999,2,"Xal'atath's Bargain: Ascendant, Fortified, Challenger's Peril, Tyrannical",幾格按鈕九折,Shaman,Enhancement,dps,Chillwind Point
1441,329.2,308084244,10,Mists of Tirna Scithe,2024-11-19T13:29:48.000Z,1425650,1890999,2,"Xal'atath's Bargain: Ascendant, Tyrannical, Challenger's Peril, Fortified",Ujvf,Druid,Feral,dps,Sundown Marsh
1441,329.2,308084244,10,Mists of Tirna Scithe,2024-11-19T13:29:48.000Z,1425650,1890999,2,"Xal'atath's Bargain: Ascendant, Tyrannical, Challenger's Peril, Fortified",楊楊,Warlock,Demonology,dps,Sundown Marsh
1441,329.2,308084244,10,Mists of Tirna Scithe,2024-11-19T13:29:48.000Z,1425650,1890999,2,"Xal'atath's Bargain: Ascendant, Tyrannical, Challenger's Peril, Fortified",羽蛇,Shaman,Restoration,healer,Spirestone
1441,329.2,308084244,10,Mists of Tirna Scithe,2024-11-19T13:29:48.000Z,1425650,1890999,2,"Xal'atath's Bargain: Ascendant, Tyrannical, Challenger's Peril, Fortified",恶魔馒头,Demon Hunter,Vengeance,tank,Menethil
1441,329.2,308084244,10,Mists of Tirna Scithe,2024-11-19T13:29:48.000Z,1425650,1890999,2,"Xal'atath's Bargain: Ascendant, Tyrannical, Challenger's Peril, Fortified",Alrischa,Paladin,Retribution,dps,Nightsong
1442,329.2,307500989,10,Mists of Tirna Scithe,2024-11-16T13:27:52.000Z,1425794,1890999,2,"Xal'atath's Bargain: Ascendant, Tyrannical, Challenger's Peril, Fortified",糖布丁,Priest,Holy,healer,Sundown Marsh
1442,329.2,307500989,10,Mists of Tirna Scithe,2024-11-16T13:27:52.000Z,1425794,1890999,2,"Xal'atath's Bargain: Ascendant, Tyrannical, Challenger's Peril, Fortified",霍尼摩爾,Paladin,Retribution,dps,Hellscream
1442,329.2,307500989,10,Mists of Tirna Scithe,2024-11-16T13:27:52.000Z,1425794,1890999,2,"Xal'atath's Bargain: Ascendant, Tyrannical, Challenger's Peril, Fortified",木魚水心,Mage,Frost,dps,Chillwind Point
1442,329.2,307500989,10,Mists of Tirna Scithe,2024-11-16T13:27:52.000Z,1425794,1890999,2,"Xal'atath's Bargain: Ascendant, Tyrannical, Challenger's Peril, Fortified",月野兔丶,Paladin,Protection,tank,Demon Fall Canyon
1442,329.2,307500989,10,Mists of Tirna Scithe,2024-11-16T13:27:52.000Z,1425794,1890999,2,"Xal'atath's Bargain: Ascendant, Tyrannical, Challenger's Peril, Fortified",Heowow,Paladin,Retribution,dps,Dragonmaw
1443,329.2,301433326,10,Mists of Tirna Scithe,2024-10-27T03:16:51.000Z,1425835,1890999,2,"Xal'atath's Bargain: Ascendant, Fortified, Challenger's Peril, Tyrannical",Risty,Demon Hunter,Havoc,dps,Bleeding Hollow
1443,329.2,301433326,10,Mists of Tirna Scithe,2024-10-27T03:16:51.000Z,1425835,1890999,2,"Xal'atath's Bargain: Ascendant, Fortified, Challenger's Peril, Tyrannical",琴藝獨奏曲,Shaman,Elemental,dps,Sundown Marsh
1443,329.2,301433326,10,Mists of Tirna Scithe,2024-10-27T03:16:51.000Z,1425835,1890999,2,"Xal'atath's Bargain: Ascendant, Fortified, Challenger's Peril, Tyrannical",楓糖可可,Paladin,Retribution,dps,Bleeding Hollow
1443,329.2,301433326,10,Mists of Tirna Scithe,2024-10-27T03:16:51.000Z,1425835,1890999,2,"Xal'atath's Bargain: Ascendant, Fortified, Challenger's Peril, Tyrannical",我豪大,Shaman,Restoration,healer,Skywall
1443,329.2,301433326,10,Mists of Tirna Scithe,2024-10-27T03:16:51.000Z,1425835,1890999,2,"Xal'atath's Bargain: Ascendant, Fortified, Challenger's Peril, Tyrannical",Zphirine,Death Knight,Blood,tank,Bleeding Hollow
1444,329.2,307519043,10,Mists of Tirna Scithe,2024-11-16T15:11:23.000Z,1426451,1890999,2,"Xal'atath's Bargain: Ascendant, Tyrannical, Challenger's Peril, Fortified",牛頭韋,Paladin,Protection,tank,Dragonmaw
1444,329.2,307519043,10,Mists of Tirna Scithe,2024-11-16T15:11:23.000Z,1426451,1890999,2,"Xal'atath's Bargain: Ascendant, Tyrannical, Challenger's Peril, Fortified",逆俁,Druid,Balance,dps,Sundown Marsh
1444,329.2,307519043,10,Mists of Tirna Scithe,2024-11-16T15:11:23.000Z,1426451,1890999,2,"Xal'atath's Bargain: Ascendant, Tyrannical, Challenger's Peril, Fortified",哈密瓜卡龍,Evoker,Augmentation,dps,Sundown Marsh
1444,329.2,307519043,10,Mists of Tirna Scithe,2024-11-16T15:11:23.000Z,1426451,1890999,2,"Xal'atath's Bargain: Ascendant, Tyrannical, Challenger's Peril, Fortified",浣熊,Shaman,Elemental,dps,Sundown Marsh
1444,329.2,307519043,10,Mists of Tirna Scithe,2024-11-16T15:11:23.000Z,1426451,1890999,2,"Xal'atath's Bargain: Ascendant, Tyrannical, Challenger's Peril, Fortified",破空虛斬,Priest,Discipline,healer,Stormscale
1445,329.2,307917059,10,Mists of Tirna Scithe,2024-11-18T14:06:15.000Z,1426597,1890999,2,"Xal'atath's Bargain: Ascendant, Tyrannical, Challenger's Peril, Fortified",基本電學,Shaman,Enhancement,dps,Shadowmoon
1445,329.2,307917059,10,Mists of Tirna Scithe,2024-11-18T14:06:15.000Z,1426597,1890999,2,"Xal'atath's Bargain: Ascendant, Tyrannical, Challenger's Peril, Fortified",莿桐神木,Druid,Restoration,healer,Skywall
1445,329.2,307917059,10,Mists of Tirna Scithe,2024-11-18T14:06:15.000Z,1426597,1890999,2,"Xal'atath's Bargain: Ascendant, Tyrannical, Challenger's Peril, Fortified",小奶茶胖胖,Paladin,Retribution,dps,Quel'dorei
1445,329.2,307917059,10,Mists of Tirna Scithe,2024-11-18T14:06:15.000Z,1426597,1890999,2,"Xal'atath's Bargain: Ascendant, Tyrannical, Challenger's Peril, Fortified",芬利莫得盾,Monk,Brewmaster,tank,World Tree
1445,329.2,307917059,10,Mists of Tirna Scithe,2024-11-18T14:06:15.000Z,1426597,1890999,2,"Xal'atath's Bargain: Ascendant, Tyrannical, Challenger's Peril, Fortified",眾星之眠,Mage,Arcane,dps,Shadowmoon
1446,329.2,303594398,10,Mists of Tirna Scithe,2024-10-28T12:20:40.000Z,1427275,1890999,2,"Xal'atath's Bargain: Ascendant, Fortified, Challenger's Peril, Tyrannical",撒隆西布,Rogue,Assassination,dps,Chillwind Point
1446,329.2,303594398,10,Mists of Tirna Scithe,2024-10-28T12:20:40.000Z,1427275,1890999,2,"Xal'atath's Bargain: Ascendant, Fortified, Challenger's Peril, Tyrannical",Ayanna,Paladin,Retribution,dps,Bleeding Hollow
1446,329.2,303594398,10,Mists of Tirna Scithe,2024-10-28T12:20:40.000Z,1427275,1890999,2,"Xal'atath's Bargain: Ascendant, Fortified, Challenger's Peril, Tyrannical",月遙遙,Shaman,Restoration,healer,Sundown Marsh
1446,329.2,303594398,10,Mists of Tirna Scithe,2024-10-28T12:20:40.000Z,1427275,1890999,2,"Xal'atath's Bargain: Ascendant, Fortified, Challenger's Peril, Tyrannical",Pachinco,Shaman,Elemental,dps,Crystalpine Stinger
1446,329.2,303594398,10,Mists of Tirna Scithe,2024-10-28T12:20:40.000Z,1427275,1890999,2,"Xal'atath's Bargain: Ascendant, Fortified, Challenger's Peril, Tyrannical",鎌旭宗初,Death Knight,Blood,tank,Icecrown
1447,329.2,307708465,10,Mists of Tirna Scithe,2024-11-17T11:33:54.000Z,1427307,1890999,2,"Xal'atath's Bargain: Ascendant, Tyrannical, Challenger's Peril, Fortified",梟熊香吉士,Druid,Restoration,healer,Sundown Marsh
1447,329.2,307708465,10,Mists of Tirna Scithe,2024-11-17T11:33:54.000Z,1427307,1890999,2,"Xal'atath's Bargain: Ascendant, Tyrannical, Challenger's Peril, Fortified",Hiruma,Shaman,Enhancement,dps,Sundown Marsh
1447,329.2,307708465,10,Mists of Tirna Scithe,2024-11-17T11:33:54.000Z,1427307,1890999,2,"Xal'atath's Bargain: Ascendant, Tyrannical, Challenger's Peril, Fortified",Lightsaber,Paladin,Retribution,dps,Arthas
1447,329.2,307708465,10,Mists of Tirna Scithe,2024-11-17T11:33:54.000Z,1427307,1890999,2,"Xal'atath's Bargain: Ascendant, Tyrannical, Challenger's Peril, Fortified",Blaster,Monk,Windwalker,dps,Sundown Marsh
1447,329.2,307708465,10,Mists of Tirna Scithe,2024-11-17T11:33:54.000Z,1427307,1890999,2,"Xal'atath's Bargain: Ascendant, Tyrannical, Challenger's Peril, Fortified",高嶺黑毛和牛,Warrior,Protection,tank,Sundown Marsh
1448,329.2,307929104,10,Mists of Tirna Scithe,2024-11-18T15:00:51.000Z,1427438,1890999,2,"Xal'atath's Bargain: Ascendant, Tyrannical, Challenger's Peril, Fortified",任三郎,Paladin,Retribution,dps,Light's Hope
1448,329.2,307929104,10,Mists of Tirna Scithe,2024-11-18T15:00:51.000Z,1427438,1890999,2,"Xal'atath's Bargain: Ascendant, Tyrannical, Challenger's Peril, Fortified",小箏鳥,Druid,Restoration,healer,Shadowmoon
1448,329.2,307929104,10,Mists of Tirna Scithe,2024-11-18T15:00:51.000Z,1427438,1890999,2,"Xal'atath's Bargain: Ascendant, Tyrannical, Challenger's Peril, Fortified",妖薩,Shaman,Enhancement,dps,Arthas
1448,329.2,307929104,10,Mists of Tirna Scithe,2024-11-18T15:00:51.000Z,1427438,1890999,2,"Xal'atath's Bargain: Ascendant, Tyrannical, Challenger's Peril, Fortified",蘇夏,Evoker,Augmentation,dps,Menethil
1448,329.2,307929104,10,Mists of Tirna Scithe,2024-11-18T15:00:51.000Z,1427438,1890999,2,"Xal'atath's Bargain: Ascendant, Tyrannical, Challenger's Peril, Fortified",Babaimer,Paladin,Protection,tank,Silverwing Hold
1449,329.2,307345283,10,Mists of Tirna Scithe,2024-11-15T17:57:13.000Z,1427515,1890999,2,"Xal'atath's Bargain: Ascendant, Tyrannical, Challenger's Peril, Fortified",Higgs,Shaman,Enhancement,dps,Frostmane
1449,329.2,307345283,10,Mists of Tirna Scithe,2024-11-15T17:57:13.000Z,1427515,1890999,2,"Xal'atath's Bargain: Ascendant, Tyrannical, Challenger's Peril, Fortified",狒鷥鵲蚵,Mage,Fire,dps,Shadowmoon
1449,329.2,307345283,10,Mists of Tirna Scithe,2024-11-15T17:57:13.000Z,1427515,1890999,2,"Xal'atath's Bargain: Ascendant, Tyrannical, Challenger's Peril, Fortified",白酒香草肋排,Paladin,Retribution,dps,Spirestone
1449,329.2,307345283,10,Mists of Tirna Scithe,2024-11-15T17:57:13.000Z,1427515,1890999,2,"Xal'atath's Bargain: Ascendant, Tyrannical, Challenger's Peril, Fortified",Ohtani,Paladin,Protection,tank,Shadowmoon
1449,329.2,307345283,10,Mists of Tirna Scithe,2024-11-15T17:57:13.000Z,1427515,1890999,2,"Xal'atath's Bargain: Ascendant, Tyrannical, Challenger's Peril, Fortified",川普,Priest,Discipline,healer,Shadowmoon
1450,329.2,303172614,10,Mists of Tirna Scithe,2024-10-27T09:17:46.000Z,1427620,1890999,2,"Xal'atath's Bargain: Ascendant, Fortified, Challenger's Peril, Tyrannical",貓咪的肉球,Demon Hunter,Vengeance,tank,Quel'dorei
1450,329.2,303172614,10,Mists of Tirna Scithe,2024-10-27T09:17:46.000Z,1427620,1890999,2,"Xal'atath's Bargain: Ascendant, Fortified, Challenger's Peril, Tyrannical",聖經丙,Death Knight,Unholy,dps,Light's Hope
1450,329.2,303172614,10,Mists of Tirna Scithe,2024-10-27T09:17:46.000Z,1427620,1890999,2,"Xal'atath's Bargain: Ascendant, Fortified, Challenger's Peril, Tyrannical",朱赤緹狐,Monk,Mistweaver,healer,Arygos
1450,329.2,303172614,10,Mists of Tirna Scithe,2024-10-27T09:17:46.000Z,1427620,1890999,2,"Xal'atath's Bargain: Ascendant, Fortified, Challenger's Peril, Tyrannical",絨毛小米,Mage,Fire,dps,Sundown Marsh
1450,329.2,303172614,10,Mists of Tirna Scithe,2024-10-27T09:17:46.000Z,1427620,1890999,2,"Xal'atath's Bargain: Ascendant, Fortified, Challenger's Peril, Tyrannical",醒來,Shaman,Elemental,dps,Shadowmoon
1451,329.2,309506411,10,Mists of Tirna Scithe,2024-11-20T13:55:08.000Z,1427831,1890999,2,"Xal'atath's Bargain: Ascendant, Tyrannical, Challenger's Peril, Fortified",奶樽,Paladin,Protection,tank,Quel'dorei
1451,329.2,309506411,10,Mists of Tirna Scithe,2024-11-20T13:55:08.000Z,1427831,1890999,2,"Xal'atath's Bargain: Ascendant, Tyrannical, Challenger's Peril, Fortified",Alexs,Death Knight,Frost,dps,Arthas
1451,329.2,309506411,10,Mists of Tirna Scithe,2024-11-20T13:55:08.000Z,1427831,1890999,2,"Xal'atath's Bargain: Ascendant, Tyrannical, Challenger's Peril, Fortified",美宋終來,Paladin,Retribution,dps,Spirestone
1451,329.2,309506411,10,Mists of Tirna Scithe,2024-11-20T13:55:08.000Z,1427831,1890999,2,"Xal'atath's Bargain: Ascendant, Tyrannical, Challenger's Peril, Fortified",秋來也,Druid,Balance,dps,Chillwind Point
1451,329.2,309506411,10,Mists of Tirna Scithe,2024-11-20T13:55:08.000Z,1427831,1890999,2,"Xal'atath's Bargain: Ascendant, Tyrannical, Challenger's Peril, Fortified",練實,Shaman,Restoration,healer,Spirestone
1452,329.2,303667070,10,Mists of Tirna Scithe,2024-10-29T13:35:32.000Z,1427911,1890999,2,"Xal'atath's Bargain: Ascendant, Fortified, Challenger's Peril, Tyrannical",冷丹楓,Priest,Holy,healer,Arthas
1452,329.2,303667070,10,Mists of Tirna Scithe,2024-10-29T13:35:32.000Z,1427911,1890999,2,"Xal'atath's Bargain: Ascendant, Fortified, Challenger's Peril, Tyrannical",櫻舞蕾雅,Rogue,Assassination,dps,Shadowmoon
1452,329.2,303667070,10,Mists of Tirna Scithe,2024-10-29T13:35:32.000Z,1427911,1890999,2,"Xal'atath's Bargain: Ascendant, Fortified, Challenger's Peril, Tyrannical",米凱爾,Paladin,Retribution,dps,Zealot Blade
1452,329.2,303667070,10,Mists of Tirna Scithe,2024-10-29T13:35:32.000Z,1427911,1890999,2,"Xal'atath's Bargain: Ascendant, Fortified, Challenger's Peril, Tyrannical",Pankration,Monk,Brewmaster,tank,Quel'dorei
1452,329.2,303667070,10,Mists of Tirna Scithe,2024-10-29T13:35:32.000Z,1427911,1890999,2,"Xal'atath's Bargain: Ascendant, Fortified, Challenger's Peril, Tyrannical",醉心晴,Warlock,Demonology,dps,Skywall
1453,329.2,308111963,10,Mists of Tirna Scithe,2024-11-19T15:22:45.000Z,1427930,1890999,2,"Xal'atath's Bargain: Ascendant, Tyrannical, Challenger's Peril, Fortified",黑斑白貓,Druid,Restoration,healer,Whisperwind
1453,329.2,308111963,10,Mists of Tirna Scithe,2024-11-19T15:22:45.000Z,1427930,1890999,2,"Xal'atath's Bargain: Ascendant, Tyrannical, Challenger's Peril, Fortified",黑紋灰貓,Demon Hunter,Vengeance,tank,Whisperwind
1453,329.2,308111963,10,Mists of Tirna Scithe,2024-11-19T15:22:45.000Z,1427930,1890999,2,"Xal'atath's Bargain: Ascendant, Tyrannical, Challenger's Peril, Fortified",妖薩,Shaman,Enhancement,dps,Arthas
1453,329.2,308111963,10,Mists of Tirna Scithe,2024-11-19T15:22:45.000Z,1427930,1890999,2,"Xal'atath's Bargain: Ascendant, Tyrannical, Challenger's Peril, Fortified",白玉,Evoker,Devastation,dps,Shadowmoon
1453,329.2,308111963,10,Mists of Tirna Scithe,2024-11-19T15:22:45.000Z,1427930,1890999,2,"Xal'atath's Bargain: Ascendant, Tyrannical, Challenger's Peril, Fortified",錢來報到-230706822,Paladin,Retribution,dps,Sundown Marsh
1454,329.2,303428341,10,Mists of Tirna Scithe,2024-10-28T16:06:03.000Z,1428432,1890999,2,"Xal'atath's Bargain: Ascendant, Fortified, Challenger's Peril, Tyrannical",騎綿羊打遊俠,Paladin,Retribution,dps,Nightsong
1454,329.2,303428341,10,Mists of Tirna Scithe,2024-10-28T16:06:03.000Z,1428432,1890999,2,"Xal'atath's Bargain: Ascendant, Fortified, Challenger's Peril, Tyrannical",厚片牛,Mage,Frost,dps,Sundown Marsh
1454,329.2,303428341,10,Mists of Tirna Scithe,2024-10-28T16:06:03.000Z,1428432,1890999,2,"Xal'atath's Bargain: Ascendant, Fortified, Challenger's Peril, Tyrannical",紫菁,Paladin,Protection,tank,Nightsong
1454,329.2,303428341,10,Mists of Tirna Scithe,2024-10-28T16:06:03.000Z,1428432,1890999,2,"Xal'atath's Bargain: Ascendant, Fortified, Challenger's Peril, Tyrannical",火燒的寂摸,Druid,Balance,dps,Nightsong
1454,329.2,303428341,10,Mists of Tirna Scithe,2024-10-28T16:06:03.000Z,1428432,1890999,2,"Xal'atath's Bargain: Ascendant, Fortified, Challenger's Peril, Tyrannical",Clifshaman,Shaman,Restoration,healer,Nightsong
1455,329.2,307322516,10,Mists of Tirna Scithe,2024-11-15T15:02:29.000Z,1428818,1890999,2,"Xal'atath's Bargain: Ascendant, Tyrannical, Challenger's Peril, Fortified",瀨明秀俊,Hunter,Beast Mastery,dps,Arthas
1455,329.2,307322516,10,Mists of Tirna Scithe,2024-11-15T15:02:29.000Z,1428818,1890999,2,"Xal'atath's Bargain: Ascendant, Tyrannical, Challenger's Peril, Fortified",辣台妹,Paladin,Retribution,dps,Arthas
1455,329.2,307322516,10,Mists of Tirna Scithe,2024-11-15T15:02:29.000Z,1428818,1890999,2,"Xal'atath's Bargain: Ascendant, Tyrannical, Challenger's Peril, Fortified",島揮,Shaman,Restoration,healer,Bleeding Hollow
1455,329.2,307322516,10,Mists of Tirna Scithe,2024-11-15T15:02:29.000Z,1428818,1890999,2,"Xal'atath's Bargain: Ascendant, Tyrannical, Challenger's Peril, Fortified",武厄惡,Warrior,Protection,tank,Arthas
1455,329.2,307322516,10,Mists of Tirna Scithe,2024-11-15T15:02:29.000Z,1428818,1890999,2,"Xal'atath's Bargain: Ascendant, Tyrannical, Challenger's Peril, Fortified",歐比康,Shaman,Enhancement,dps,Hellscream
1456,329.2,308275023,10,Mists of Tirna Scithe,2024-11-19T19:02:56.000Z,1428991,1890999,2,"Xal'atath's Bargain: Ascendant, Tyrannical, Challenger's Peril, Fortified",進化傻滿,Shaman,Restoration,healer,Spirestone
1456,329.2,308275023,10,Mists of Tirna Scithe,2024-11-19T19:02:56.000Z,1428991,1890999,2,"Xal'atath's Bargain: Ascendant, Tyrannical, Challenger's Peril, Fortified",Tessadar,Shaman,Elemental,dps,Crystalpine Stinger
1456,329.2,308275023,10,Mists of Tirna Scithe,2024-11-19T19:02:56.000Z,1428991,1890999,2,"Xal'atath's Bargain: Ascendant, Tyrannical, Challenger's Peril, Fortified",Kaen,Paladin,Retribution,dps,Skywall
1456,329.2,308275023,10,Mists of Tirna Scithe,2024-11-19T19:02:56.000Z,1428991,1890999,2,"Xal'atath's Bargain: Ascendant, Tyrannical, Challenger's Peril, Fortified",Ryeongchae,Death Knight,Unholy,dps,Whisperwind
1456,329.2,308275023,10,Mists of Tirna Scithe,2024-11-19T19:02:56.000Z,1428991,1890999,2,"Xal'atath's Bargain: Ascendant, Tyrannical, Challenger's Peril, Fortified",好同學,Paladin,Protection,tank,Shadowmoon
1457,329.2,307454196,10,Mists of Tirna Scithe,2024-11-16T05:45:38.000Z,1429110,1890999,2,"Xal'atath's Bargain: Ascendant, Tyrannical, Challenger's Peril, Fortified",Martyb,Mage,Frost,dps,Crystalpine Stinger
1457,329.2,307454196,10,Mists of Tirna Scithe,2024-11-16T05:45:38.000Z,1429110,1890999,2,"Xal'atath's Bargain: Ascendant, Tyrannical, Challenger's Peril, Fortified",米忒尔,Paladin,Retribution,dps,Silverwing Hold
1457,329.2,307454196,10,Mists of Tirna Scithe,2024-11-16T05:45:38.000Z,1429110,1890999,2,"Xal'atath's Bargain: Ascendant, Tyrannical, Challenger's Peril, Fortified",怒炫,Demon Hunter,Vengeance,tank,Icecrown
1457,329.2,307454196,10,Mists of Tirna Scithe,2024-11-16T05:45:38.000Z,1429110,1890999,2,"Xal'atath's Bargain: Ascendant, Tyrannical, Challenger's Peril, Fortified",鑰匙翹翹了,Shaman,Restoration,healer,Shadowmoon
1457,329.2,307454196,10,Mists of Tirna Scithe,2024-11-16T05:45:38.000Z,1429110,1890999,2,"Xal'atath's Bargain: Ascendant, Tyrannical, Challenger's Peril, Fortified",桜岛麻衣-228834210,Warrior,Fury,dps,Menethil
1458,329.2,307714689,10,Mists of Tirna Scithe,2024-11-17T13:51:19.000Z,1429254,1890999,2,"Xal'atath's Bargain: Ascendant, Tyrannical, Challenger's Peril, Fortified",御炙,Rogue,Assassination,dps,Sundown Marsh
1458,329.2,307714689,10,Mists of Tirna Scithe,2024-11-17T13:51:19.000Z,1429254,1890999,2,"Xal'atath's Bargain: Ascendant, Tyrannical, Challenger's Peril, Fortified",五分熟樂團,Warrior,Fury,dps,Sundown Marsh
1458,329.2,307714689,10,Mists of Tirna Scithe,2024-11-17T13:51:19.000Z,1429254,1890999,2,"Xal'atath's Bargain: Ascendant, Tyrannical, Challenger's Peril, Fortified",小草德聲音,Druid,Guardian,tank,Sundown Marsh
1458,329.2,307714689,10,Mists of Tirna Scithe,2024-11-17T13:51:19.000Z,1429254,1890999,2,"Xal'atath's Bargain: Ascendant, Tyrannical, Challenger's Peril, Fortified",小帕魯,Priest,Shadow,dps,Crystalpine Stinger
1458,329.2,307714689,10,Mists of Tirna Scithe,2024-11-17T13:51:19.000Z,1429254,1890999,2,"Xal'atath's Bargain: Ascendant, Tyrannical, Challenger's Peril, Fortified",部落甲種電匠,Shaman,Restoration,healer,Zealot Blade
1459,329.2,307156142,10,Mists of Tirna Scithe,2024-11-14T13:48:21.000Z,1429333,1890999,2,"Xal'atath's Bargain: Ascendant, Tyrannical, Challenger's Peril, Fortified",魔法小豬,Mage,Frost,dps,Shadowmoon
1459,329.2,307156142,10,Mists of Tirna Scithe,2024-11-14T13:48:21.000Z,1429333,1890999,2,"Xal'atath's Bargain: Ascendant, Tyrannical, Challenger's Peril, Fortified",布丁佐山葵,Death Knight,Blood,tank,Shadowmoon
1459,329.2,307156142,10,Mists of Tirna Scithe,2024-11-14T13:48:21.000Z,1429333,1890999,2,"Xal'atath's Bargain: Ascendant, Tyrannical, Challenger's Peril, Fortified",漢堡加奶昔,Mage,Frost,dps,Shadowmoon
1459,329.2,307156142,10,Mists of Tirna Scithe,2024-11-14T13:48:21.000Z,1429333,1890999,2,"Xal'atath's Bargain: Ascendant, Tyrannical, Challenger's Peril, Fortified",我是聖療,Paladin,Retribution,dps,Shadowmoon
1459,329.2,307156142,10,Mists of Tirna Scithe,2024-11-14T13:48:21.000Z,1429333,1890999,2,"Xal'atath's Bargain: Ascendant, Tyrannical, Challenger's Peril, Fortified",Eleanke,Shaman,Restoration,healer,Spirestone
1460,329.2,308063097,10,Mists of Tirna Scithe,2024-11-19T11:38:30.000Z,1429536,1890999,2,"Xal'atath's Bargain: Ascendant, Tyrannical, Challenger's Peril, Fortified",剎鬼爻牙,Paladin,Retribution,dps,Crystalpine Stinger
1460,329.2,308063097,10,Mists of Tirna Scithe,2024-11-19T11:38:30.000Z,1429536,1890999,2,"Xal'atath's Bargain: Ascendant, Tyrannical, Challenger's Peril, Fortified",乳雌動人,Shaman,Restoration,healer,Chillwind Point
1460,329.2,308063097,10,Mists of Tirna Scithe,2024-11-19T11:38:30.000Z,1429536,1890999,2,"Xal'atath's Bargain: Ascendant, Tyrannical, Challenger's Peril, Fortified",可樂熊貓,Demon Hunter,Vengeance,tank,Chillwind Point
1460,329.2,308063097,10,Mists of Tirna Scithe,2024-11-19T11:38:30.000Z,1429536,1890999,2,"Xal'atath's Bargain: Ascendant, Tyrannical, Challenger's Peril, Fortified",血統薩滿,Shaman,Enhancement,dps,Crystalpine Stinger
1460,329.2,308063097,10,Mists of Tirna Scithe,2024-11-19T11:38:30.000Z,1429536,1890999,2,"Xal'atath's Bargain: Ascendant, Tyrannical, Challenger's Peril, Fortified",澤維爾,Paladin,Retribution,dps,Arthas
1461,329.2,302461284,10,Mists of Tirna Scithe,2024-10-24T10:27:42.000Z,1429544,1890999,2,"Xal'atath's Bargain: Ascendant, Fortified, Challenger's Peril, Tyrannical",路邊有小草,Paladin,Holy,healer,Sundown Marsh
1461,329.2,302461284,10,Mists of Tirna Scithe,2024-10-24T10:27:42.000Z,1429544,1890999,2,"Xal'atath's Bargain: Ascendant, Fortified, Challenger's Peril, Tyrannical",蒜頭叔,Shaman,Elemental,dps,Sundown Marsh
1461,329.2,302461284,10,Mists of Tirna Scithe,2024-10-24T10:27:42.000Z,1429544,1890999,2,"Xal'atath's Bargain: Ascendant, Fortified, Challenger's Peril, Tyrannical",瑪托雅奶奶,Priest,Shadow,dps,Sundown Marsh
1461,329.2,302461284,10,Mists of Tirna Scithe,2024-10-24T10:27:42.000Z,1429544,1890999,2,"Xal'atath's Bargain: Ascendant, Fortified, Challenger's Peril, Tyrannical",生炒糯米,Paladin,Retribution,dps,Sundown Marsh
1461,329.2,302461284,10,Mists of Tirna Scithe,2024-10-24T10:27:42.000Z,1429544,1890999,2,"Xal'atath's Bargain: Ascendant, Fortified, Challenger's Peril, Tyrannical",Vansmo,Demon Hunter,Vengeance,tank,Sundown Marsh
1462,329.1,307510958,10,Mists of Tirna Scithe,2024-11-16T15:15:49.000Z,1430019,1890999,2,"Xal'atath's Bargain: Ascendant, Tyrannical, Challenger's Peril, Fortified",冰彬糖,Hunter,Survival,dps,World Tree
1462,329.1,307510958,10,Mists of Tirna Scithe,2024-11-16T15:15:49.000Z,1430019,1890999,2,"Xal'atath's Bargain: Ascendant, Tyrannical, Challenger's Peril, Fortified",沒圖說個基八,Druid,Guardian,tank,Arygos
1462,329.1,307510958,10,Mists of Tirna Scithe,2024-11-16T15:15:49.000Z,1430019,1890999,2,"Xal'atath's Bargain: Ascendant, Tyrannical, Challenger's Peril, Fortified",Bruh,Paladin,Retribution,dps,Menethil
1462,329.1,307510958,10,Mists of Tirna Scithe,2024-11-16T15:15:49.000Z,1430019,1890999,2,"Xal'atath's Bargain: Ascendant, Tyrannical, Challenger's Peril, Fortified",Gtyjs,Demon Hunter,Havoc,dps,Menethil
1462,329.1,307510958,10,Mists of Tirna Scithe,2024-11-16T15:15:49.000Z,1430019,1890999,2,"Xal'atath's Bargain: Ascendant, Tyrannical, Challenger's Peril, Fortified",Toppin,Shaman,Restoration,healer,Shadowmoon
1463,329.1,302948153,10,Mists of Tirna Scithe,2024-10-26T13:17:34.000Z,1430490,1890999,2,"Xal'atath's Bargain: Ascendant, Fortified, Challenger's Peril, Tyrannical",昏倒,Paladin,Retribution,dps,Zealot Blade
1463,329.1,302948153,10,Mists of Tirna Scithe,2024-10-26T13:17:34.000Z,1430490,1890999,2,"Xal'atath's Bargain: Ascendant, Fortified, Challenger's Peril, Tyrannical",牧瀬紅莉栖,Warlock,Destruction,dps,Hellscream
1463,329.1,302948153,10,Mists of Tirna Scithe,2024-10-26T13:17:34.000Z,1430490,1890999,2,"Xal'atath's Bargain: Ascendant, Fortified, Challenger's Peril, Tyrannical",歆玫塔,Shaman,Restoration,healer,Whisperwind
1463,329.1,302948153,10,Mists of Tirna Scithe,2024-10-26T13:17:34.000Z,1430490,1890999,2,"Xal'atath's Bargain: Ascendant, Fortified, Challenger's Peril, Tyrannical",Gwyn,Death Knight,Frost,dps,Light's Hope
1463,329.1,302948153,10,Mists of Tirna Scithe,2024-10-26T13:17:34.000Z,1430490,1890999,2,"Xal'atath's Bargain: Ascendant, Fortified, Challenger's Peril, Tyrannical",李李君,Demon Hunter,Vengeance,tank,Shadowmoon
1464,329.1,308089002,10,Mists of Tirna Scithe,2024-11-19T15:34:25.000Z,1430556,1890999,2,"Xal'atath's Bargain: Ascendant, Tyrannical, Challenger's Peril, Fortified",大芙尼,Paladin,Protection,tank,Arthas
1464,329.1,308089002,10,Mists of Tirna Scithe,2024-11-19T15:34:25.000Z,1430556,1890999,2,"Xal'atath's Bargain: Ascendant, Tyrannical, Challenger's Peril, Fortified",艾汀,Evoker,Devastation,dps,Silverwing Hold
1464,329.1,308089002,10,Mists of Tirna Scithe,2024-11-19T15:34:25.000Z,1430556,1890999,2,"Xal'atath's Bargain: Ascendant, Tyrannical, Challenger's Peril, Fortified",牧師林,Priest,Discipline,healer,Arthas
1464,329.1,308089002,10,Mists of Tirna Scithe,2024-11-19T15:34:25.000Z,1430556,1890999,2,"Xal'atath's Bargain: Ascendant, Tyrannical, Challenger's Peril, Fortified",Xtricks,Paladin,Retribution,dps,Arthas
1464,329.1,308089002,10,Mists of Tirna Scithe,2024-11-19T15:34:25.000Z,1430556,1890999,2,"Xal'atath's Bargain: Ascendant, Tyrannical, Challenger's Peril, Fortified",Redwarlock,Death Knight,Frost,dps,Arthas
1465,329.1,303180797,10,Mists of Tirna Scithe,2024-10-27T11:31:18.000Z,1430737,1890999,2,"Xal'atath's Bargain: Ascendant, Fortified, Challenger's Peril, Tyrannical",阿忒密斯,Hunter,Beast Mastery,dps,Arthas
1465,329.1,303180797,10,Mists of Tirna Scithe,2024-10-27T11:31:18.000Z,1430737,1890999,2,"Xal'atath's Bargain: Ascendant, Fortified, Challenger's Peril, Tyrannical",Pasty,Shaman,Restoration,healer,Arthas
1465,329.1,303180797,10,Mists of Tirna Scithe,2024-10-27T11:31:18.000Z,1430737,1890999,2,"Xal'atath's Bargain: Ascendant, Fortified, Challenger's Peril, Tyrannical",芈廿乜爿厶,Death Knight,Unholy,dps,Arthas
1465,329.1,303180797,10,Mists of Tirna Scithe,2024-10-27T11:31:18.000Z,1430737,1890999,2,"Xal'atath's Bargain: Ascendant, Fortified, Challenger's Peril, Tyrannical",兔少爺,Warlock,Demonology,dps,Dragonmaw
1465,329.1,303180797,10,Mists of Tirna Scithe,2024-10-27T11:31:18.000Z,1430737,1890999,2,"Xal'atath's Bargain: Ascendant, Fortified, Challenger's Peril, Tyrannical",飄飄,Demon Hunter,Vengeance,tank,Sundown Marsh
1466,329.1,302976755,10,Mists of Tirna Scithe,2024-10-26T17:43:32.000Z,1431088,1890999,2,"Xal'atath's Bargain: Ascendant, Fortified, Challenger's Peril, Tyrannical",秋風的流浪,Shaman,Restoration,healer,Shadowmoon
1466,329.1,302976755,10,Mists of Tirna Scithe,2024-10-26T17:43:32.000Z,1431088,1890999,2,"Xal'atath's Bargain: Ascendant, Fortified, Challenger's Peril, Tyrannical",觀世音補薩,Shaman,Elemental,dps,Order of the Cloud Serpent
1466,329.1,302976755,10,Mists of Tirna Scithe,2024-10-26T17:43:32.000Z,1431088,1890999,2,"Xal'atath's Bargain: Ascendant, Fortified, Challenger's Peril, Tyrannical",先打我旁邊的,Warrior,Fury,dps,Arygos
1466,329.1,302976755,10,Mists of Tirna Scithe,2024-10-26T17:43:32.000Z,1431088,1890999,2,"Xal'atath's Bargain: Ascendant, Fortified, Challenger's Peril, Tyrannical",安清翡-196558086,Paladin,Protection,tank,Dragonmaw
1466,329.1,302976755,10,Mists of Tirna Scithe,2024-10-26T17:43:32.000Z,1431088,1890999,2,"Xal'atath's Bargain: Ascendant, Fortified, Challenger's Peril, Tyrannical",隨水,Druid,Balance,dps,World Tree
1467,329.1,294907064,10,Mists of Tirna Scithe,2024-09-24T10:42:12.000Z,1431160,1890999,2,"Xal'atath's Bargain: Ascendant, Tyrannical, Challenger's Peril, Fortified",咕姑固,Druid,Balance,dps,Shadowmoon
1467,329.1,294907064,10,Mists of Tirna Scithe,2024-09-24T10:42:12.000Z,1431160,1890999,2,"Xal'atath's Bargain: Ascendant, Tyrannical, Challenger's Peril, Fortified",Roysilence,Paladin,Retribution,dps,Zealot Blade
1467,329.1,294907064,10,Mists of Tirna Scithe,2024-09-24T10:42:12.000Z,1431160,1890999,2,"Xal'atath's Bargain: Ascendant, Tyrannical, Challenger's Peril, Fortified",沒治癒我的傷,Demon Hunter,Vengeance,tank,Shadowmoon
1467,329.1,294907064,10,Mists of Tirna Scithe,2024-09-24T10:42:12.000Z,1431160,1890999,2,"Xal'atath's Bargain: Ascendant, Tyrannical, Challenger's Peril, Fortified",我哀低是數字,Shaman,Restoration,healer,Shadowmoon
1467,329.1,294907064,10,Mists of Tirna Scithe,2024-09-24T10:42:12.000Z,1431160,1890999,2,"Xal'atath's Bargain: Ascendant, Tyrannical, Challenger's Peril, Fortified",Farewellkin,Death Knight,Frost,dps,Shadowmoon
1468,329.1,307315458,10,Mists of Tirna Scithe,2024-11-15T13:50:26.000Z,1431299,1890999,2,"Xal'atath's Bargain: Ascendant, Tyrannical, Challenger's Peril, Fortified",孤影絕,Paladin,Protection,tank,Shadowmoon
1468,329.1,307315458,10,Mists of Tirna Scithe,2024-11-15T13:50:26.000Z,1431299,1890999,2,"Xal'atath's Bargain: Ascendant, Tyrannical, Challenger's Peril, Fortified",於戲,Shaman,Enhancement,dps,Shadowmoon
1468,329.1,307315458,10,Mists of Tirna Scithe,2024-11-15T13:50:26.000Z,1431299,1890999,2,"Xal'atath's Bargain: Ascendant, Tyrannical, Challenger's Peril, Fortified",大文,Paladin,Retribution,dps,Shadowmoon
1468,329.1,307315458,10,Mists of Tirna Scithe,2024-11-15T13:50:26.000Z,1431299,1890999,2,"Xal'atath's Bargain: Ascendant, Tyrannical, Challenger's Peril, Fortified",Spicy,Priest,Discipline,healer,Stormscale
1468,329.1,307315458,10,Mists of Tirna Scithe,2024-11-15T13:50:26.000Z,1431299,1890999,2,"Xal'atath's Bargain: Ascendant, Tyrannical, Challenger's Peril, Fortified",找你呢,Druid,Balance,dps,Shadowmoon
1469,329.1,307181166,10,Mists of Tirna Scithe,2024-11-14T17:06:37.000Z,1431597,1890999,2,"Xal'atath's Bargain: Ascendant, Tyrannical, Challenger's Peril, Fortified",諾心,Monk,Windwalker,dps,Sundown Marsh
1469,329.1,307181166,10,Mists of Tirna Scithe,2024-11-14T17:06:37.000Z,1431597,1890999,2,"Xal'atath's Bargain: Ascendant, Tyrannical, Challenger's Peril, Fortified",綺綺,Warlock,Destruction,dps,Sundown Marsh
1469,329.1,307181166,10,Mists of Tirna Scithe,2024-11-14T17:06:37.000Z,1431597,1890999,2,"Xal'atath's Bargain: Ascendant, Tyrannical, Challenger's Peril, Fortified",哈維爾,Shaman,Elemental,dps,Crystalpine Stinger
1469,329.1,307181166,10,Mists of Tirna Scithe,2024-11-14T17:06:37.000Z,1431597,1890999,2,"Xal'atath's Bargain: Ascendant, Tyrannical, Challenger's Peril, Fortified",眼底丶,Priest,Discipline,healer,Icecrown
1469,329.1,307181166,10,Mists of Tirna Scithe,2024-11-14T17:06:37.000Z,1431597,1890999,2,"Xal'atath's Bargain: Ascendant, Tyrannical, Challenger's Peril, Fortified",霆霓,Paladin,Protection,tank,World Tree
1470,329.1,308081536,10,Mists of Tirna Scithe,2024-11-19T13:16:16.000Z,1431866,1890999,2,"Xal'atath's Bargain: Ascendant, Tyrannical, Challenger's Peril, Fortified",撼天神雷,Shaman,Enhancement,dps,World Tree
1470,329.1,308081536,10,Mists of Tirna Scithe,2024-11-19T13:16:16.000Z,1431866,1890999,2,"Xal'atath's Bargain: Ascendant, Tyrannical, Challenger's Peril, Fortified",小狼兒,Druid,Restoration,healer,World Tree
1470,329.1,308081536,10,Mists of Tirna Scithe,2024-11-19T13:16:16.000Z,1431866,1890999,2,"Xal'atath's Bargain: Ascendant, Tyrannical, Challenger's Peril, Fortified",牡羊殺手,Demon Hunter,Vengeance,tank,Dragonmaw
1470,329.1,308081536,10,Mists of Tirna Scithe,2024-11-19T13:16:16.000Z,1431866,1890999,2,"Xal'atath's Bargain: Ascendant, Tyrannical, Challenger's Peril, Fortified",朧月夜,Paladin,Retribution,dps,Hellscream
1470,329.1,308081536,10,Mists of Tirna Scithe,2024-11-19T13:16:16.000Z,1431866,1890999,2,"Xal'atath's Bargain: Ascendant, Tyrannical, Challenger's Peril, Fortified",蒼雨穹星,Warlock,Destruction,dps,Sundown Marsh
1471,329.1,302468299,10,Mists of Tirna Scithe,2024-10-24T12:10:55.000Z,1432535,1890999,2,"Xal'atath's Bargain: Ascendant, Fortified, Challenger's Peril, Tyrannical",請勿餵飼,Druid,Balance,dps,Quel'dorei
1471,329.1,302468299,10,Mists of Tirna Scithe,2024-10-24T12:10:55.000Z,1432535,1890999,2,"Xal'atath's Bargain: Ascendant, Fortified, Challenger's Peril, Tyrannical",磁能線,Shaman,Enhancement,dps,Quel'dorei
1471,329.1,302468299,10,Mists of Tirna Scithe,2024-10-24T12:10:55.000Z,1432535,1890999,2,"Xal'atath's Bargain: Ascendant, Fortified, Challenger's Peril, Tyrannical",銀月天使,Death Knight,Frost,dps,Sundown Marsh
1471,329.1,302468299,10,Mists of Tirna Scithe,2024-10-24T12:10:55.000Z,1432535,1890999,2,"Xal'atath's Bargain: Ascendant, Fortified, Challenger's Peril, Tyrannical",Doubletop,Warrior,Protection,tank,Sundown Marsh
1471,329.1,302468299,10,Mists of Tirna Scithe,2024-10-24T12:10:55.000Z,1432535,1890999,2,"Xal'atath's Bargain: Ascendant, Fortified, Challenger's Peril, Tyrannical",補你老味,Priest,Discipline,healer,Sundown Marsh
1472,329.1,307941777,10,Mists of Tirna Scithe,2024-11-18T16:12:51.000Z,1432559,1890999,2,"Xal'atath's Bargain: Ascendant, Tyrannical, Challenger's Peril, Fortified",六呂,Priest,Shadow,dps,Wrathbringer
1472,329.1,307941777,10,Mists of Tirna Scithe,2024-11-18T16:12:51.000Z,1432559,1890999,2,"Xal'atath's Bargain: Ascendant, Tyrannical, Challenger's Peril, Fortified",Whyhealz,Priest,Discipline,healer,Frostmane
1472,329.1,307941777,10,Mists of Tirna Scithe,2024-11-18T16:12:51.000Z,1432559,1890999,2,"Xal'atath's Bargain: Ascendant, Tyrannical, Challenger's Peril, Fortified",Lostage,Death Knight,Blood,tank,Crystalpine Stinger
1472,329.1,307941777,10,Mists of Tirna Scithe,2024-11-18T16:12:51.000Z,1432559,1890999,2,"Xal'atath's Bargain: Ascendant, Tyrannical, Challenger's Peril, Fortified",千羽星空,Mage,Frost,dps,Sundown Marsh
1472,329.1,307941777,10,Mists of Tirna Scithe,2024-11-18T16:12:51.000Z,1432559,1890999,2,"Xal'atath's Bargain: Ascendant, Tyrannical, Challenger's Peril, Fortified",蘋果爹,Paladin,Retribution,dps,Shadowmoon
1473,329.1,293185352,10,Mists of Tirna Scithe,2024-11-14T14:10:03.000Z,1432844,1890999,2,"Xal'atath's Bargain: Ascendant, Tyrannical, Challenger's Peril, Fortified",呆毛魚,Druid,Restoration,healer,Arygos
1473,329.1,293185352,10,Mists of Tirna Scithe,2024-11-14T14:10:03.000Z,1432844,1890999,2,"Xal'atath's Bargain: Ascendant, Tyrannical, Challenger's Peril, Fortified",奈祖,Warlock,Demonology,dps,Arygos
1473,329.1,293185352,10,Mists of Tirna Scithe,2024-11-14T14:10:03.000Z,1432844,1890999,2,"Xal'atath's Bargain: Ascendant, Tyrannical, Challenger's Peril, Fortified",赤鐵,Warrior,Protection,tank,Arygos
1473,329.1,293185352,10,Mists of Tirna Scithe,2024-11-14T14:10:03.000Z,1432844,1890999,2,"Xal'atath's Bargain: Ascendant, Tyrannical, Challenger's Peril, Fortified",濤湘,Shaman,Elemental,dps,Arygos
1473,329.1,293185352,10,Mists of Tirna Scithe,2024-11-14T14:10:03.000Z,1432844,1890999,2,"Xal'atath's Bargain: Ascendant, Tyrannical, Challenger's Peril, Fortified",貓奴症候群,Rogue,Assassination,dps,Sundown Marsh
1474,329.1,303077937,10,Mists of Tirna Scithe,2024-10-26T23:53:59.000Z,1432896,1890999,2,"Xal'atath's Bargain: Ascendant, Fortified, Challenger's Peril, Tyrannical",殺我不會掉寶,Monk,Mistweaver,healer,Quel'dorei
1474,329.1,303077937,10,Mists of Tirna Scithe,2024-10-26T23:53:59.000Z,1432896,1890999,2,"Xal'atath's Bargain: Ascendant, Fortified, Challenger's Peril, Tyrannical",冰絲澪,Demon Hunter,Vengeance,tank,Menethil
1474,329.1,303077937,10,Mists of Tirna Scithe,2024-10-26T23:53:59.000Z,1432896,1890999,2,"Xal'atath's Bargain: Ascendant, Fortified, Challenger's Peril, Tyrannical",Uuzlove,Death Knight,Unholy,dps,Sundown Marsh
1474,329.1,303077937,10,Mists of Tirna Scithe,2024-10-26T23:53:59.000Z,1432896,1890999,2,"Xal'atath's Bargain: Ascendant, Fortified, Challenger's Peril, Tyrannical",渾沌,Druid,Balance,dps,Menethil
1474,329.1,303077937,10,Mists of Tirna Scithe,2024-10-26T23:53:59.000Z,1432896,1890999,2,"Xal'atath's Bargain: Ascendant, Fortified, Challenger's Peril, Tyrannical",血薩靈,Shaman,Elemental,dps,Nightsong
1475,329.1,307151604,10,Mists of Tirna Scithe,2024-11-14T13:32:41.000Z,1433151,1890999,2,"Xal'atath's Bargain: Ascendant, Tyrannical, Challenger's Peril, Fortified",无证医师,Priest,Holy,healer,Nightsong
1475,329.1,307151604,10,Mists of Tirna Scithe,2024-11-14T13:32:41.000Z,1433151,1890999,2,"Xal'atath's Bargain: Ascendant, Tyrannical, Challenger's Peril, Fortified",神说要有光,Paladin,Retribution,dps,Nightsong
1475,329.1,307151604,10,Mists of Tirna Scithe,2024-11-14T13:32:41.000Z,1433151,1890999,2,"Xal'atath's Bargain: Ascendant, Tyrannical, Challenger's Peril, Fortified",末元物質,Rogue,Outlaw,dps,Nightsong
1475,329.1,307151604,10,Mists of Tirna Scithe,2024-11-14T13:32:41.000Z,1433151,1890999,2,"Xal'atath's Bargain: Ascendant, Tyrannical, Challenger's Peril, Fortified",Partyanimal,Warrior,Protection,tank,Nightsong
1475,329.1,307151604,10,Mists of Tirna Scithe,2024-11-14T13:32:41.000Z,1433151,1890999,2,"Xal'atath's Bargain: Ascendant, Tyrannical, Challenger's Peril, Fortified",索尔奥丁森,Shaman,Enhancement,dps,Nightsong
1476,329.1,302698754,10,Mists of Tirna Scithe,2024-10-25T18:20:16.000Z,1433195,1890999,2,"Xal'atath's Bargain: Ascendant, Fortified, Challenger's Peril, Tyrannical",小傑呀,Demon Hunter,Havoc,dps,Shadowmoon
1476,329.1,302698754,10,Mists of Tirna Scithe,2024-10-25T18:20:16.000Z,1433195,1890999,2,"Xal'atath's Bargain: Ascendant, Fortified, Challenger's Peril, Tyrannical",Genvoya-57396425,Paladin,Retribution,dps,Shadowmoon
1476,329.1,302698754,10,Mists of Tirna Scithe,2024-10-25T18:20:16.000Z,1433195,1890999,2,"Xal'atath's Bargain: Ascendant, Fortified, Challenger's Peril, Tyrannical",暴躁小貓,Paladin,Retribution,dps,Shadowmoon
1476,329.1,302698754,10,Mists of Tirna Scithe,2024-10-25T18:20:16.000Z,1433195,1890999,2,"Xal'atath's Bargain: Ascendant, Fortified, Challenger's Peril, Tyrannical",Faithholy,Priest,Holy,healer,Shadowmoon
1476,329.1,302698754,10,Mists of Tirna Scithe,2024-10-25T18:20:16.000Z,1433195,1890999,2,"Xal'atath's Bargain: Ascendant, Fortified, Challenger's Peril, Tyrannical",超級卡比獸,Druid,Guardian,tank,Shadowmoon
1477,329.1,308084151,10,Mists of Tirna Scithe,2024-11-19T15:40:05.000Z,1433489,1890999,2,"Xal'atath's Bargain: Ascendant, Tyrannical, Challenger's Peril, Fortified",參鄙巴,Warlock,Destruction,dps,Wrathbringer
1477,329.1,308084151,10,Mists of Tirna Scithe,2024-11-19T15:40:05.000Z,1433489,1890999,2,"Xal'atath's Bargain: Ascendant, Tyrannical, Challenger's Peril, Fortified",殘忍溫柔,Druid,Guardian,tank,Frostmane
1477,329.1,308084151,10,Mists of Tirna Scithe,2024-11-19T15:40:05.000Z,1433489,1890999,2,"Xal'atath's Bargain: Ascendant, Tyrannical, Challenger's Peril, Fortified",一直趴,Shaman,Restoration,healer,Frostmane
1477,329.1,308084151,10,Mists of Tirna Scithe,2024-11-19T15:40:05.000Z,1433489,1890999,2,"Xal'atath's Bargain: Ascendant, Tyrannical, Challenger's Peril, Fortified",初衷,Paladin,Retribution,dps,Sundown Marsh
1477,329.1,308084151,10,Mists of Tirna Scithe,2024-11-19T15:40:05.000Z,1433489,1890999,2,"Xal'atath's Bargain: Ascendant, Tyrannical, Challenger's Peril, Fortified",桂花烏龍茶,Priest,Shadow,dps,Dragonmaw
1478,329.1,308070608,10,Mists of Tirna Scithe,2024-11-19T09:54:18.000Z,1433648,1890999,2,"Xal'atath's Bargain: Ascendant, Tyrannical, Challenger's Peril, Fortified",忐忑,Paladin,Retribution,dps,World Tree
1478,329.1,308070608,10,Mists of Tirna Scithe,2024-11-19T09:54:18.000Z,1433648,1890999,2,"Xal'atath's Bargain: Ascendant, Tyrannical, Challenger's Peril, Fortified",雷卡納,Priest,Discipline,healer,World Tree
1478,329.1,308070608,10,Mists of Tirna Scithe,2024-11-19T09:54:18.000Z,1433648,1890999,2,"Xal'atath's Bargain: Ascendant, Tyrannical, Challenger's Peril, Fortified",魯拉拉,Demon Hunter,Vengeance,tank,World Tree
1478,329.1,308070608,10,Mists of Tirna Scithe,2024-11-19T09:54:18.000Z,1433648,1890999,2,"Xal'atath's Bargain: Ascendant, Tyrannical, Challenger's Peril, Fortified",哆點點,Shaman,Elemental,dps,Crystalpine Stinger
1478,329.1,308070608,10,Mists of Tirna Scithe,2024-11-19T09:54:18.000Z,1433648,1890999,2,"Xal'atath's Bargain: Ascendant, Tyrannical, Challenger's Peril, Fortified",Watamate,Priest,Shadow,dps,Wrathbringer
1479,329.1,307303688,10,Mists of Tirna Scithe,2024-11-15T11:37:35.000Z,1434091,1890999,2,"Xal'atath's Bargain: Ascendant, Tyrannical, Challenger's Peril, Fortified",昊絕,Paladin,Holy,healer,Quel'dorei
1479,329.1,307303688,10,Mists of Tirna Scithe,2024-11-15T11:37:35.000Z,1434091,1890999,2,"Xal'atath's Bargain: Ascendant, Tyrannical, Challenger's Peril, Fortified",延續邪能,Demon Hunter,Vengeance,tank,Crystalpine Stinger
1479,329.1,307303688,10,Mists of Tirna Scithe,2024-11-15T11:37:35.000Z,1434091,1890999,2,"Xal'atath's Bargain: Ascendant, Tyrannical, Challenger's Peril, Fortified",圖騰雞,Shaman,Enhancement,dps,Stormscale
1479,329.1,307303688,10,Mists of Tirna Scithe,2024-11-15T11:37:35.000Z,1434091,1890999,2,"Xal'atath's Bargain: Ascendant, Tyrannical, Challenger's Peril, Fortified",Dessert,Rogue,Assassination,dps,Chillwind Point
1479,329.1,307303688,10,Mists of Tirna Scithe,2024-11-15T11:37:35.000Z,1434091,1890999,2,"Xal'atath's Bargain: Ascendant, Tyrannical, Challenger's Peril, Fortified",屎王姿懿,Warlock,Destruction,dps,World Tree
1480,329,307760121,10,Mists of Tirna Scithe,2024-11-17T16:06:48.000Z,1435200,1890999,2,"Xal'atath's Bargain: Ascendant, Tyrannical, Challenger's Peril, Fortified",霍尼摩爾,Paladin,Retribution,dps,Hellscream
1480,329,307760121,10,Mists of Tirna Scithe,2024-11-17T16:06:48.000Z,1435200,1890999,2,"Xal'atath's Bargain: Ascendant, Tyrannical, Challenger's Peril, Fortified",Shysky,Monk,Mistweaver,healer,Arthas
1480,329,307760121,10,Mists of Tirna Scithe,2024-11-17T16:06:48.000Z,1435200,1890999,2,"Xal'atath's Bargain: Ascendant, Tyrannical, Challenger's Peril, Fortified",薩林螺栓,Shaman,Elemental,dps,Arygos
1480,329,307760121,10,Mists of Tirna Scithe,2024-11-17T16:06:48.000Z,1435200,1890999,2,"Xal'atath's Bargain: Ascendant, Tyrannical, Challenger's Peril, Fortified",Krys,Demon Hunter,Vengeance,tank,Zealot Blade
1480,329,307760121,10,Mists of Tirna Scithe,2024-11-17T16:06:48.000Z,1435200,1890999,2,"Xal'atath's Bargain: Ascendant, Tyrannical, Challenger's Peril, Fortified",藤野,Rogue,Assassination,dps,Zealot Blade
1481,329,302807037,10,Mists of Tirna Scithe,2024-10-26T00:06:36.000Z,1435329,1890999,2,"Xal'atath's Bargain: Ascendant, Fortified, Challenger's Peril, Tyrannical",肉蛋吐絲,Druid,Balance,dps,Sundown Marsh
1481,329,302807037,10,Mists of Tirna Scithe,2024-10-26T00:06:36.000Z,1435329,1890999,2,"Xal'atath's Bargain: Ascendant, Fortified, Challenger's Peril, Tyrannical",處女之夜,Priest,Discipline,healer,Frostmane
1481,329,302807037,10,Mists of Tirna Scithe,2024-10-26T00:06:36.000Z,1435329,1890999,2,"Xal'atath's Bargain: Ascendant, Fortified, Challenger's Peril, Tyrannical",冷魅女神,Mage,Fire,dps,Light's Hope
1481,329,302807037,10,Mists of Tirna Scithe,2024-10-26T00:06:36.000Z,1435329,1890999,2,"Xal'atath's Bargain: Ascendant, Fortified, Challenger's Peril, Tyrannical",Suzukaze,Paladin,Retribution,dps,Icecrown
1481,329,302807037,10,Mists of Tirna Scithe,2024-10-26T00:06:36.000Z,1435329,1890999,2,"Xal'atath's Bargain: Ascendant, Fortified, Challenger's Peril, Tyrannical",鬼扯的聖騎,Paladin,Protection,tank,Shadowmoon
1482,329,272172360,10,Mists of Tirna Scithe,2024-10-26T16:26:46.000Z,1435352,1890999,2,"Xal'atath's Bargain: Ascendant, Fortified, Challenger's Peril, Tyrannical",一唯獨愛犬一,Druid,Guardian,tank,Dragonmaw
1482,329,272172360,10,Mists of Tirna Scithe,2024-10-26T16:26:46.000Z,1435352,1890999,2,"Xal'atath's Bargain: Ascendant, Fortified, Challenger's Peril, Tyrannical",恐龍妹之吻,Warlock,Destruction,dps,Dragonmaw
1482,329,272172360,10,Mists of Tirna Scithe,2024-10-26T16:26:46.000Z,1435352,1890999,2,"Xal'atath's Bargain: Ascendant, Fortified, Challenger's Peril, Tyrannical",弦嶽,Hunter,Survival,dps,Light's Hope
1482,329,272172360,10,Mists of Tirna Scithe,2024-10-26T16:26:46.000Z,1435352,1890999,2,"Xal'atath's Bargain: Ascendant, Fortified, Challenger's Peril, Tyrannical",浮光掠影,Shaman,Elemental,dps,Light's Hope
1482,329,272172360,10,Mists of Tirna Scithe,2024-10-26T16:26:46.000Z,1435352,1890999,2,"Xal'atath's Bargain: Ascendant, Fortified, Challenger's Peril, Tyrannical",小小八,Paladin,Holy,healer,Nightsong
1483,329,307170746,10,Mists of Tirna Scithe,2024-11-14T15:33:18.000Z,1435901,1890999,2,"Xal'atath's Bargain: Ascendant, Tyrannical, Challenger's Peril, Fortified",有圖騰沒信仰,Shaman,Restoration,healer,Crystalpine Stinger
1483,329,307170746,10,Mists of Tirna Scithe,2024-11-14T15:33:18.000Z,1435901,1890999,2,"Xal'atath's Bargain: Ascendant, Tyrannical, Challenger's Peril, Fortified",回春真的拉,Paladin,Retribution,dps,Shadowmoon
1483,329,307170746,10,Mists of Tirna Scithe,2024-11-14T15:33:18.000Z,1435901,1890999,2,"Xal'atath's Bargain: Ascendant, Tyrannical, Challenger's Peril, Fortified",風淩雪,Hunter,Beast Mastery,dps,Stormscale
1483,329,307170746,10,Mists of Tirna Scithe,2024-11-14T15:33:18.000Z,1435901,1890999,2,"Xal'atath's Bargain: Ascendant, Tyrannical, Challenger's Peril, Fortified",歸終,Hunter,Survival,dps,Frostmane
1483,329,307170746,10,Mists of Tirna Scithe,2024-11-14T15:33:18.000Z,1435901,1890999,2,"Xal'atath's Bargain: Ascendant, Tyrannical, Challenger's Peril, Fortified",菜刀閃閃,Paladin,Protection,tank,Crystalpine Stinger
1484,329,302420920,10,Mists of Tirna Scithe,2024-10-24T04:08:19.000Z,1436520,1890999,2,"Xal'atath's Bargain: Ascendant, Fortified, Challenger's Peril, Tyrannical",猛牛班比,Paladin,Retribution,dps,Stormscale
1484,329,302420920,10,Mists of Tirna Scithe,2024-10-24T04:08:19.000Z,1436520,1890999,2,"Xal'atath's Bargain: Ascendant, Fortified, Challenger's Peril, Tyrannical",哩哩,Rogue,Assassination,dps,Crystalpine Stinger
1484,329,302420920,10,Mists of Tirna Scithe,2024-10-24T04:08:19.000Z,1436520,1890999,2,"Xal'atath's Bargain: Ascendant, Fortified, Challenger's Peril, Tyrannical",天天偷吃蛋糕,Evoker,Augmentation,dps,Nightsong
1484,329,302420920,10,Mists of Tirna Scithe,2024-10-24T04:08:19.000Z,1436520,1890999,2,"Xal'atath's Bargain: Ascendant, Fortified, Challenger's Peril, Tyrannical",到底又要幹嘛,Priest,Discipline,healer,Nightsong
1484,329,302420920,10,Mists of Tirna Scithe,2024-10-24T04:08:19.000Z,1436520,1890999,2,"Xal'atath's Bargain: Ascendant, Fortified, Challenger's Peril, Tyrannical",願今生不再見,Demon Hunter,Vengeance,tank,World Tree
1485,329,303648819,10,Mists of Tirna Scithe,2024-10-29T13:55:46.000Z,1436601,1890999,2,"Xal'atath's Bargain: Ascendant, Fortified, Challenger's Peril, Tyrannical",聖血騎士,Paladin,Retribution,dps,Chillwind Point
1485,329,303648819,10,Mists of Tirna Scithe,2024-10-29T13:55:46.000Z,1436601,1890999,2,"Xal'atath's Bargain: Ascendant, Fortified, Challenger's Peril, Tyrannical",哈洽馬,Priest,Shadow,dps,Chillwind Point
1485,329,303648819,10,Mists of Tirna Scithe,2024-10-29T13:55:46.000Z,1436601,1890999,2,"Xal'atath's Bargain: Ascendant, Fortified, Challenger's Peril, Tyrannical",貓瓜喵喵,Paladin,Protection,tank,Sundown Marsh
1485,329,303648819,10,Mists of Tirna Scithe,2024-10-29T13:55:46.000Z,1436601,1890999,2,"Xal'atath's Bargain: Ascendant, Fortified, Challenger's Peril, Tyrannical",娜菩媞菈,Priest,Holy,healer,Wrathbringer
1485,329,303648819,10,Mists of Tirna Scithe,2024-10-29T13:55:46.000Z,1436601,1890999,2,"Xal'atath's Bargain: Ascendant, Fortified, Challenger's Peril, Tyrannical",Mugenshaman,Shaman,Enhancement,dps,Silverwing Hold
1486,329,307538606,10,Mists of Tirna Scithe,2024-11-16T17:32:00.000Z,1437187,1890999,2,"Xal'atath's Bargain: Ascendant, Tyrannical, Challenger's Peril, Fortified",依姬瑪絲,Druid,Guardian,tank,Menethil
1486,329,307538606,10,Mists of Tirna Scithe,2024-11-16T17:32:00.000Z,1437187,1890999,2,"Xal'atath's Bargain: Ascendant, Tyrannical, Challenger's Peril, Fortified",月憐,Paladin,Holy,healer,Menethil
1486,329,307538606,10,Mists of Tirna Scithe,2024-11-16T17:32:00.000Z,1437187,1890999,2,"Xal'atath's Bargain: Ascendant, Tyrannical, Challenger's Peril, Fortified",磁石戰士貝塔,Hunter,Survival,dps,Frostmane
1486,329,307538606,10,Mists of Tirna Scithe,2024-11-16T17:32:00.000Z,1437187,1890999,2,"Xal'atath's Bargain: Ascendant, Tyrannical, Challenger's Peril, Fortified",烏力阿婆嚇嚇,Evoker,Devastation,dps,Menethil
1486,329,307538606,10,Mists of Tirna Scithe,2024-11-16T17:32:00.000Z,1437187,1890999,2,"Xal'atath's Bargain: Ascendant, Tyrannical, Challenger's Peril, Fortified",燃魂薩克,Warlock,Demonology,dps,Menethil
1487,329,307166585,10,Mists of Tirna Scithe,2024-11-14T15:24:09.000Z,1437254,1890999,2,"Xal'atath's Bargain: Ascendant, Tyrannical, Challenger's Peril, Fortified",薩滿喵,Shaman,Restoration,healer,Shadowmoon
1487,329,307166585,10,Mists of Tirna Scithe,2024-11-14T15:24:09.000Z,1437254,1890999,2,"Xal'atath's Bargain: Ascendant, Tyrannical, Challenger's Peril, Fortified",塞林酸菜鍋,Druid,Guardian,tank,World Tree
1487,329,307166585,10,Mists of Tirna Scithe,2024-11-14T15:24:09.000Z,1437254,1890999,2,"Xal'atath's Bargain: Ascendant, Tyrannical, Challenger's Peril, Fortified",椈栺,Paladin,Retribution,dps,Silverwing Hold
1487,329,307166585,10,Mists of Tirna Scithe,2024-11-14T15:24:09.000Z,1437254,1890999,2,"Xal'atath's Bargain: Ascendant, Tyrannical, Challenger's Peril, Fortified",只差億點點,Demon Hunter,Havoc,dps,Crystalpine Stinger
1487,329,307166585,10,Mists of Tirna Scithe,2024-11-14T15:24:09.000Z,1437254,1890999,2,"Xal'atath's Bargain: Ascendant, Tyrannical, Challenger's Peril, Fortified",Zivos,Death Knight,Unholy,dps,Crystalpine Stinger
1488,329,303374173,10,Mists of Tirna Scithe,2024-10-28T04:25:56.000Z,1437452,1890999,2,"Xal'atath's Bargain: Ascendant, Fortified, Challenger's Peril, Tyrannical",欹月寒-45665163,Shaman,Elemental,dps,Sundown Marsh
1488,329,303374173,10,Mists of Tirna Scithe,2024-10-28T04:25:56.000Z,1437452,1890999,2,"Xal'atath's Bargain: Ascendant, Fortified, Challenger's Peril, Tyrannical",超級小雞,Druid,Guardian,tank,Arygos
1488,329,303374173,10,Mists of Tirna Scithe,2024-10-28T04:25:56.000Z,1437452,1890999,2,"Xal'atath's Bargain: Ascendant, Fortified, Challenger's Peril, Tyrannical",巧巧咬米果,Priest,Discipline,healer,Arygos
1488,329,303374173,10,Mists of Tirna Scithe,2024-10-28T04:25:56.000Z,1437452,1890999,2,"Xal'atath's Bargain: Ascendant, Fortified, Challenger's Peril, Tyrannical",未在,Mage,Frost,dps,Sundown Marsh
1488,329,303374173,10,Mists of Tirna Scithe,2024-10-28T04:25:56.000Z,1437452,1890999,2,"Xal'atath's Bargain: Ascendant, Fortified, Challenger's Peril, Tyrannical",Alvar,Paladin,Retribution,dps,Spirestone
1489,329,307275139,10,Mists of Tirna Scithe,2024-11-15T05:06:06.000Z,1437826,1890999,2,"Xal'atath's Bargain: Ascendant, Tyrannical, Challenger's Peril, Fortified",漂流箭雨,Hunter,Survival,dps,Silverwing Hold
1489,329,307275139,10,Mists of Tirna Scithe,2024-11-15T05:06:06.000Z,1437826,1890999,2,"Xal'atath's Bargain: Ascendant, Tyrannical, Challenger's Peril, Fortified",璃小燁,Death Knight,Blood,tank,Sundown Marsh
1489,329,307275139,10,Mists of Tirna Scithe,2024-11-15T05:06:06.000Z,1437826,1890999,2,"Xal'atath's Bargain: Ascendant, Tyrannical, Challenger's Peril, Fortified",花飛為花悲,Rogue,Assassination,dps,Silverwing Hold
1489,329,307275139,10,Mists of Tirna Scithe,2024-11-15T05:06:06.000Z,1437826,1890999,2,"Xal'atath's Bargain: Ascendant, Tyrannical, Challenger's Peril, Fortified",姐夫,Paladin,Retribution,dps,World Tree
1489,329,307275139,10,Mists of Tirna Scithe,2024-11-15T05:06:06.000Z,1437826,1890999,2,"Xal'atath's Bargain: Ascendant, Tyrannical, Challenger's Peril, Fortified",Polako,Priest,Holy,healer,Demon Fall Canyon
1490,329,308336546,10,Mists of Tirna Scithe,2024-11-20T10:33:49.000Z,1437996,1890999,2,"Xal'atath's Bargain: Ascendant, Tyrannical, Challenger's Peril, Fortified",爆炸邊緣人,Warrior,Fury,dps,Quel'dorei
1490,329,308336546,10,Mists of Tirna Scithe,2024-11-20T10:33:49.000Z,1437996,1890999,2,"Xal'atath's Bargain: Ascendant, Tyrannical, Challenger's Peril, Fortified",丫馬拉穆丫,Priest,Discipline,healer,Sundown Marsh
1490,329,308336546,10,Mists of Tirna Scithe,2024-11-20T10:33:49.000Z,1437996,1890999,2,"Xal'atath's Bargain: Ascendant, Tyrannical, Challenger's Peril, Fortified",Peppacat,Hunter,Beast Mastery,dps,Chillwind Point
1490,329,308336546,10,Mists of Tirna Scithe,2024-11-20T10:33:49.000Z,1437996,1890999,2,"Xal'atath's Bargain: Ascendant, Tyrannical, Challenger's Peril, Fortified",璟啸,Warrior,Protection,tank,World Tree
1490,329,308336546,10,Mists of Tirna Scithe,2024-11-20T10:33:49.000Z,1437996,1890999,2,"Xal'atath's Bargain: Ascendant, Tyrannical, Challenger's Peril, Fortified",狂信終點,Paladin,Retribution,dps,Quel'dorei
1491,329,293881026,10,Mists of Tirna Scithe,2024-09-21T16:36:23.000Z,1438216,1890999,2,"Xal'atath's Bargain: Ascendant, Tyrannical, Challenger's Peril, Fortified",朝陽哥,Priest,Discipline,healer,World Tree
1491,329,293881026,10,Mists of Tirna Scithe,2024-09-21T16:36:23.000Z,1438216,1890999,2,"Xal'atath's Bargain: Ascendant, Tyrannical, Challenger's Peril, Fortified",紫靈玥,Demon Hunter,Havoc,dps,Arygos
1491,329,293881026,10,Mists of Tirna Scithe,2024-09-21T16:36:23.000Z,1438216,1890999,2,"Xal'atath's Bargain: Ascendant, Tyrannical, Challenger's Peril, Fortified",你也是天竺鼠-204701757,Monk,Brewmaster,tank,Nightsong
1491,329,293881026,10,Mists of Tirna Scithe,2024-09-21T16:36:23.000Z,1438216,1890999,2,"Xal'atath's Bargain: Ascendant, Tyrannical, Challenger's Peril, Fortified",AnonD0DA46E,Paladin,Retribution,dps,Anonymous
1491,329,293881026,10,Mists of Tirna Scithe,2024-09-21T16:36:23.000Z,1438216,1890999,2,"Xal'atath's Bargain: Ascendant, Tyrannical, Challenger's Peril, Fortified",Daveshaman,Shaman,Enhancement,dps,Nightsong
1492,329,303159953,10,Mists of Tirna Scithe,2024-10-27T07:02:39.000Z,1438268,1890999,2,"Xal'atath's Bargain: Ascendant, Fortified, Challenger's Peril, Tyrannical",超了啦好大杯,Shaman,Elemental,dps,Chillwind Point
1492,329,303159953,10,Mists of Tirna Scithe,2024-10-27T07:02:39.000Z,1438268,1890999,2,"Xal'atath's Bargain: Ascendant, Fortified, Challenger's Peril, Tyrannical",Zadielpal,Paladin,Holy,healer,Nightsong
1492,329,303159953,10,Mists of Tirna Scithe,2024-10-27T07:02:39.000Z,1438268,1890999,2,"Xal'atath's Bargain: Ascendant, Fortified, Challenger's Peril, Tyrannical",萌大汪汪,Paladin,Retribution,dps,Nightsong
1492,329,303159953,10,Mists of Tirna Scithe,2024-10-27T07:02:39.000Z,1438268,1890999,2,"Xal'atath's Bargain: Ascendant, Fortified, Challenger's Peril, Tyrannical",李秉諭的蘋果,Demon Hunter,Havoc,dps,Nightsong
1492,329,303159953,10,Mists of Tirna Scithe,2024-10-27T07:02:39.000Z,1438268,1890999,2,"Xal'atath's Bargain: Ascendant, Fortified, Challenger's Peril, Tyrannical",Bibootax,Paladin,Protection,tank,Menethil
1493,329,308281279,10,Mists of Tirna Scithe,2024-11-20T14:15:43.000Z,1438418,1890999,2,"Xal'atath's Bargain: Ascendant, Tyrannical, Challenger's Peril, Fortified",湘環,Warlock,Destruction,dps,Light's Hope
1493,329,308281279,10,Mists of Tirna Scithe,2024-11-20T14:15:43.000Z,1438418,1890999,2,"Xal'atath's Bargain: Ascendant, Tyrannical, Challenger's Peril, Fortified",Kahimi,Shaman,Restoration,healer,Shadowmoon
1493,329,308281279,10,Mists of Tirna Scithe,2024-11-20T14:15:43.000Z,1438418,1890999,2,"Xal'atath's Bargain: Ascendant, Tyrannical, Challenger's Peril, Fortified",阿克萌萌德,Paladin,Protection,tank,Arygos
1493,329,308281279,10,Mists of Tirna Scithe,2024-11-20T14:15:43.000Z,1438418,1890999,2,"Xal'atath's Bargain: Ascendant, Tyrannical, Challenger's Peril, Fortified",天無涯,Warlock,Destruction,dps,Hellscream
1493,329,308281279,10,Mists of Tirna Scithe,2024-11-20T14:15:43.000Z,1438418,1890999,2,"Xal'atath's Bargain: Ascendant, Tyrannical, Challenger's Peril, Fortified",回憶有罪,Paladin,Retribution,dps,Wrathbringer
1494,329,307493791,10,Mists of Tirna Scithe,2024-11-16T13:59:36.000Z,1438505,1890999,2,"Xal'atath's Bargain: Ascendant, Tyrannical, Challenger's Peril, Fortified",低調牛仔,Warrior,Fury,dps,Chillwind Point
1494,329,307493791,10,Mists of Tirna Scithe,2024-11-16T13:59:36.000Z,1438505,1890999,2,"Xal'atath's Bargain: Ascendant, Tyrannical, Challenger's Peril, Fortified",神圣之怒,Paladin,Protection,tank,Crystalpine Stinger
1494,329,307493791,10,Mists of Tirna Scithe,2024-11-16T13:59:36.000Z,1438505,1890999,2,"Xal'atath's Bargain: Ascendant, Tyrannical, Challenger's Peril, Fortified",Karn,Paladin,Retribution,dps,Crystalpine Stinger
1494,329,307493791,10,Mists of Tirna Scithe,2024-11-16T13:59:36.000Z,1438505,1890999,2,"Xal'atath's Bargain: Ascendant, Tyrannical, Challenger's Peril, Fortified",萬嘉集團,Priest,Discipline,healer,Crystalpine Stinger
1494,329,307493791,10,Mists of Tirna Scithe,2024-11-16T13:59:36.000Z,1438505,1890999,2,"Xal'atath's Bargain: Ascendant, Tyrannical, Challenger's Peril, Fortified",伏義神天饕,Mage,Frost,dps,Crystalpine Stinger
1495,329,300838979,10,Mists of Tirna Scithe,2024-10-25T12:33:06.000Z,1438651,1890999,2,"Xal'atath's Bargain: Ascendant, Fortified, Challenger's Peril, Tyrannical",明宗居士,Priest,Holy,healer,Shadowmoon
1495,329,300838979,10,Mists of Tirna Scithe,2024-10-25T12:33:06.000Z,1438651,1890999,2,"Xal'atath's Bargain: Ascendant, Fortified, Challenger's Peril, Tyrannical",源源小寶寶,Warlock,Affliction,dps,Shadowmoon
1495,329,300838979,10,Mists of Tirna Scithe,2024-10-25T12:33:06.000Z,1438651,1890999,2,"Xal'atath's Bargain: Ascendant, Fortified, Challenger's Peril, Tyrannical",蕪薪假期,Druid,Balance,dps,Shadowmoon
1495,329,300838979,10,Mists of Tirna Scithe,2024-10-25T12:33:06.000Z,1438651,1890999,2,"Xal'atath's Bargain: Ascendant, Fortified, Challenger's Peril, Tyrannical",Farewellkin,Death Knight,Blood,tank,Shadowmoon
1495,329,300838979,10,Mists of Tirna Scithe,2024-10-25T12:33:06.000Z,1438651,1890999,2,"Xal'atath's Bargain: Ascendant, Fortified, Challenger's Peril, Tyrannical",苦命阿勞,Shaman,Elemental,dps,Quel'dorei
1496,329,308288094,10,Mists of Tirna Scithe,2024-11-20T15:08:48.000Z,1438657,1890999,2,"Xal'atath's Bargain: Ascendant, Tyrannical, Challenger's Peril, Fortified",小魯伊花,Druid,Guardian,tank,Silverwing Hold
1496,329,308288094,10,Mists of Tirna Scithe,2024-11-20T15:08:48.000Z,1438657,1890999,2,"Xal'atath's Bargain: Ascendant, Tyrannical, Challenger's Peril, Fortified",Alesya,Shaman,Restoration,healer,Silverwing Hold
1496,329,308288094,10,Mists of Tirna Scithe,2024-11-20T15:08:48.000Z,1438657,1890999,2,"Xal'atath's Bargain: Ascendant, Tyrannical, Challenger's Peril, Fortified",江將江將,Shaman,Elemental,dps,Silverwing Hold
1496,329,308288094,10,Mists of Tirna Scithe,2024-11-20T15:08:48.000Z,1438657,1890999,2,"Xal'atath's Bargain: Ascendant, Tyrannical, Challenger's Peril, Fortified",鯊鯊魚,Shaman,Elemental,dps,Arthas
1496,329,308288094,10,Mists of Tirna Scithe,2024-11-20T15:08:48.000Z,1438657,1890999,2,"Xal'atath's Bargain: Ascendant, Tyrannical, Challenger's Peril, Fortified",雪蕾潔,Death Knight,Frost,dps,Frostmane
1497,329,303837957,10,Mists of Tirna Scithe,2024-10-30T12:28:17.000Z,1438710,1890999,2,"Xal'atath's Bargain: Ascendant, Fortified, Challenger's Peril, Tyrannical",紅豆麻糬吐司,Priest,Holy,healer,Bleeding Hollow
1497,329,303837957,10,Mists of Tirna Scithe,2024-10-30T12:28:17.000Z,1438710,1890999,2,"Xal'atath's Bargain: Ascendant, Fortified, Challenger's Peril, Tyrannical",武武,Evoker,Augmentation,dps,Sundown Marsh
1497,329,303837957,10,Mists of Tirna Scithe,2024-10-30T12:28:17.000Z,1438710,1890999,2,"Xal'atath's Bargain: Ascendant, Fortified, Challenger's Peril, Tyrannical",Anarchy,Shaman,Elemental,dps,World Tree
1497,329,303837957,10,Mists of Tirna Scithe,2024-10-30T12:28:17.000Z,1438710,1890999,2,"Xal'atath's Bargain: Ascendant, Fortified, Challenger's Peril, Tyrannical",野生的熊本熊,Druid,Guardian,tank,Sundown Marsh
1497,329,303837957,10,Mists of Tirna Scithe,2024-10-30T12:28:17.000Z,1438710,1890999,2,"Xal'atath's Bargain: Ascendant, Fortified, Challenger's Peril, Tyrannical",有盾戰士,Warrior,Fury,dps,Sundown Marsh
1498,329,307673868,10,Mists of Tirna Scithe,2024-11-17T07:29:16.000Z,1439063,1890999,2,"Xal'atath's Bargain: Ascendant, Tyrannical, Challenger's Peril, Fortified",理音,Paladin,Protection,tank,Sundown Marsh
1498,329,307673868,10,Mists of Tirna Scithe,2024-11-17T07:29:16.000Z,1439063,1890999,2,"Xal'atath's Bargain: Ascendant, Tyrannical, Challenger's Peril, Fortified",Andrealphus,Paladin,Retribution,dps,Sundown Marsh
1498,329,307673868,10,Mists of Tirna Scithe,2024-11-17T07:29:16.000Z,1439063,1890999,2,"Xal'atath's Bargain: Ascendant, Tyrannical, Challenger's Peril, Fortified",乂飯范飯寶乂,Hunter,Beast Mastery,dps,Sundown Marsh
1498,329,307673868,10,Mists of Tirna Scithe,2024-11-17T07:29:16.000Z,1439063,1890999,2,"Xal'atath's Bargain: Ascendant, Tyrannical, Challenger's Peril, Fortified",月下亮爪子,Druid,Restoration,healer,Whisperwind
1498,329,307673868,10,Mists of Tirna Scithe,2024-11-17T07:29:16.000Z,1439063,1890999,2,"Xal'atath's Bargain: Ascendant, Tyrannical, Challenger's Peril, Fortified",貓小爪,Rogue,Assassination,dps,Whisperwind
1499,329,303150335,10,Mists of Tirna Scithe,2024-10-27T10:09:09.000Z,1439218,1890999,2,"Xal'atath's Bargain: Ascendant, Fortified, Challenger's Peril, Tyrannical",鬼魅邪殤,Death Knight,Unholy,dps,Wrathbringer
1499,329,303150335,10,Mists of Tirna Scithe,2024-10-27T10:09:09.000Z,1439218,1890999,2,"Xal'atath's Bargain: Ascendant, Fortified, Challenger's Peril, Tyrannical",大燙奶,Shaman,Restoration,healer,Shadowmoon
1499,329,303150335,10,Mists of Tirna Scithe,2024-10-27T10:09:09.000Z,1439218,1890999,2,"Xal'atath's Bargain: Ascendant, Fortified, Challenger's Peril, Tyrannical",胖鳥大地,Druid,Balance,dps,Wrathbringer
1499,329,303150335,10,Mists of Tirna Scithe,2024-10-27T10:09:09.000Z,1439218,1890999,2,"Xal'atath's Bargain: Ascendant, Fortified, Challenger's Peril, Tyrannical",天神判罪,Warrior,Protection,tank,Crystalpine Stinger
1499,329,303150335,10,Mists of Tirna Scithe,2024-10-27T10:09:09.000Z,1439218,1890999,2,"Xal'atath's Bargain: Ascendant, Fortified, Challenger's Peril, Tyrannical",牛頭聖騎士,Paladin,Retribution,dps,World Tree
1500,328.9,307670581,10,Mists of Tirna Scithe,2024-11-17T06:54:24.000Z,1439979,1890999,2,"Xal'atath's Bargain: Ascendant, Tyrannical, Challenger's Peril, Fortified",獨酌飲月,Priest,Discipline,healer,Dragonmaw
1500,328.9,307670581,10,Mists of Tirna Scithe,2024-11-17T06:54:24.000Z,1439979,1890999,2,"Xal'atath's Bargain: Ascendant, Tyrannical, Challenger's Peril, Fortified",在火西方,Paladin,Retribution,dps,Spirestone
1500,328.9,307670581,10,Mists of Tirna Scithe,2024-11-17T06:54:24.000Z,1439979,1890999,2,"Xal'atath's Bargain: Ascendant, Tyrannical, Challenger's Peril, Fortified",琉諾伊布奇,Evoker,Augmentation,dps,Crystalpine Stinger
1500,328.9,307670581,10,Mists of Tirna Scithe,2024-11-17T06:54:24.000Z,1439979,1890999,2,"Xal'atath's Bargain: Ascendant, Tyrannical, Challenger's Peril, Fortified",肥肚大叔,Death Knight,Blood,tank,Chillwind Point
1500,328.9,307670581,10,Mists of Tirna Scithe,2024-11-17T06:54:24.000Z,1439979,1890999,2,"Xal'atath's Bargain: Ascendant, Tyrannical, Challenger's Peril, Fortified",巨乳成癮,Shaman,Elemental,dps,Sundown Marsh
1501,328.9,302688389,10,Mists of Tirna Scithe,2024-10-25T17:01:00.000Z,1440011,1890999,2,"Xal'atath's Bargain: Ascendant, Fortified, Challenger's Peril, Tyrannical",瓦蜜菈影歿,Demon Hunter,Havoc,dps,Nightsong
1501,328.9,302688389,10,Mists of Tirna Scithe,2024-10-25T17:01:00.000Z,1440011,1890999,2,"Xal'atath's Bargain: Ascendant, Fortified, Challenger's Peril, Tyrannical",Azur,Paladin,Protection,tank,Bleeding Hollow
1501,328.9,302688389,10,Mists of Tirna Scithe,2024-10-25T17:01:00.000Z,1440011,1890999,2,"Xal'atath's Bargain: Ascendant, Fortified, Challenger's Peril, Tyrannical",蓮霧狸薩薩,Shaman,Restoration,healer,Bleeding Hollow
1501,328.9,302688389,10,Mists of Tirna Scithe,2024-10-25T17:01:00.000Z,1440011,1890999,2,"Xal'atath's Bargain: Ascendant, Fortified, Challenger's Peril, Tyrannical",阿蹦,Mage,Frost,dps,Nightsong
1501,328.9,302688389,10,Mists of Tirna Scithe,2024-10-25T17:01:00.000Z,1440011,1890999,2,"Xal'atath's Bargain: Ascendant, Fortified, Challenger's Peril, Tyrannical",小豆豉,Shaman,Enhancement,dps,Nightsong
1502,328.9,307707970,10,Mists of Tirna Scithe,2024-11-17T14:52:23.000Z,1440082,1890999,2,"Xal'atath's Bargain: Ascendant, Tyrannical, Challenger's Peril, Fortified",丁千千,Shaman,Restoration,healer,Quel'dorei
1502,328.9,307707970,10,Mists of Tirna Scithe,2024-11-17T14:52:23.000Z,1440082,1890999,2,"Xal'atath's Bargain: Ascendant, Tyrannical, Challenger's Peril, Fortified",只是為了,Priest,Shadow,dps,Shadowmoon
1502,328.9,307707970,10,Mists of Tirna Scithe,2024-11-17T14:52:23.000Z,1440082,1890999,2,"Xal'atath's Bargain: Ascendant, Tyrannical, Challenger's Peril, Fortified",德不嚐濕,Druid,Guardian,tank,Chillwind Point
1502,328.9,307707970,10,Mists of Tirna Scithe,2024-11-17T14:52:23.000Z,1440082,1890999,2,"Xal'atath's Bargain: Ascendant, Tyrannical, Challenger's Peril, Fortified",浪子燕青,Priest,Shadow,dps,Shadowmoon
1502,328.9,307707970,10,Mists of Tirna Scithe,2024-11-17T14:52:23.000Z,1440082,1890999,2,"Xal'atath's Bargain: Ascendant, Tyrannical, Challenger's Peril, Fortified",苦命阿勞,Shaman,Enhancement,dps,Quel'dorei
1503,328.9,303586921,10,Mists of Tirna Scithe,2024-10-29T06:25:27.000Z,1440085,1890999,2,"Xal'atath's Bargain: Ascendant, Fortified, Challenger's Peril, Tyrannical",哎雅雅,Paladin,Retribution,dps,Sundown Marsh
1503,328.9,303586921,10,Mists of Tirna Scithe,2024-10-29T06:25:27.000Z,1440085,1890999,2,"Xal'atath's Bargain: Ascendant, Fortified, Challenger's Peril, Tyrannical",紫菜肉鬆夾餅,Hunter,Survival,dps,Sundown Marsh
1503,328.9,303586921,10,Mists of Tirna Scithe,2024-10-29T06:25:27.000Z,1440085,1890999,2,"Xal'atath's Bargain: Ascendant, Fortified, Challenger's Peril, Tyrannical",Katyuki,Shaman,Restoration,healer,Skywall
1503,328.9,303586921,10,Mists of Tirna Scithe,2024-10-29T06:25:27.000Z,1440085,1890999,2,"Xal'atath's Bargain: Ascendant, Fortified, Challenger's Peril, Tyrannical",禿頭拳,Monk,Brewmaster,tank,Skywall
1503,328.9,303586921,10,Mists of Tirna Scithe,2024-10-29T06:25:27.000Z,1440085,1890999,2,"Xal'atath's Bargain: Ascendant, Fortified, Challenger's Peril, Tyrannical",Echodk,Death Knight,Unholy,dps,Spirestone
1504,328.9,302492713,10,Mists of Tirna Scithe,2024-10-24T14:55:03.000Z,1440434,1890999,2,"Xal'atath's Bargain: Ascendant, Fortified, Challenger's Peril, Tyrannical",平淡舜,Druid,Restoration,healer,Nightsong
1504,328.9,302492713,10,Mists of Tirna Scithe,2024-10-24T14:55:03.000Z,1440434,1890999,2,"Xal'atath's Bargain: Ascendant, Fortified, Challenger's Peril, Tyrannical",観暮雨,Rogue,Assassination,dps,Nightsong
1504,328.9,302492713,10,Mists of Tirna Scithe,2024-10-24T14:55:03.000Z,1440434,1890999,2,"Xal'atath's Bargain: Ascendant, Fortified, Challenger's Peril, Tyrannical",噬星,Demon Hunter,Vengeance,tank,Nightsong
1504,328.9,302492713,10,Mists of Tirna Scithe,2024-10-24T14:55:03.000Z,1440434,1890999,2,"Xal'atath's Bargain: Ascendant, Fortified, Challenger's Peril, Tyrannical",落日魂,Mage,Frost,dps,Nightsong
1504,328.9,302492713,10,Mists of Tirna Scithe,2024-10-24T14:55:03.000Z,1440434,1890999,2,"Xal'atath's Bargain: Ascendant, Fortified, Challenger's Peril, Tyrannical",夢綾音,Paladin,Retribution,dps,Skywall
1505,328.9,303621798,10,Mists of Tirna Scithe,2024-10-28T17:26:45.000Z,1440499,1890999,2,"Xal'atath's Bargain: Ascendant, Fortified, Challenger's Peril, Tyrannical",矇矇魚,Demon Hunter,Vengeance,tank,Shadowmoon
1505,328.9,303621798,10,Mists of Tirna Scithe,2024-10-28T17:26:45.000Z,1440499,1890999,2,"Xal'atath's Bargain: Ascendant, Fortified, Challenger's Peril, Tyrannical",傳說中的變態,Death Knight,Frost,dps,Hellscream
1505,328.9,303621798,10,Mists of Tirna Scithe,2024-10-28T17:26:45.000Z,1440499,1890999,2,"Xal'atath's Bargain: Ascendant, Fortified, Challenger's Peril, Tyrannical",辭藻,Shaman,Restoration,healer,Shadowmoon
1505,328.9,303621798,10,Mists of Tirna Scithe,2024-10-28T17:26:45.000Z,1440499,1890999,2,"Xal'atath's Bargain: Ascendant, Fortified, Challenger's Peril, Tyrannical",小喬牙膏,Shaman,Enhancement,dps,Shadowmoon
1505,328.9,303621798,10,Mists of Tirna Scithe,2024-10-28T17:26:45.000Z,1440499,1890999,2,"Xal'atath's Bargain: Ascendant, Fortified, Challenger's Peril, Tyrannical",阿達是隻蠢魚,Shaman,Elemental,dps,Quel'dorei
1506,328.9,303144645,10,Mists of Tirna Scithe,2024-10-27T09:13:21.000Z,1441165,1890999,2,"Xal'atath's Bargain: Ascendant, Fortified, Challenger's Peril, Tyrannical",撞到頭依然酷,Rogue,Assassination,dps,Nightsong
1506,328.9,303144645,10,Mists of Tirna Scithe,2024-10-27T09:13:21.000Z,1441165,1890999,2,"Xal'atath's Bargain: Ascendant, Fortified, Challenger's Peril, Tyrannical",Vthre,Hunter,Beast Mastery,dps,Stormscale
1506,328.9,303144645,10,Mists of Tirna Scithe,2024-10-27T09:13:21.000Z,1441165,1890999,2,"Xal'atath's Bargain: Ascendant, Fortified, Challenger's Peril, Tyrannical",甡甡,Shaman,Restoration,healer,Nightsong
1506,328.9,303144645,10,Mists of Tirna Scithe,2024-10-27T09:13:21.000Z,1441165,1890999,2,"Xal'atath's Bargain: Ascendant, Fortified, Challenger's Peril, Tyrannical",沒有風的風箏,Druid,Guardian,tank,Stormscale
1506,328.9,303144645,10,Mists of Tirna Scithe,2024-10-27T09:13:21.000Z,1441165,1890999,2,"Xal'atath's Bargain: Ascendant, Fortified, Challenger's Peril, Tyrannical",高倉健,Shaman,Elemental,dps,Dragonmaw
1507,328.9,303413672,10,Mists of Tirna Scithe,2024-10-28T13:50:34.000Z,1441177,1890999,2,"Xal'atath's Bargain: Ascendant, Fortified, Challenger's Peril, Tyrannical",魅惑飄飄,Druid,Restoration,healer,Light's Hope
1507,328.9,303413672,10,Mists of Tirna Scithe,2024-10-28T13:50:34.000Z,1441177,1890999,2,"Xal'atath's Bargain: Ascendant, Fortified, Challenger's Peril, Tyrannical",小藍啪,Mage,Frost,dps,Bleeding Hollow
1507,328.9,303413672,10,Mists of Tirna Scithe,2024-10-28T13:50:34.000Z,1441177,1890999,2,"Xal'atath's Bargain: Ascendant, Fortified, Challenger's Peril, Tyrannical",布丁不咘叮,Warrior,Protection,tank,Skywall
1507,328.9,303413672,10,Mists of Tirna Scithe,2024-10-28T13:50:34.000Z,1441177,1890999,2,"Xal'atath's Bargain: Ascendant, Fortified, Challenger's Peril, Tyrannical",糖蔥冰淇淋,Shaman,Elemental,dps,Light's Hope
1507,328.9,303413672,10,Mists of Tirna Scithe,2024-10-28T13:50:34.000Z,1441177,1890999,2,"Xal'atath's Bargain: Ascendant, Fortified, Challenger's Peril, Tyrannical",鐵爐堡總書記,Paladin,Retribution,dps,Silverwing Hold
1508,328.9,308077438,10,Mists of Tirna Scithe,2024-11-19T13:50:44.000Z,1441505,1890999,2,"Xal'atath's Bargain: Ascendant, Tyrannical, Challenger's Peril, Fortified",臭大叔棉花肚,Paladin,Retribution,dps,Light's Hope
1508,328.9,308077438,10,Mists of Tirna Scithe,2024-11-19T13:50:44.000Z,1441505,1890999,2,"Xal'atath's Bargain: Ascendant, Tyrannical, Challenger's Peril, Fortified",Aristarchus,Priest,Discipline,healer,Nightsong
1508,328.9,308077438,10,Mists of Tirna Scithe,2024-11-19T13:50:44.000Z,1441505,1890999,2,"Xal'atath's Bargain: Ascendant, Tyrannical, Challenger's Peril, Fortified",菲亞莉古蕾,Paladin,Retribution,dps,Light's Hope
1508,328.9,308077438,10,Mists of Tirna Scithe,2024-11-19T13:50:44.000Z,1441505,1890999,2,"Xal'atath's Bargain: Ascendant, Tyrannical, Challenger's Peril, Fortified",薄荷鮮奶奶,Shaman,Elemental,dps,Chillwind Point
1508,328.9,308077438,10,Mists of Tirna Scithe,2024-11-19T13:50:44.000Z,1441505,1890999,2,"Xal'atath's Bargain: Ascendant, Tyrannical, Challenger's Peril, Fortified",Innocence,Death Knight,Blood,tank,Nightsong
1509,328.9,303869492,10,Mists of Tirna Scithe,2024-10-30T17:17:46.000Z,1441734,1890999,2,"Xal'atath's Bargain: Ascendant, Fortified, Challenger's Peril, Tyrannical",咖哩炸豬排,Monk,Brewmaster,tank,Shadowmoon
1509,328.9,303869492,10,Mists of Tirna Scithe,2024-10-30T17:17:46.000Z,1441734,1890999,2,"Xal'atath's Bargain: Ascendant, Fortified, Challenger's Peril, Tyrannical",栳牛-219068389,Paladin,Retribution,dps,Shadowmoon
1509,328.9,303869492,10,Mists of Tirna Scithe,2024-10-30T17:17:46.000Z,1441734,1890999,2,"Xal'atath's Bargain: Ascendant, Fortified, Challenger's Peril, Tyrannical",奈菲莉安,Warlock,Destruction,dps,Shadowmoon
1509,328.9,303869492,10,Mists of Tirna Scithe,2024-10-30T17:17:46.000Z,1441734,1890999,2,"Xal'atath's Bargain: Ascendant, Fortified, Challenger's Peril, Tyrannical",Eleanke,Shaman,Restoration,healer,Spirestone
1509,328.9,303869492,10,Mists of Tirna Scithe,2024-10-30T17:17:46.000Z,1441734,1890999,2,"Xal'atath's Bargain: Ascendant, Fortified, Challenger's Peril, Tyrannical",我是冰龍,Death Knight,Frost,dps,Shadowmoon
1510,328.9,307497916,10,Mists of Tirna Scithe,2024-11-16T13:13:16.000Z,1441813,1890999,2,"Xal'atath's Bargain: Ascendant, Tyrannical, Challenger's Peril, Fortified",映如雪,Warlock,Destruction,dps,World Tree
1510,328.9,307497916,10,Mists of Tirna Scithe,2024-11-16T13:13:16.000Z,1441813,1890999,2,"Xal'atath's Bargain: Ascendant, Tyrannical, Challenger's Peril, Fortified",嘛嘛咪呀,Warlock,Demonology,dps,Shadowmoon
1510,328.9,307497916,10,Mists of Tirna Scithe,2024-11-16T13:13:16.000Z,1441813,1890999,2,"Xal'atath's Bargain: Ascendant, Tyrannical, Challenger's Peril, Fortified",漢昭,Paladin,Retribution,dps,Icecrown
1510,328.9,307497916,10,Mists of Tirna Scithe,2024-11-16T13:13:16.000Z,1441813,1890999,2,"Xal'atath's Bargain: Ascendant, Tyrannical, Challenger's Peril, Fortified",Qiaoxuan,Druid,Guardian,tank,Sundown Marsh
1510,328.9,307497916,10,Mists of Tirna Scithe,2024-11-16T13:13:16.000Z,1441813,1890999,2,"Xal'atath's Bargain: Ascendant, Tyrannical, Challenger's Peril, Fortified",哈梅内伊,Shaman,Restoration,healer,Icecrown
1511,328.9,302712609,10,Mists of Tirna Scithe,2024-10-24T18:25:41.000Z,1441863,1890999,2,"Xal'atath's Bargain: Ascendant, Fortified, Challenger's Peril, Tyrannical",鄧不利多,Mage,Arcane,dps,Shadowmoon
1511,328.9,302712609,10,Mists of Tirna Scithe,2024-10-24T18:25:41.000Z,1441863,1890999,2,"Xal'atath's Bargain: Ascendant, Fortified, Challenger's Peril, Tyrannical",呱呱鳥,Druid,Restoration,healer,Arthas
1511,328.9,302712609,10,Mists of Tirna Scithe,2024-10-24T18:25:41.000Z,1441863,1890999,2,"Xal'atath's Bargain: Ascendant, Fortified, Challenger's Peril, Tyrannical",巧達欸逼耊,Paladin,Protection,tank,Skywall
1511,328.9,302712609,10,Mists of Tirna Scithe,2024-10-24T18:25:41.000Z,1441863,1890999,2,"Xal'atath's Bargain: Ascendant, Fortified, Challenger's Peril, Tyrannical",Magicprince,Warrior,Fury,dps,Menethil
1511,328.9,302712609,10,Mists of Tirna Scithe,2024-10-24T18:25:41.000Z,1441863,1890999,2,"Xal'atath's Bargain: Ascendant, Fortified, Challenger's Peril, Tyrannical",奶味藍,Shaman,Elemental,dps,Demon Fall Canyon
1512,328.9,303809595,10,Mists of Tirna Scithe,2024-10-30T08:07:57.000Z,1442171,1890999,2,"Xal'atath's Bargain: Ascendant, Fortified, Challenger's Peril, Tyrannical",紅燒舒芙蕾,Warrior,Protection,tank,Sundown Marsh
1512,328.9,303809595,10,Mists of Tirna Scithe,2024-10-30T08:07:57.000Z,1442171,1890999,2,"Xal'atath's Bargain: Ascendant, Fortified, Challenger's Peril, Tyrannical",羅西尼熊貓,Shaman,Elemental,dps,Sundown Marsh
1512,328.9,303809595,10,Mists of Tirna Scithe,2024-10-30T08:07:57.000Z,1442171,1890999,2,"Xal'atath's Bargain: Ascendant, Fortified, Challenger's Peril, Tyrannical",薩娃低咖,Shaman,Restoration,healer,Crystalpine Stinger
1512,328.9,303809595,10,Mists of Tirna Scithe,2024-10-30T08:07:57.000Z,1442171,1890999,2,"Xal'atath's Bargain: Ascendant, Fortified, Challenger's Peril, Tyrannical",小卷次子,Mage,Frost,dps,Whisperwind
1512,328.9,303809595,10,Mists of Tirna Scithe,2024-10-30T08:07:57.000Z,1442171,1890999,2,"Xal'atath's Bargain: Ascendant, Fortified, Challenger's Peril, Tyrannical",舒大人,Shaman,Elemental,dps,Whisperwind
1513,328.9,307927721,10,Mists of Tirna Scithe,2024-11-18T16:30:29.000Z,1442515,1890999,2,"Xal'atath's Bargain: Ascendant, Tyrannical, Challenger's Peril, Fortified",龍飛夜,Druid,Restoration,healer,Shadowmoon
1513,328.9,307927721,10,Mists of Tirna Scithe,2024-11-18T16:30:29.000Z,1442515,1890999,2,"Xal'atath's Bargain: Ascendant, Tyrannical, Challenger's Peril, Fortified",大熔爐水電工,Shaman,Enhancement,dps,Shadowmoon
1513,328.9,307927721,10,Mists of Tirna Scithe,2024-11-18T16:30:29.000Z,1442515,1890999,2,"Xal'atath's Bargain: Ascendant, Tyrannical, Challenger's Peril, Fortified",帥小子瑞奇,Death Knight,Blood,tank,Wrathbringer
1513,328.9,307927721,10,Mists of Tirna Scithe,2024-11-18T16:30:29.000Z,1442515,1890999,2,"Xal'atath's Bargain: Ascendant, Tyrannical, Challenger's Peril, Fortified",羊咩,Rogue,Assassination,dps,Quel'dorei
1513,328.9,307927721,10,Mists of Tirna Scithe,2024-11-18T16:30:29.000Z,1442515,1890999,2,"Xal'atath's Bargain: Ascendant, Tyrannical, Challenger's Peril, Fortified",賴啤,Death Knight,Unholy,dps,Sundown Marsh
1514,328.9,302939362,10,Mists of Tirna Scithe,2024-10-26T14:48:59.000Z,1442560,1890999,2,"Xal'atath's Bargain: Ascendant, Fortified, Challenger's Peril, Tyrannical",胖達莉亞,Monk,Brewmaster,tank,Demon Fall Canyon
1514,328.9,302939362,10,Mists of Tirna Scithe,2024-10-26T14:48:59.000Z,1442560,1890999,2,"Xal'atath's Bargain: Ascendant, Fortified, Challenger's Peril, Tyrannical",毛克,Shaman,Elemental,dps,Demon Fall Canyon
1514,328.9,302939362,10,Mists of Tirna Scithe,2024-10-26T14:48:59.000Z,1442560,1890999,2,"Xal'atath's Bargain: Ascendant, Fortified, Challenger's Peril, Tyrannical",Dinahlance,Priest,Shadow,dps,Sundown Marsh
1514,328.9,302939362,10,Mists of Tirna Scithe,2024-10-26T14:48:59.000Z,1442560,1890999,2,"Xal'atath's Bargain: Ascendant, Fortified, Challenger's Peril, Tyrannical",加班不加薪,Shaman,Restoration,healer,Demon Fall Canyon
1514,328.9,302939362,10,Mists of Tirna Scithe,2024-10-26T14:48:59.000Z,1442560,1890999,2,"Xal'atath's Bargain: Ascendant, Fortified, Challenger's Peril, Tyrannical",排骨酥麵,Rogue,Assassination,dps,Demon Fall Canyon
1515,328.9,307158912,10,Mists of Tirna Scithe,2024-11-14T14:16:52.000Z,1442561,1890999,2,"Xal'atath's Bargain: Ascendant, Tyrannical, Challenger's Peril, Fortified",Qreality,Shaman,Restoration,healer,Nightsong
1515,328.9,307158912,10,Mists of Tirna Scithe,2024-11-14T14:16:52.000Z,1442561,1890999,2,"Xal'atath's Bargain: Ascendant, Tyrannical, Challenger's Peril, Fortified",黑糖麻糬糬,Priest,Shadow,dps,Spirestone
1515,328.9,307158912,10,Mists of Tirna Scithe,2024-11-14T14:16:52.000Z,1442561,1890999,2,"Xal'atath's Bargain: Ascendant, Tyrannical, Challenger's Peril, Fortified",內壢第一狠人,Hunter,Survival,dps,Nightsong
1515,328.9,307158912,10,Mists of Tirna Scithe,2024-11-14T14:16:52.000Z,1442561,1890999,2,"Xal'atath's Bargain: Ascendant, Tyrannical, Challenger's Peril, Fortified",大坦,Paladin,Protection,tank,Nightsong
1515,328.9,307158912,10,Mists of Tirna Scithe,2024-11-14T14:16:52.000Z,1442561,1890999,2,"Xal'atath's Bargain: Ascendant, Tyrannical, Challenger's Peril, Fortified",墨皮,Death Knight,Frost,dps,Spirestone
1516,328.9,307759690,10,Mists of Tirna Scithe,2024-11-17T13:31:06.000Z,1442729,1890999,2,"Xal'atath's Bargain: Ascendant, Tyrannical, Challenger's Peril, Fortified",艾梅蘿妮,Demon Hunter,Havoc,dps,Demon Fall Canyon
1516,328.9,307759690,10,Mists of Tirna Scithe,2024-11-17T13:31:06.000Z,1442729,1890999,2,"Xal'atath's Bargain: Ascendant, Tyrannical, Challenger's Peril, Fortified",緋雪夜語,Priest,Holy,healer,Arygos
1516,328.9,307759690,10,Mists of Tirna Scithe,2024-11-17T13:31:06.000Z,1442729,1890999,2,"Xal'atath's Bargain: Ascendant, Tyrannical, Challenger's Peril, Fortified",蓋布里歐,Shaman,Enhancement,dps,Demon Fall Canyon
1516,328.9,307759690,10,Mists of Tirna Scithe,2024-11-17T13:31:06.000Z,1442729,1890999,2,"Xal'atath's Bargain: Ascendant, Tyrannical, Challenger's Peril, Fortified",任隨風,Paladin,Protection,tank,Demon Fall Canyon
1516,328.9,307759690,10,Mists of Tirna Scithe,2024-11-17T13:31:06.000Z,1442729,1890999,2,"Xal'atath's Bargain: Ascendant, Tyrannical, Challenger's Peril, Fortified",優拉妮雅,Paladin,Retribution,dps,Wrathbringer
1517,328.9,307714866,10,Mists of Tirna Scithe,2024-11-17T13:53:47.000Z,1443220,1890999,2,"Xal'atath's Bargain: Ascendant, Tyrannical, Challenger's Peril, Fortified",怪裡怪氣,Warrior,Protection,tank,Chillwind Point
1517,328.9,307714866,10,Mists of Tirna Scithe,2024-11-17T13:53:47.000Z,1443220,1890999,2,"Xal'atath's Bargain: Ascendant, Tyrannical, Challenger's Peril, Fortified",我要帶小鬼,Warlock,Destruction,dps,Chillwind Point
1517,328.9,307714866,10,Mists of Tirna Scithe,2024-11-17T13:53:47.000Z,1443220,1890999,2,"Xal'atath's Bargain: Ascendant, Tyrannical, Challenger's Peril, Fortified",別說我是牛,Druid,Balance,dps,Chillwind Point
1517,328.9,307714866,10,Mists of Tirna Scithe,2024-11-17T13:53:47.000Z,1443220,1890999,2,"Xal'atath's Bargain: Ascendant, Tyrannical, Challenger's Peril, Fortified",猴子吃蘋果,Death Knight,Unholy,dps,Spirestone
1517,328.9,307714866,10,Mists of Tirna Scithe,2024-11-17T13:53:47.000Z,1443220,1890999,2,"Xal'atath's Bargain: Ascendant, Tyrannical, Challenger's Peril, Fortified",草莓奶油聖代,Monk,Mistweaver,healer,Nightsong
1518,328.9,302708829,10,Mists of Tirna Scithe,2024-10-25T16:42:38.000Z,1443257,1890999,2,"Xal'atath's Bargain: Ascendant, Fortified, Challenger's Peril, Tyrannical",坦克寶寶,Paladin,Retribution,dps,Spirestone
1518,328.9,302708829,10,Mists of Tirna Scithe,2024-10-25T16:42:38.000Z,1443257,1890999,2,"Xal'atath's Bargain: Ascendant, Fortified, Challenger's Peril, Tyrannical",米开朗琪罗,Priest,Shadow,dps,Spirestone
1518,328.9,302708829,10,Mists of Tirna Scithe,2024-10-25T16:42:38.000Z,1443257,1890999,2,"Xal'atath's Bargain: Ascendant, Fortified, Challenger's Peril, Tyrannical",没牛,Monk,Mistweaver,healer,Spirestone
1518,328.9,302708829,10,Mists of Tirna Scithe,2024-10-25T16:42:38.000Z,1443257,1890999,2,"Xal'atath's Bargain: Ascendant, Fortified, Challenger's Peril, Tyrannical",我頭上有倆角,Evoker,Augmentation,dps,Spirestone
1518,328.9,302708829,10,Mists of Tirna Scithe,2024-10-25T16:42:38.000Z,1443257,1890999,2,"Xal'atath's Bargain: Ascendant, Fortified, Challenger's Peril, Tyrannical",Devilwings,Warrior,Protection,tank,Spirestone
1519,328.9,308080330,10,Mists of Tirna Scithe,2024-11-19T14:38:06.000Z,1443336,1890999,2,"Xal'atath's Bargain: Ascendant, Tyrannical, Challenger's Peril, Fortified",Eruruu,Priest,Discipline,healer,Sundown Marsh
1519,328.9,308080330,10,Mists of Tirna Scithe,2024-11-19T14:38:06.000Z,1443336,1890999,2,"Xal'atath's Bargain: Ascendant, Tyrannical, Challenger's Peril, Fortified",悲情人物,Paladin,Protection,tank,Shadowmoon
1519,328.9,308080330,10,Mists of Tirna Scithe,2024-11-19T14:38:06.000Z,1443336,1890999,2,"Xal'atath's Bargain: Ascendant, Tyrannical, Challenger's Peril, Fortified",螢光蠻牛,Paladin,Retribution,dps,Shadowmoon
1519,328.9,308080330,10,Mists of Tirna Scithe,2024-11-19T14:38:06.000Z,1443336,1890999,2,"Xal'atath's Bargain: Ascendant, Tyrannical, Challenger's Peril, Fortified",布偶貓貓,Hunter,Beast Mastery,dps,Shadowmoon
1519,328.9,308080330,10,Mists of Tirna Scithe,2024-11-19T14:38:06.000Z,1443336,1890999,2,"Xal'atath's Bargain: Ascendant, Tyrannical, Challenger's Peril, Fortified",巨無霸胖犬,Rogue,Assassination,dps,Whisperwind
1520,328.9,303637590,10,Mists of Tirna Scithe,2024-11-17T14:11:42.000Z,1443341,1890999,2,"Xal'atath's Bargain: Ascendant, Tyrannical, Challenger's Peril, Fortified",妖楓,Paladin,Protection,tank,Sundown Marsh
1520,328.9,303637590,10,Mists of Tirna Scithe,2024-11-17T14:11:42.000Z,1443341,1890999,2,"Xal'atath's Bargain: Ascendant, Tyrannical, Challenger's Peril, Fortified",Papapochi,Shaman,Enhancement,dps,Crystalpine Stinger
1520,328.9,303637590,10,Mists of Tirna Scithe,2024-11-17T14:11:42.000Z,1443341,1890999,2,"Xal'atath's Bargain: Ascendant, Tyrannical, Challenger's Peril, Fortified",曼特寧佐茶,Warlock,Affliction,dps,Demon Fall Canyon
1520,328.9,303637590,10,Mists of Tirna Scithe,2024-11-17T14:11:42.000Z,1443341,1890999,2,"Xal'atath's Bargain: Ascendant, Tyrannical, Challenger's Peril, Fortified",雪野,Warrior,Fury,dps,Demon Fall Canyon
1520,328.9,303637590,10,Mists of Tirna Scithe,2024-11-17T14:11:42.000Z,1443341,1890999,2,"Xal'atath's Bargain: Ascendant, Tyrannical, Challenger's Peril, Fortified",帕爾提娜,Priest,Holy,healer,Demon Fall Canyon
1521,328.9,302485771,10,Mists of Tirna Scithe,2024-10-24T14:30:42.000Z,1443428,1890999,2,"Xal'atath's Bargain: Ascendant, Fortified, Challenger's Peril, Tyrannical",德皮,Druid,Guardian,tank,Shadowmoon
1521,328.9,302485771,10,Mists of Tirna Scithe,2024-10-24T14:30:42.000Z,1443428,1890999,2,"Xal'atath's Bargain: Ascendant, Fortified, Challenger's Peril, Tyrannical",我是壞蛋,Death Knight,Frost,dps,Shadowmoon
1521,328.9,302485771,10,Mists of Tirna Scithe,2024-10-24T14:30:42.000Z,1443428,1890999,2,"Xal'atath's Bargain: Ascendant, Fortified, Challenger's Peril, Tyrannical",Kasuma,Shaman,Elemental,dps,Shadowmoon
1521,328.9,302485771,10,Mists of Tirna Scithe,2024-10-24T14:30:42.000Z,1443428,1890999,2,"Xal'atath's Bargain: Ascendant, Fortified, Challenger's Peril, Tyrannical",溫特亞列恩,Shaman,Restoration,healer,Shadowmoon
1521,328.9,302485771,10,Mists of Tirna Scithe,2024-10-24T14:30:42.000Z,1443428,1890999,2,"Xal'atath's Bargain: Ascendant, Fortified, Challenger's Peril, Tyrannical",左手換右手,Rogue,Assassination,dps,Shadowmoon
1522,328.9,303634178,10,Mists of Tirna Scithe,2024-10-29T15:43:39.000Z,1443455,1890999,2,"Xal'atath's Bargain: Ascendant, Fortified, Challenger's Peril, Tyrannical",參鄙巴,Warlock,Demonology,dps,Wrathbringer
1522,328.9,303634178,10,Mists of Tirna Scithe,2024-10-29T15:43:39.000Z,1443455,1890999,2,"Xal'atath's Bargain: Ascendant, Fortified, Challenger's Peril, Tyrannical",殘忍溫柔,Druid,Guardian,tank,Frostmane
1522,328.9,303634178,10,Mists of Tirna Scithe,2024-10-29T15:43:39.000Z,1443455,1890999,2,"Xal'atath's Bargain: Ascendant, Fortified, Challenger's Peril, Tyrannical",桂花烏龍茶,Priest,Holy,healer,Dragonmaw
1522,328.9,303634178,10,Mists of Tirna Scithe,2024-10-29T15:43:39.000Z,1443455,1890999,2,"Xal'atath's Bargain: Ascendant, Fortified, Challenger's Peril, Tyrannical",雪炎冰心,Hunter,Survival,dps,Nightsong
1522,328.9,303634178,10,Mists of Tirna Scithe,2024-10-29T15:43:39.000Z,1443455,1890999,2,"Xal'atath's Bargain: Ascendant, Fortified, Challenger's Peril, Tyrannical",天空不許動,Paladin,Retribution,dps,Frostmane
1523,328.9,300401533,10,Mists of Tirna Scithe,2024-11-15T14:27:37.000Z,1443712,1890999,2,"Xal'atath's Bargain: Ascendant, Tyrannical, Challenger's Peril, Fortified",乂火雲邪神乂,Warrior,Fury,dps,Nightsong
1523,328.9,300401533,10,Mists of Tirna Scithe,2024-11-15T14:27:37.000Z,1443712,1890999,2,"Xal'atath's Bargain: Ascendant, Tyrannical, Challenger's Peril, Fortified",伊拉諾,Shaman,Restoration,healer,Dragonmaw
1523,328.9,300401533,10,Mists of Tirna Scithe,2024-11-15T14:27:37.000Z,1443712,1890999,2,"Xal'atath's Bargain: Ascendant, Tyrannical, Challenger's Peril, Fortified",元帥豬八戒,Paladin,Protection,tank,Stormscale
1523,328.9,300401533,10,Mists of Tirna Scithe,2024-11-15T14:27:37.000Z,1443712,1890999,2,"Xal'atath's Bargain: Ascendant, Tyrannical, Challenger's Peril, Fortified",沐辰菲雪,Warlock,Destruction,dps,Dragonmaw
1523,328.9,300401533,10,Mists of Tirna Scithe,2024-11-15T14:27:37.000Z,1443712,1890999,2,"Xal'atath's Bargain: Ascendant, Tyrannical, Challenger's Peril, Fortified",月明,Hunter,Survival,dps,Crystalpine Stinger
1524,328.9,307918777,10,Mists of Tirna Scithe,2024-11-18T10:50:47.000Z,1443807,1890999,2,"Xal'atath's Bargain: Ascendant, Tyrannical, Challenger's Peril, Fortified",遺失記憶,Shaman,Restoration,healer,Skywall
1524,328.9,307918777,10,Mists of Tirna Scithe,2024-11-18T10:50:47.000Z,1443807,1890999,2,"Xal'atath's Bargain: Ascendant, Tyrannical, Challenger's Peril, Fortified",一奇犽一,Rogue,Assassination,dps,Crystalpine Stinger
1524,328.9,307918777,10,Mists of Tirna Scithe,2024-11-18T10:50:47.000Z,1443807,1890999,2,"Xal'atath's Bargain: Ascendant, Tyrannical, Challenger's Peril, Fortified",房子壓死愛情,Death Knight,Blood,tank,Chillwind Point
1524,328.9,307918777,10,Mists of Tirna Scithe,2024-11-18T10:50:47.000Z,1443807,1890999,2,"Xal'atath's Bargain: Ascendant, Tyrannical, Challenger's Peril, Fortified",熾月,Druid,Balance,dps,Quel'dorei
1524,328.9,307918777,10,Mists of Tirna Scithe,2024-11-18T10:50:47.000Z,1443807,1890999,2,"Xal'atath's Bargain: Ascendant, Tyrannical, Challenger's Peril, Fortified",Deadlybeard,Paladin,Retribution,dps,Spirestone
1525,328.9,307880420,10,Mists of Tirna Scithe,2024-11-18T07:40:52.000Z,1443858,1890999,2,"Xal'atath's Bargain: Ascendant, Tyrannical, Challenger's Peril, Fortified",Limer,Shaman,Elemental,dps,Sundown Marsh
1525,328.9,307880420,10,Mists of Tirna Scithe,2024-11-18T07:40:52.000Z,1443858,1890999,2,"Xal'atath's Bargain: Ascendant, Tyrannical, Challenger's Peril, Fortified",誰怕誰我死騎,Death Knight,Blood,tank,Hellscream
1525,328.9,307880420,10,Mists of Tirna Scithe,2024-11-18T07:40:52.000Z,1443858,1890999,2,"Xal'atath's Bargain: Ascendant, Tyrannical, Challenger's Peril, Fortified",Bao,Monk,Mistweaver,healer,Sundown Marsh
1525,328.9,307880420,10,Mists of Tirna Scithe,2024-11-18T07:40:52.000Z,1443858,1890999,2,"Xal'atath's Bargain: Ascendant, Tyrannical, Challenger's Peril, Fortified",Littleturtle,Paladin,Retribution,dps,Nightsong
1525,328.9,307880420,10,Mists of Tirna Scithe,2024-11-18T07:40:52.000Z,1443858,1890999,2,"Xal'atath's Bargain: Ascendant, Tyrannical, Challenger's Peril, Fortified",巴薩諾瓦,Shaman,Enhancement,dps,Wrathbringer
1526,328.9,303436118,10,Mists of Tirna Scithe,2024-10-28T15:00:52.000Z,1443934,1890999,2,"Xal'atath's Bargain: Ascendant, Fortified, Challenger's Peril, Tyrannical",寂寞小霖,Priest,Shadow,dps,Hellscream
1526,328.9,303436118,10,Mists of Tirna Scithe,2024-10-28T15:00:52.000Z,1443934,1890999,2,"Xal'atath's Bargain: Ascendant, Fortified, Challenger's Peril, Tyrannical",裂爪,Druid,Guardian,tank,Arthas
1526,328.9,303436118,10,Mists of Tirna Scithe,2024-10-28T15:00:52.000Z,1443934,1890999,2,"Xal'atath's Bargain: Ascendant, Fortified, Challenger's Peril, Tyrannical",聖光企鵝,Paladin,Holy,healer,Arthas
1526,328.9,303436118,10,Mists of Tirna Scithe,2024-10-28T15:00:52.000Z,1443934,1890999,2,"Xal'atath's Bargain: Ascendant, Fortified, Challenger's Peril, Tyrannical",秘書,Paladin,Retribution,dps,Quel'dorei
1526,328.9,303436118,10,Mists of Tirna Scithe,2024-10-28T15:00:52.000Z,1443934,1890999,2,"Xal'atath's Bargain: Ascendant, Fortified, Challenger's Peril, Tyrannical",泉蓮福力熊,Death Knight,Frost,dps,Arthas
1527,328.9,303122096,10,Mists of Tirna Scithe,2024-10-27T06:06:10.000Z,1444057,1890999,2,"Xal'atath's Bargain: Ascendant, Fortified, Challenger's Peril, Tyrannical",硬香蕉麵包,Warrior,Protection,tank,Wrathbringer
1527,328.9,303122096,10,Mists of Tirna Scithe,2024-10-27T06:06:10.000Z,1444057,1890999,2,"Xal'atath's Bargain: Ascendant, Fortified, Challenger's Peril, Tyrannical",一滾木頭,Death Knight,Frost,dps,Arygos
1527,328.9,303122096,10,Mists of Tirna Scithe,2024-10-27T06:06:10.000Z,1444057,1890999,2,"Xal'atath's Bargain: Ascendant, Fortified, Challenger's Peril, Tyrannical",聖光汁液,Paladin,Retribution,dps,Frostmane
1527,328.9,303122096,10,Mists of Tirna Scithe,2024-10-27T06:06:10.000Z,1444057,1890999,2,"Xal'atath's Bargain: Ascendant, Fortified, Challenger's Peril, Tyrannical",胖鳥大地,Druid,Balance,dps,Wrathbringer
1527,328.9,303122096,10,Mists of Tirna Scithe,2024-10-27T06:06:10.000Z,1444057,1890999,2,"Xal'atath's Bargain: Ascendant, Fortified, Challenger's Peril, Tyrannical",拉拉山守護神,Shaman,Restoration,healer,Wrathbringer
1528,328.9,307318684,10,Mists of Tirna Scithe,2024-11-15T14:31:43.000Z,1444172,1890999,2,"Xal'atath's Bargain: Ascendant, Tyrannical, Challenger's Peril, Fortified",力大如牛,Paladin,Retribution,dps,World Tree
1528,328.9,307318684,10,Mists of Tirna Scithe,2024-11-15T14:31:43.000Z,1444172,1890999,2,"Xal'atath's Bargain: Ascendant, Tyrannical, Challenger's Peril, Fortified",暄沐飛羽,Druid,Balance,dps,Zealot Blade
1528,328.9,307318684,10,Mists of Tirna Scithe,2024-11-15T14:31:43.000Z,1444172,1890999,2,"Xal'atath's Bargain: Ascendant, Tyrannical, Challenger's Peril, Fortified",移動岑寶,Paladin,Protection,tank,Shadowmoon
1528,328.9,307318684,10,Mists of Tirna Scithe,2024-11-15T14:31:43.000Z,1444172,1890999,2,"Xal'atath's Bargain: Ascendant, Tyrannical, Challenger's Peril, Fortified",阿索卡,Mage,Frost,dps,Arthas
1528,328.9,307318684,10,Mists of Tirna Scithe,2024-11-15T14:31:43.000Z,1444172,1890999,2,"Xal'atath's Bargain: Ascendant, Tyrannical, Challenger's Peril, Fortified",收集落葉的貓-231113423,Priest,Discipline,healer,Zealot Blade
1529,328.9,303155427,10,Mists of Tirna Scithe,2024-10-27T08:19:22.000Z,1444211,1890999,2,"Xal'atath's Bargain: Ascendant, Fortified, Challenger's Peril, Tyrannical",獵藝,Hunter,Beast Mastery,dps,Shadowmoon
1529,328.9,303155427,10,Mists of Tirna Scithe,2024-10-27T08:19:22.000Z,1444211,1890999,2,"Xal'atath's Bargain: Ascendant, Fortified, Challenger's Peril, Tyrannical",雅紗,Shaman,Restoration,healer,Whisperwind
1529,328.9,303155427,10,Mists of Tirna Scithe,2024-10-27T08:19:22.000Z,1444211,1890999,2,"Xal'atath's Bargain: Ascendant, Fortified, Challenger's Peril, Tyrannical",長橋顧馬,Paladin,Protection,tank,Silverwing Hold
1529,328.9,303155427,10,Mists of Tirna Scithe,2024-10-27T08:19:22.000Z,1444211,1890999,2,"Xal'atath's Bargain: Ascendant, Fortified, Challenger's Peril, Tyrannical",綠貓貓,Hunter,Survival,dps,Nightsong
1529,328.9,303155427,10,Mists of Tirna Scithe,2024-10-27T08:19:22.000Z,1444211,1890999,2,"Xal'atath's Bargain: Ascendant, Fortified, Challenger's Peril, Tyrannical",瑤敔,Priest,Shadow,dps,Sundown Marsh
1530,328.9,308294526,10,Mists of Tirna Scithe,2024-11-20T16:03:15.000Z,1444346,1890999,2,"Xal'atath's Bargain: Ascendant, Tyrannical, Challenger's Peril, Fortified",荒月,Evoker,Augmentation,dps,Menethil
1530,328.9,308294526,10,Mists of Tirna Scithe,2024-11-20T16:03:15.000Z,1444346,1890999,2,"Xal'atath's Bargain: Ascendant, Tyrannical, Challenger's Peril, Fortified",紅茶雪妮,Priest,Discipline,healer,Quel'dorei
1530,328.9,308294526,10,Mists of Tirna Scithe,2024-11-20T16:03:15.000Z,1444346,1890999,2,"Xal'atath's Bargain: Ascendant, Tyrannical, Challenger's Peril, Fortified",AnonCE72971,Paladin,Protection,tank,Anonymous
1530,328.9,308294526,10,Mists of Tirna Scithe,2024-11-20T16:03:15.000Z,1444346,1890999,2,"Xal'atath's Bargain: Ascendant, Tyrannical, Challenger's Peril, Fortified",Mugenshaman,Shaman,Enhancement,dps,Silverwing Hold
1530,328.9,308294526,10,Mists of Tirna Scithe,2024-11-20T16:03:15.000Z,1444346,1890999,2,"Xal'atath's Bargain: Ascendant, Tyrannical, Challenger's Peril, Fortified",菲琳,Evoker,Devastation,dps,Sundown Marsh
1531,328.9,307634293,10,Mists of Tirna Scithe,2024-11-17T01:05:11.000Z,1444590,1890999,2,"Xal'atath's Bargain: Ascendant, Tyrannical, Challenger's Peril, Fortified",蒼天疾驅,Demon Hunter,Vengeance,tank,Bleeding Hollow
1531,328.9,307634293,10,Mists of Tirna Scithe,2024-11-17T01:05:11.000Z,1444590,1890999,2,"Xal'atath's Bargain: Ascendant, Tyrannical, Challenger's Peril, Fortified",蠢蠢,Hunter,Beast Mastery,dps,Shadowmoon
1531,328.9,307634293,10,Mists of Tirna Scithe,2024-11-17T01:05:11.000Z,1444590,1890999,2,"Xal'atath's Bargain: Ascendant, Tyrannical, Challenger's Peril, Fortified",洛葵,Priest,Discipline,healer,Silverwing Hold
1531,328.9,307634293,10,Mists of Tirna Scithe,2024-11-17T01:05:11.000Z,1444590,1890999,2,"Xal'atath's Bargain: Ascendant, Tyrannical, Challenger's Peril, Fortified",粉紅殺姬,Paladin,Retribution,dps,Arygos
1531,328.9,307634293,10,Mists of Tirna Scithe,2024-11-17T01:05:11.000Z,1444590,1890999,2,"Xal'atath's Bargain: Ascendant, Tyrannical, Challenger's Peril, Fortified",查奇奧斯,Shaman,Elemental,dps,Sundown Marsh
1532,328.8,307344330,10,Mists of Tirna Scithe,2024-11-15T18:52:44.000Z,1444728,1890999,2,"Xal'atath's Bargain: Ascendant, Tyrannical, Challenger's Peril, Fortified",Delonte,Warlock,Demonology,dps,Shadowmoon
1532,328.8,307344330,10,Mists of Tirna Scithe,2024-11-15T18:52:44.000Z,1444728,1890999,2,"Xal'atath's Bargain: Ascendant, Tyrannical, Challenger's Peril, Fortified",知你冷暖,Demon Hunter,Vengeance,tank,Whisperwind
1532,328.8,307344330,10,Mists of Tirna Scithe,2024-11-15T18:52:44.000Z,1444728,1890999,2,"Xal'atath's Bargain: Ascendant, Tyrannical, Challenger's Peril, Fortified",Ching,Priest,Discipline,healer,Quel'dorei
1532,328.8,307344330,10,Mists of Tirna Scithe,2024-11-15T18:52:44.000Z,1444728,1890999,2,"Xal'atath's Bargain: Ascendant, Tyrannical, Challenger's Peril, Fortified",Limerence,Priest,Shadow,dps,Hellscream
1532,328.8,307344330,10,Mists of Tirna Scithe,2024-11-15T18:52:44.000Z,1444728,1890999,2,"Xal'atath's Bargain: Ascendant, Tyrannical, Challenger's Peril, Fortified",Røzasm,Shaman,Enhancement,dps,Whisperwind
1533,328.8,307510603,10,Mists of Tirna Scithe,2024-11-16T14:56:59.000Z,1444774,1890999,2,"Xal'atath's Bargain: Ascendant, Tyrannical, Challenger's Peril, Fortified",打臉騎士,Paladin,Retribution,dps,Wrathbringer
1533,328.8,307510603,10,Mists of Tirna Scithe,2024-11-16T14:56:59.000Z,1444774,1890999,2,"Xal'atath's Bargain: Ascendant, Tyrannical, Challenger's Peril, Fortified",茶茶醬,Priest,Holy,healer,Wrathbringer
1533,328.8,307510603,10,Mists of Tirna Scithe,2024-11-16T14:56:59.000Z,1444774,1890999,2,"Xal'atath's Bargain: Ascendant, Tyrannical, Challenger's Peril, Fortified",竽嬤嬤,Warrior,Fury,dps,Wrathbringer
1533,328.8,307510603,10,Mists of Tirna Scithe,2024-11-16T14:56:59.000Z,1444774,1890999,2,"Xal'atath's Bargain: Ascendant, Tyrannical, Challenger's Peril, Fortified",你不要再說了,Monk,Brewmaster,tank,Wrathbringer
1533,328.8,307510603,10,Mists of Tirna Scithe,2024-11-16T14:56:59.000Z,1444774,1890999,2,"Xal'atath's Bargain: Ascendant, Tyrannical, Challenger's Peril, Fortified",雷克斯余,Hunter,Marksmanship,dps,Zealot Blade
1534,328.8,303422917,10,Mists of Tirna Scithe,2024-10-28T14:45:07.000Z,1444900,1890999,2,"Xal'atath's Bargain: Ascendant, Fortified, Challenger's Peril, Tyrannical",三百隻熊貓,Monk,Brewmaster,tank,Dragonmaw
1534,328.8,303422917,10,Mists of Tirna Scithe,2024-10-28T14:45:07.000Z,1444900,1890999,2,"Xal'atath's Bargain: Ascendant, Fortified, Challenger's Peril, Tyrannical",Imaginary,Hunter,Beast Mastery,dps,Silverwing Hold
1534,328.8,303422917,10,Mists of Tirna Scithe,2024-10-28T14:45:07.000Z,1444900,1890999,2,"Xal'atath's Bargain: Ascendant, Fortified, Challenger's Peril, Tyrannical",Bkulmo-110146523,Rogue,Assassination,dps,Hellscream
1534,328.8,303422917,10,Mists of Tirna Scithe,2024-10-28T14:45:07.000Z,1444900,1890999,2,"Xal'atath's Bargain: Ascendant, Fortified, Challenger's Peril, Tyrannical",抽取衛生紙,Priest,Shadow,dps,Dragonmaw
1534,328.8,303422917,10,Mists of Tirna Scithe,2024-10-28T14:45:07.000Z,1444900,1890999,2,"Xal'atath's Bargain: Ascendant, Fortified, Challenger's Peril, Tyrannical",風怒,Shaman,Restoration,healer,Dragonmaw
1535,328.8,307923086,10,Mists of Tirna Scithe,2024-11-18T13:36:21.000Z,1444981,1890999,2,"Xal'atath's Bargain: Ascendant, Tyrannical, Challenger's Peril, Fortified",Pusheen,Monk,Windwalker,dps,Shadowmoon
1535,328.8,307923086,10,Mists of Tirna Scithe,2024-11-18T13:36:21.000Z,1444981,1890999,2,"Xal'atath's Bargain: Ascendant, Tyrannical, Challenger's Peril, Fortified",海悅,Druid,Balance,dps,Demon Fall Canyon
1535,328.8,307923086,10,Mists of Tirna Scithe,2024-11-18T13:36:21.000Z,1444981,1890999,2,"Xal'atath's Bargain: Ascendant, Tyrannical, Challenger's Peril, Fortified",吉穿百寶,Monk,Brewmaster,tank,Frostmane
1535,328.8,307923086,10,Mists of Tirna Scithe,2024-11-18T13:36:21.000Z,1444981,1890999,2,"Xal'atath's Bargain: Ascendant, Tyrannical, Challenger's Peril, Fortified",太陽行者,Paladin,Retribution,dps,Wrathbringer
1535,328.8,307923086,10,Mists of Tirna Scithe,2024-11-18T13:36:21.000Z,1444981,1890999,2,"Xal'atath's Bargain: Ascendant, Tyrannical, Challenger's Peril, Fortified",鐵頭叁號,Shaman,Restoration,healer,World Tree
1536,328.8,307783110,10,Mists of Tirna Scithe,2024-11-17T16:03:28.000Z,1445375,1890999,2,"Xal'atath's Bargain: Ascendant, Tyrannical, Challenger's Peril, Fortified",小一一-12839961,Monk,Mistweaver,healer,Whisperwind
1536,328.8,307783110,10,Mists of Tirna Scithe,2024-11-17T16:03:28.000Z,1445375,1890999,2,"Xal'atath's Bargain: Ascendant, Tyrannical, Challenger's Peril, Fortified",檸檬蔓越莓,Paladin,Protection,tank,Zealot Blade
1536,328.8,307783110,10,Mists of Tirna Scithe,2024-11-17T16:03:28.000Z,1445375,1890999,2,"Xal'atath's Bargain: Ascendant, Tyrannical, Challenger's Peril, Fortified",陳年老腳,Monk,Windwalker,dps,Whisperwind
1536,328.8,307783110,10,Mists of Tirna Scithe,2024-11-17T16:03:28.000Z,1445375,1890999,2,"Xal'atath's Bargain: Ascendant, Tyrannical, Challenger's Peril, Fortified",朵朵的小豬豬,Hunter,Survival,dps,Whisperwind
1536,328.8,307783110,10,Mists of Tirna Scithe,2024-11-17T16:03:28.000Z,1445375,1890999,2,"Xal'atath's Bargain: Ascendant, Tyrannical, Challenger's Peril, Fortified",钵钵猎,Hunter,Survival,dps,Whisperwind
1537,328.8,302935903,10,Mists of Tirna Scithe,2024-10-26T12:11:23.000Z,1445436,1890999,2,"Xal'atath's Bargain: Ascendant, Fortified, Challenger's Peril, Tyrannical",呆小妮,Priest,Holy,healer,Wrathbringer
1537,328.8,302935903,10,Mists of Tirna Scithe,2024-10-26T12:11:23.000Z,1445436,1890999,2,"Xal'atath's Bargain: Ascendant, Fortified, Challenger's Peril, Tyrannical",Ardyn,Paladin,Protection,tank,Crystalpine Stinger
1537,328.8,302935903,10,Mists of Tirna Scithe,2024-10-26T12:11:23.000Z,1445436,1890999,2,"Xal'atath's Bargain: Ascendant, Fortified, Challenger's Peril, Tyrannical",斑馬牌原子彈,Evoker,Augmentation,dps,Crystalpine Stinger
1537,328.8,302935903,10,Mists of Tirna Scithe,2024-10-26T12:11:23.000Z,1445436,1890999,2,"Xal'atath's Bargain: Ascendant, Fortified, Challenger's Peril, Tyrannical",Kåtâñå,Paladin,Retribution,dps,Crystalpine Stinger
1537,328.8,302935903,10,Mists of Tirna Scithe,2024-10-26T12:11:23.000Z,1445436,1890999,2,"Xal'atath's Bargain: Ascendant, Fortified, Challenger's Peril, Tyrannical",黑絲蛋包飯,Shaman,Enhancement,dps,Crystalpine Stinger
1538,328.8,308136801,10,Mists of Tirna Scithe,2024-11-19T15:29:09.000Z,1445510,1890999,2,"Xal'atath's Bargain: Ascendant, Tyrannical, Challenger's Peril, Fortified",花椰菜獒獒,Druid,Guardian,tank,Shadowmoon
1538,328.8,308136801,10,Mists of Tirna Scithe,2024-11-19T15:29:09.000Z,1445510,1890999,2,"Xal'atath's Bargain: Ascendant, Tyrannical, Challenger's Peril, Fortified",女神米歇爾,Warlock,Destruction,dps,Sundown Marsh
1538,328.8,308136801,10,Mists of Tirna Scithe,2024-11-19T15:29:09.000Z,1445510,1890999,2,"Xal'atath's Bargain: Ascendant, Tyrannical, Challenger's Peril, Fortified",開燈,Death Knight,Frost,dps,Sundown Marsh
1538,328.8,308136801,10,Mists of Tirna Scithe,2024-11-19T15:29:09.000Z,1445510,1890999,2,"Xal'atath's Bargain: Ascendant, Tyrannical, Challenger's Peril, Fortified",關燈,Paladin,Retribution,dps,Sundown Marsh
1538,328.8,308136801,10,Mists of Tirna Scithe,2024-11-19T15:29:09.000Z,1445510,1890999,2,"Xal'atath's Bargain: Ascendant, Tyrannical, Challenger's Peril, Fortified",小狐不會奶,Shaman,Restoration,healer,Shadowmoon
1539,328.8,302880253,10,Mists of Tirna Scithe,2024-10-26T09:33:34.000Z,1445643,1890999,2,"Xal'atath's Bargain: Ascendant, Fortified, Challenger's Peril, Tyrannical",你看射不了,Hunter,Beast Mastery,dps,Chillwind Point
1539,328.8,302880253,10,Mists of Tirna Scithe,2024-10-26T09:33:34.000Z,1445643,1890999,2,"Xal'atath's Bargain: Ascendant, Fortified, Challenger's Peril, Tyrannical",柚子喵,Paladin,Retribution,dps,Menethil
1539,328.8,302880253,10,Mists of Tirna Scithe,2024-10-26T09:33:34.000Z,1445643,1890999,2,"Xal'atath's Bargain: Ascendant, Fortified, Challenger's Peril, Tyrannical",龍嵐悠雨,Shaman,Elemental,dps,Chillwind Point
1539,328.8,302880253,10,Mists of Tirna Scithe,2024-10-26T09:33:34.000Z,1445643,1890999,2,"Xal'atath's Bargain: Ascendant, Fortified, Challenger's Peril, Tyrannical",光紗小舞,Priest,Discipline,healer,Chillwind Point
1539,328.8,302880253,10,Mists of Tirna Scithe,2024-10-26T09:33:34.000Z,1445643,1890999,2,"Xal'atath's Bargain: Ascendant, Fortified, Challenger's Peril, Tyrannical",Hetard,Paladin,Protection,tank,Chillwind Point
1540,328.8,307157814,10,Mists of Tirna Scithe,2024-11-14T14:01:56.000Z,1446006,1890999,2,"Xal'atath's Bargain: Ascendant, Tyrannical, Challenger's Peril, Fortified",梅前川伊芙,Druid,Guardian,tank,Sundown Marsh
1540,328.8,307157814,10,Mists of Tirna Scithe,2024-11-14T14:01:56.000Z,1446006,1890999,2,"Xal'atath's Bargain: Ascendant, Tyrannical, Challenger's Peril, Fortified",希納爾,Paladin,Retribution,dps,Sundown Marsh
1540,328.8,307157814,10,Mists of Tirna Scithe,2024-11-14T14:01:56.000Z,1446006,1890999,2,"Xal'atath's Bargain: Ascendant, Tyrannical, Challenger's Peril, Fortified",殘夜映月,Mage,Arcane,dps,Zealot Blade
1540,328.8,307157814,10,Mists of Tirna Scithe,2024-11-14T14:01:56.000Z,1446006,1890999,2,"Xal'atath's Bargain: Ascendant, Tyrannical, Challenger's Peril, Fortified",混沌,Warlock,Destruction,dps,Menethil
1540,328.8,307157814,10,Mists of Tirna Scithe,2024-11-14T14:01:56.000Z,1446006,1890999,2,"Xal'atath's Bargain: Ascendant, Tyrannical, Challenger's Peril, Fortified",雲朵紫薯那堤,Monk,Mistweaver,healer,Sundown Marsh
1541,328.8,303565651,10,Mists of Tirna Scithe,2024-10-29T03:49:01.000Z,1446038,1890999,2,"Xal'atath's Bargain: Ascendant, Fortified, Challenger's Peril, Tyrannical",Hi,Paladin,Retribution,dps,Quel'dorei
1541,328.8,303565651,10,Mists of Tirna Scithe,2024-10-29T03:49:01.000Z,1446038,1890999,2,"Xal'atath's Bargain: Ascendant, Fortified, Challenger's Peril, Tyrannical",嘖嘖底,Druid,Guardian,tank,Sundown Marsh
1541,328.8,303565651,10,Mists of Tirna Scithe,2024-10-29T03:49:01.000Z,1446038,1890999,2,"Xal'atath's Bargain: Ascendant, Fortified, Challenger's Peril, Tyrannical",婉雪,Priest,Discipline,healer,Light's Hope
1541,328.8,303565651,10,Mists of Tirna Scithe,2024-10-29T03:49:01.000Z,1446038,1890999,2,"Xal'atath's Bargain: Ascendant, Fortified, Challenger's Peril, Tyrannical",Izza,Priest,Shadow,dps,Arthas
1541,328.8,303565651,10,Mists of Tirna Scithe,2024-10-29T03:49:01.000Z,1446038,1890999,2,"Xal'atath's Bargain: Ascendant, Fortified, Challenger's Peril, Tyrannical",啾雷雞,Death Knight,Frost,dps,World Tree
1542,328.8,307483926,10,Mists of Tirna Scithe,2024-11-16T11:10:31.000Z,1446054,1890999,2,"Xal'atath's Bargain: Ascendant, Tyrannical, Challenger's Peril, Fortified",胖兔與冬月,Mage,Fire,dps,Sundown Marsh
1542,328.8,307483926,10,Mists of Tirna Scithe,2024-11-16T11:10:31.000Z,1446054,1890999,2,"Xal'atath's Bargain: Ascendant, Tyrannical, Challenger's Peril, Fortified",茶水弟弟,Priest,Shadow,dps,Whisperwind
1542,328.8,307483926,10,Mists of Tirna Scithe,2024-11-16T11:10:31.000Z,1446054,1890999,2,"Xal'atath's Bargain: Ascendant, Tyrannical, Challenger's Peril, Fortified",梅前川伊芙,Druid,Guardian,tank,Sundown Marsh
1542,328.8,307483926,10,Mists of Tirna Scithe,2024-11-16T11:10:31.000Z,1446054,1890999,2,"Xal'atath's Bargain: Ascendant, Tyrannical, Challenger's Peril, Fortified",希納爾,Paladin,Retribution,dps,Sundown Marsh
1542,328.8,307483926,10,Mists of Tirna Scithe,2024-11-16T11:10:31.000Z,1446054,1890999,2,"Xal'atath's Bargain: Ascendant, Tyrannical, Challenger's Peril, Fortified",雲朵紫薯那堤,Monk,Mistweaver,healer,Sundown Marsh
1543,328.8,302419614,10,Mists of Tirna Scithe,2024-10-24T04:02:08.000Z,1446086,1890999,2,"Xal'atath's Bargain: Ascendant, Fortified, Challenger's Peril, Tyrannical",車九-52741482,Paladin,Protection,tank,Sundown Marsh
1543,328.8,302419614,10,Mists of Tirna Scithe,2024-10-24T04:02:08.000Z,1446086,1890999,2,"Xal'atath's Bargain: Ascendant, Fortified, Challenger's Peril, Tyrannical",百步鳩谷,Demon Hunter,Havoc,dps,Light's Hope
1543,328.8,302419614,10,Mists of Tirna Scithe,2024-10-24T04:02:08.000Z,1446086,1890999,2,"Xal'atath's Bargain: Ascendant, Fortified, Challenger's Peril, Tyrannical",Ovopa,Paladin,Retribution,dps,Hellscream
1543,328.8,302419614,10,Mists of Tirna Scithe,2024-10-24T04:02:08.000Z,1446086,1890999,2,"Xal'atath's Bargain: Ascendant, Fortified, Challenger's Peril, Tyrannical",阿人,Mage,Frost,dps,Sundown Marsh
1543,328.8,302419614,10,Mists of Tirna Scithe,2024-10-24T04:02:08.000Z,1446086,1890999,2,"Xal'atath's Bargain: Ascendant, Fortified, Challenger's Peril, Tyrannical",Arcueid,Priest,Holy,healer,Shadowmoon
1544,328.8,307501000,10,Mists of Tirna Scithe,2024-11-16T13:10:08.000Z,1446185,1890999,2,"Xal'atath's Bargain: Ascendant, Tyrannical, Challenger's Peril, Fortified",妹子有點兇,Monk,Brewmaster,tank,Crystalpine Stinger
1544,328.8,307501000,10,Mists of Tirna Scithe,2024-11-16T13:10:08.000Z,1446185,1890999,2,"Xal'atath's Bargain: Ascendant, Tyrannical, Challenger's Peril, Fortified",大贊卡,Warrior,Arms,dps,Sundown Marsh
1544,328.8,307501000,10,Mists of Tirna Scithe,2024-11-16T13:10:08.000Z,1446185,1890999,2,"Xal'atath's Bargain: Ascendant, Tyrannical, Challenger's Peril, Fortified",Ava,Shaman,Restoration,healer,Nightsong
1544,328.8,307501000,10,Mists of Tirna Scithe,2024-11-16T13:10:08.000Z,1446185,1890999,2,"Xal'atath's Bargain: Ascendant, Tyrannical, Challenger's Peril, Fortified",Bewind,Warlock,Destruction,dps,Whisperwind
1544,328.8,307501000,10,Mists of Tirna Scithe,2024-11-16T13:10:08.000Z,1446185,1890999,2,"Xal'atath's Bargain: Ascendant, Tyrannical, Challenger's Peril, Fortified",路純音,Paladin,Retribution,dps,Arthas
1545,328.8,302717917,10,Mists of Tirna Scithe,2024-10-25T08:37:31.000Z,1446291,1890999,2,"Xal'atath's Bargain: Ascendant, Fortified, Challenger's Peril, Tyrannical",默默無言,Paladin,Retribution,dps,Shadowmoon
1545,328.8,302717917,10,Mists of Tirna Scithe,2024-10-25T08:37:31.000Z,1446291,1890999,2,"Xal'atath's Bargain: Ascendant, Fortified, Challenger's Peril, Tyrannical",畫星,Shaman,Restoration,healer,Whisperwind
1545,328.8,302717917,10,Mists of Tirna Scithe,2024-10-25T08:37:31.000Z,1446291,1890999,2,"Xal'atath's Bargain: Ascendant, Fortified, Challenger's Peril, Tyrannical",葉瘴,Mage,Arcane,dps,Light's Hope
1545,328.8,302717917,10,Mists of Tirna Scithe,2024-10-25T08:37:31.000Z,1446291,1890999,2,"Xal'atath's Bargain: Ascendant, Fortified, Challenger's Peril, Tyrannical",冰德,Druid,Balance,dps,Shadowmoon
1545,328.8,302717917,10,Mists of Tirna Scithe,2024-10-25T08:37:31.000Z,1446291,1890999,2,"Xal'atath's Bargain: Ascendant, Fortified, Challenger's Peril, Tyrannical",鋤大地鋤小滴,Druid,Guardian,tank,Shadowmoon
1546,328.8,302452302,10,Mists of Tirna Scithe,2024-10-24T09:05:17.000Z,1446506,1890999,2,"Xal'atath's Bargain: Ascendant, Fortified, Challenger's Peril, Tyrannical",Tutupriest,Priest,Holy,healer,Arygos
1546,328.8,302452302,10,Mists of Tirna Scithe,2024-10-24T09:05:17.000Z,1446506,1890999,2,"Xal'atath's Bargain: Ascendant, Fortified, Challenger's Peril, Tyrannical",新生聖光,Paladin,Protection,tank,Stormscale
1546,328.8,302452302,10,Mists of Tirna Scithe,2024-10-24T09:05:17.000Z,1446506,1890999,2,"Xal'atath's Bargain: Ascendant, Fortified, Challenger's Peril, Tyrannical",Arorua,Paladin,Retribution,dps,Arygos
1546,328.8,302452302,10,Mists of Tirna Scithe,2024-10-24T09:05:17.000Z,1446506,1890999,2,"Xal'atath's Bargain: Ascendant, Fortified, Challenger's Peril, Tyrannical",Munchkin,Hunter,Beast Mastery,dps,World Tree
1546,328.8,302452302,10,Mists of Tirna Scithe,2024-10-24T09:05:17.000Z,1446506,1890999,2,"Xal'atath's Bargain: Ascendant, Fortified, Challenger's Peril, Tyrannical",Aspen,Demon Hunter,Havoc,dps,Arygos
1547,328.8,303385045,10,Mists of Tirna Scithe,2024-10-27T15:30:43.000Z,1446964,1890999,2,"Xal'atath's Bargain: Ascendant, Fortified, Challenger's Peril, Tyrannical",聖血騎士,Paladin,Retribution,dps,Chillwind Point
1547,328.8,303385045,10,Mists of Tirna Scithe,2024-10-27T15:30:43.000Z,1446964,1890999,2,"Xal'atath's Bargain: Ascendant, Fortified, Challenger's Peril, Tyrannical",吃老衲一棒,Monk,Mistweaver,healer,Icecrown
1547,328.8,303385045,10,Mists of Tirna Scithe,2024-10-27T15:30:43.000Z,1446964,1890999,2,"Xal'atath's Bargain: Ascendant, Fortified, Challenger's Peril, Tyrannical",火焰之槍,Warrior,Protection,tank,Chillwind Point
1547,328.8,303385045,10,Mists of Tirna Scithe,2024-10-27T15:30:43.000Z,1446964,1890999,2,"Xal'atath's Bargain: Ascendant, Fortified, Challenger's Peril, Tyrannical",桐生可可,Evoker,Augmentation,dps,Chillwind Point
1547,328.8,303385045,10,Mists of Tirna Scithe,2024-10-27T15:30:43.000Z,1446964,1890999,2,"Xal'atath's Bargain: Ascendant, Fortified, Challenger's Peril, Tyrannical",Mugenshaman,Shaman,Enhancement,dps,Silverwing Hold
1548,328.8,308259829,10,Mists of Tirna Scithe,2024-11-20T10:32:43.000Z,1446977,1890999,2,"Xal'atath's Bargain: Ascendant, Tyrannical, Challenger's Peril, Fortified",小腐女,Paladin,Retribution,dps,Frostmane
1548,328.8,308259829,10,Mists of Tirna Scithe,2024-11-20T10:32:43.000Z,1446977,1890999,2,"Xal'atath's Bargain: Ascendant, Tyrannical, Challenger's Peril, Fortified",獵人完結篇,Shaman,Enhancement,dps,Arthas
1548,328.8,308259829,10,Mists of Tirna Scithe,2024-11-20T10:32:43.000Z,1446977,1890999,2,"Xal'atath's Bargain: Ascendant, Tyrannical, Challenger's Peril, Fortified",死牛,Death Knight,Frost,dps,Whisperwind
1548,328.8,308259829,10,Mists of Tirna Scithe,2024-11-20T10:32:43.000Z,1446977,1890999,2,"Xal'atath's Bargain: Ascendant, Tyrannical, Challenger's Peril, Fortified",蒟蒻芋圓,Monk,Brewmaster,tank,Sundown Marsh
1548,328.8,308259829,10,Mists of Tirna Scithe,2024-11-20T10:32:43.000Z,1446977,1890999,2,"Xal'atath's Bargain: Ascendant, Tyrannical, Challenger's Peril, Fortified",喬巴衛門,Shaman,Restoration,healer,Quel'dorei
1549,328.8,303117694,10,Mists of Tirna Scithe,2024-10-27T05:04:06.000Z,1447156,1890999,2,"Xal'atath's Bargain: Ascendant, Fortified, Challenger's Peril, Tyrannical",熾天雨,Warlock,Demonology,dps,Sundown Marsh
1549,328.8,303117694,10,Mists of Tirna Scithe,2024-10-27T05:04:06.000Z,1447156,1890999,2,"Xal'atath's Bargain: Ascendant, Fortified, Challenger's Peril, Tyrannical",戰嵐之翼-56894619,Paladin,Retribution,dps,Sundown Marsh
1549,328.8,303117694,10,Mists of Tirna Scithe,2024-10-27T05:04:06.000Z,1447156,1890999,2,"Xal'atath's Bargain: Ascendant, Fortified, Challenger's Peril, Tyrannical",新農街喉嚨癢,Evoker,Preservation,healer,Sundown Marsh
1549,328.8,303117694,10,Mists of Tirna Scithe,2024-10-27T05:04:06.000Z,1447156,1890999,2,"Xal'atath's Bargain: Ascendant, Fortified, Challenger's Peril, Tyrannical",死于八月,Death Knight,Blood,tank,Krol Blade
1549,328.8,303117694,10,Mists of Tirna Scithe,2024-10-27T05:04:06.000Z,1447156,1890999,2,"Xal'atath's Bargain: Ascendant, Fortified, Challenger's Peril, Tyrannical",時間沖淡一切,Hunter,Marksmanship,dps,Zealot Blade
1550,328.8,221924691,10,Mists of Tirna Scithe,2024-11-14T14:36:57.000Z,1447272,1890999,2,"Xal'atath's Bargain: Ascendant, Tyrannical, Challenger's Peril, Fortified",海派兔,Demon Hunter,Vengeance,tank,Frostmane
1550,328.8,221924691,10,Mists of Tirna Scithe,2024-11-14T14:36:57.000Z,1447272,1890999,2,"Xal'atath's Bargain: Ascendant, Tyrannical, Challenger's Peril, Fortified",Bluewhale,Hunter,Beast Mastery,dps,Frostmane
1550,328.8,221924691,10,Mists of Tirna Scithe,2024-11-14T14:36:57.000Z,1447272,1890999,2,"Xal'atath's Bargain: Ascendant, Tyrannical, Challenger's Peril, Fortified",我要上成大,Death Knight,Frost,dps,Frostmane
1550,328.8,221924691,10,Mists of Tirna Scithe,2024-11-14T14:36:57.000Z,1447272,1890999,2,"Xal'atath's Bargain: Ascendant, Tyrannical, Challenger's Peril, Fortified",比祈,Monk,Mistweaver,healer,Frostmane
1550,328.8,221924691,10,Mists of Tirna Scithe,2024-11-14T14:36:57.000Z,1447272,1890999,2,"Xal'atath's Bargain: Ascendant, Tyrannical, Challenger's Peril, Fortified",龍夕里拉,Evoker,Devastation,dps,Frostmane
1551,328.8,303221107,10,Mists of Tirna Scithe,2024-10-27T16:43:49.000Z,1447380,1890999,2,"Xal'atath's Bargain: Ascendant, Fortified, Challenger's Peril, Tyrannical",風姿花舞,Warrior,Protection,tank,Nightsong
1551,328.8,303221107,10,Mists of Tirna Scithe,2024-10-27T16:43:49.000Z,1447380,1890999,2,"Xal'atath's Bargain: Ascendant, Fortified, Challenger's Peril, Tyrannical",專殺小動物,Hunter,Beast Mastery,dps,Nightsong
1551,328.8,303221107,10,Mists of Tirna Scithe,2024-10-27T16:43:49.000Z,1447380,1890999,2,"Xal'atath's Bargain: Ascendant, Fortified, Challenger's Peril, Tyrannical",鳳魚,Shaman,Restoration,healer,Nightsong
1551,328.8,303221107,10,Mists of Tirna Scithe,2024-10-27T16:43:49.000Z,1447380,1890999,2,"Xal'atath's Bargain: Ascendant, Fortified, Challenger's Peril, Tyrannical",Nekoslave,Paladin,Retribution,dps,Nightsong
1551,328.8,303221107,10,Mists of Tirna Scithe,2024-10-27T16:43:49.000Z,1447380,1890999,2,"Xal'atath's Bargain: Ascendant, Fortified, Challenger's Peril, Tyrannical",Clifshaman,Shaman,Elemental,dps,Nightsong
1552,328.8,307344209,10,Mists of Tirna Scithe,2024-11-15T17:48:59.000Z,1447481,1890999,2,"Xal'atath's Bargain: Ascendant, Tyrannical, Challenger's Peril, Fortified",梵雲翼,Mage,Frost,dps,Shadowmoon
1552,328.8,307344209,10,Mists of Tirna Scithe,2024-11-15T17:48:59.000Z,1447481,1890999,2,"Xal'atath's Bargain: Ascendant, Tyrannical, Challenger's Peril, Fortified",朵朵的小豬豬,Hunter,Survival,dps,Whisperwind
1552,328.8,307344209,10,Mists of Tirna Scithe,2024-11-15T17:48:59.000Z,1447481,1890999,2,"Xal'atath's Bargain: Ascendant, Tyrannical, Challenger's Peril, Fortified",尤文,Priest,Discipline,healer,Whisperwind
1552,328.8,307344209,10,Mists of Tirna Scithe,2024-11-15T17:48:59.000Z,1447481,1890999,2,"Xal'atath's Bargain: Ascendant, Tyrannical, Challenger's Peril, Fortified",Elapse,Death Knight,Blood,tank,Shadowmoon
1552,328.8,307344209,10,Mists of Tirna Scithe,2024-11-15T17:48:59.000Z,1447481,1890999,2,"Xal'atath's Bargain: Ascendant, Tyrannical, Challenger's Peril, Fortified",钵钵猎,Hunter,Survival,dps,Whisperwind
1553,328.8,307927426,10,Mists of Tirna Scithe,2024-11-18T16:26:17.000Z,1447596,1890999,2,"Xal'atath's Bargain: Ascendant, Tyrannical, Challenger's Peril, Fortified",五月花,Demon Hunter,Havoc,dps,Quel'dorei
1553,328.8,307927426,10,Mists of Tirna Scithe,2024-11-18T16:26:17.000Z,1447596,1890999,2,"Xal'atath's Bargain: Ascendant, Tyrannical, Challenger's Peril, Fortified",井澤靜江,Hunter,Marksmanship,dps,Shadowmoon
1553,328.8,307927426,10,Mists of Tirna Scithe,2024-11-18T16:26:17.000Z,1447596,1890999,2,"Xal'atath's Bargain: Ascendant, Tyrannical, Challenger's Peril, Fortified",五柱擎天,Shaman,Restoration,healer,Sundown Marsh
1553,328.8,307927426,10,Mists of Tirna Scithe,2024-11-18T16:26:17.000Z,1447596,1890999,2,"Xal'atath's Bargain: Ascendant, Tyrannical, Challenger's Peril, Fortified",張波波,Warrior,Arms,dps,Shadowmoon
1553,328.8,307927426,10,Mists of Tirna Scithe,2024-11-18T16:26:17.000Z,1447596,1890999,2,"Xal'atath's Bargain: Ascendant, Tyrannical, Challenger's Peril, Fortified",珍珠丸,Paladin,Protection,tank,Shadowmoon
1554,328.8,307500944,10,Mists of Tirna Scithe,2024-11-16T14:58:25.000Z,1447801,1890999,2,"Xal'atath's Bargain: Ascendant, Tyrannical, Challenger's Peril, Fortified",綝兒,Warlock,Destruction,dps,Dragonmaw
1554,328.8,307500944,10,Mists of Tirna Scithe,2024-11-16T14:58:25.000Z,1447801,1890999,2,"Xal'atath's Bargain: Ascendant, Tyrannical, Challenger's Peril, Fortified",燕熙,Shaman,Restoration,healer,Arygos
1554,328.8,307500944,10,Mists of Tirna Scithe,2024-11-16T14:58:25.000Z,1447801,1890999,2,"Xal'atath's Bargain: Ascendant, Tyrannical, Challenger's Peril, Fortified",寂靜的冬天,Rogue,Assassination,dps,Dragonmaw
1554,328.8,307500944,10,Mists of Tirna Scithe,2024-11-16T14:58:25.000Z,1447801,1890999,2,"Xal'atath's Bargain: Ascendant, Tyrannical, Challenger's Peril, Fortified",德國骨科,Monk,Brewmaster,tank,Nightsong
1554,328.8,307500944,10,Mists of Tirna Scithe,2024-11-16T14:58:25.000Z,1447801,1890999,2,"Xal'atath's Bargain: Ascendant, Tyrannical, Challenger's Peril, Fortified",璘璘珊珊,Hunter,Marksmanship,dps,Whisperwind
1555,328.8,307134464,10,Mists of Tirna Scithe,2024-11-14T09:18:54.000Z,1447874,1890999,2,"Xal'atath's Bargain: Ascendant, Tyrannical, Challenger's Peril, Fortified",Mageelf,Mage,Arcane,dps,Icecrown
1555,328.8,307134464,10,Mists of Tirna Scithe,2024-11-14T09:18:54.000Z,1447874,1890999,2,"Xal'atath's Bargain: Ascendant, Tyrannical, Challenger's Peril, Fortified",哈仵搞,Hunter,Survival,dps,Crystalpine Stinger
1555,328.8,307134464,10,Mists of Tirna Scithe,2024-11-14T09:18:54.000Z,1447874,1890999,2,"Xal'atath's Bargain: Ascendant, Tyrannical, Challenger's Peril, Fortified",跪下唱征服,Shaman,Restoration,healer,Nightsong
1555,328.8,307134464,10,Mists of Tirna Scithe,2024-11-14T09:18:54.000Z,1447874,1890999,2,"Xal'atath's Bargain: Ascendant, Tyrannical, Challenger's Peril, Fortified",派对动物,Paladin,Retribution,dps,Nightsong
1555,328.8,307134464,10,Mists of Tirna Scithe,2024-11-14T09:18:54.000Z,1447874,1890999,2,"Xal'atath's Bargain: Ascendant, Tyrannical, Challenger's Peril, Fortified",三流哈士奇,Paladin,Protection,tank,Arthas
1556,328.8,303629675,10,Mists of Tirna Scithe,2024-10-29T12:30:19.000Z,1447914,1890999,2,"Xal'atath's Bargain: Ascendant, Fortified, Challenger's Peril, Tyrannical",平淡舜,Druid,Restoration,healer,Nightsong
1556,328.8,303629675,10,Mists of Tirna Scithe,2024-10-29T12:30:19.000Z,1447914,1890999,2,"Xal'atath's Bargain: Ascendant, Fortified, Challenger's Peril, Tyrannical",観暮雨,Rogue,Assassination,dps,Nightsong
1556,328.8,303629675,10,Mists of Tirna Scithe,2024-10-29T12:30:19.000Z,1447914,1890999,2,"Xal'atath's Bargain: Ascendant, Fortified, Challenger's Peril, Tyrannical",Devilpisces,Druid,Balance,dps,Quel'dorei
1556,328.8,303629675,10,Mists of Tirna Scithe,2024-10-29T12:30:19.000Z,1447914,1890999,2,"Xal'atath's Bargain: Ascendant, Fortified, Challenger's Peril, Tyrannical",噬星,Demon Hunter,Vengeance,tank,Nightsong
1556,328.8,303629675,10,Mists of Tirna Scithe,2024-10-29T12:30:19.000Z,1447914,1890999,2,"Xal'atath's Bargain: Ascendant, Fortified, Challenger's Peril, Tyrannical",武武,Evoker,Devastation,dps,Sundown Marsh
1557,328.8,302442284,10,Mists of Tirna Scithe,2024-10-24T06:51:16.000Z,1448479,1890999,2,"Xal'atath's Bargain: Ascendant, Fortified, Challenger's Peril, Tyrannical",小飛電,Shaman,Elemental,dps,Sundown Marsh
1557,328.8,302442284,10,Mists of Tirna Scithe,2024-10-24T06:51:16.000Z,1448479,1890999,2,"Xal'atath's Bargain: Ascendant, Fortified, Challenger's Peril, Tyrannical",贊達拉符文刃,Death Knight,Blood,tank,Sundown Marsh
1557,328.8,302442284,10,Mists of Tirna Scithe,2024-10-24T06:51:16.000Z,1448479,1890999,2,"Xal'atath's Bargain: Ascendant, Fortified, Challenger's Peril, Tyrannical",紫菜肉鬆夾餅,Hunter,Survival,dps,Sundown Marsh
1557,328.8,302442284,10,Mists of Tirna Scithe,2024-10-24T06:51:16.000Z,1448479,1890999,2,"Xal'atath's Bargain: Ascendant, Fortified, Challenger's Peril, Tyrannical",Pokacchu,Priest,Holy,healer,Demon Fall Canyon
1557,328.8,302442284,10,Mists of Tirna Scithe,2024-10-24T06:51:16.000Z,1448479,1890999,2,"Xal'atath's Bargain: Ascendant, Fortified, Challenger's Peril, Tyrannical",打你在地上,Druid,Balance,dps,Crystalpine Stinger
1558,328.8,303192980,10,Mists of Tirna Scithe,2024-10-27T14:40:59.000Z,1448630,1890999,2,"Xal'atath's Bargain: Ascendant, Fortified, Challenger's Peril, Tyrannical",Nihilista,Paladin,Retribution,dps,Demon Fall Canyon
1558,328.8,303192980,10,Mists of Tirna Scithe,2024-10-27T14:40:59.000Z,1448630,1890999,2,"Xal'atath's Bargain: Ascendant, Fortified, Challenger's Peril, Tyrannical",劍心,Warrior,Protection,tank,Arthas
1558,328.8,303192980,10,Mists of Tirna Scithe,2024-10-27T14:40:59.000Z,1448630,1890999,2,"Xal'atath's Bargain: Ascendant, Fortified, Challenger's Peril, Tyrannical",艾文,Paladin,Retribution,dps,Shadowmoon
1558,328.8,303192980,10,Mists of Tirna Scithe,2024-10-27T14:40:59.000Z,1448630,1890999,2,"Xal'atath's Bargain: Ascendant, Fortified, Challenger's Peril, Tyrannical",貓咪薩滿,Shaman,Restoration,healer,Arthas
1558,328.8,303192980,10,Mists of Tirna Scithe,2024-10-27T14:40:59.000Z,1448630,1890999,2,"Xal'atath's Bargain: Ascendant, Fortified, Challenger's Peril, Tyrannical",Ezraz,Druid,Balance,dps,Shadowmoon
1559,328.8,303401803,10,Mists of Tirna Scithe,2024-10-28T09:59:02.000Z,1448877,1890999,2,"Xal'atath's Bargain: Ascendant, Fortified, Challenger's Peril, Tyrannical",Guyuan,Hunter,Survival,dps,Sundown Marsh
1559,328.8,303401803,10,Mists of Tirna Scithe,2024-10-28T09:59:02.000Z,1448877,1890999,2,"Xal'atath's Bargain: Ascendant, Fortified, Challenger's Peril, Tyrannical",卡茲咚,Mage,Frost,dps,Sundown Marsh
1559,328.8,303401803,10,Mists of Tirna Scithe,2024-10-28T09:59:02.000Z,1448877,1890999,2,"Xal'atath's Bargain: Ascendant, Fortified, Challenger's Peril, Tyrannical",悠娜,Shaman,Restoration,healer,Bleeding Hollow
1559,328.8,303401803,10,Mists of Tirna Scithe,2024-10-28T09:59:02.000Z,1448877,1890999,2,"Xal'atath's Bargain: Ascendant, Fortified, Challenger's Peril, Tyrannical",阿希爾,Paladin,Retribution,dps,Quel'dorei
1559,328.8,303401803,10,Mists of Tirna Scithe,2024-10-28T09:59:02.000Z,1448877,1890999,2,"Xal'atath's Bargain: Ascendant, Fortified, Challenger's Peril, Tyrannical",似影沉光-227121703,Paladin,Protection,tank,Sundown Marsh
1560,328.8,302948158,10,Mists of Tirna Scithe,2024-10-26T15:05:03.000Z,1449372,1890999,2,"Xal'atath's Bargain: Ascendant, Fortified, Challenger's Peril, Tyrannical",一賽亞人一,Warrior,Protection,tank,Icecrown
1560,328.8,302948158,10,Mists of Tirna Scithe,2024-10-26T15:05:03.000Z,1449372,1890999,2,"Xal'atath's Bargain: Ascendant, Fortified, Challenger's Peril, Tyrannical",光鑄楊爸爸,Paladin,Retribution,dps,Whisperwind
1560,328.8,302948158,10,Mists of Tirna Scithe,2024-10-26T15:05:03.000Z,1449372,1890999,2,"Xal'atath's Bargain: Ascendant, Fortified, Challenger's Peril, Tyrannical",Jcdzz,Priest,Shadow,dps,Nightsong
1560,328.8,302948158,10,Mists of Tirna Scithe,2024-10-26T15:05:03.000Z,1449372,1890999,2,"Xal'atath's Bargain: Ascendant, Fortified, Challenger's Peril, Tyrannical",Kannakamuy,Evoker,Preservation,healer,Demon Fall Canyon
1560,328.8,302948158,10,Mists of Tirna Scithe,2024-10-26T15:05:03.000Z,1449372,1890999,2,"Xal'atath's Bargain: Ascendant, Fortified, Challenger's Peril, Tyrannical",Kinz,Shaman,Enhancement,dps,Sundown Marsh
1561,328.8,303190321,10,Mists of Tirna Scithe,2024-10-27T14:15:14.000Z,1449502,1890999,2,"Xal'atath's Bargain: Ascendant, Fortified, Challenger's Peril, Tyrannical",白爛熊,Druid,Guardian,tank,Frostmane
1561,328.8,303190321,10,Mists of Tirna Scithe,2024-10-27T14:15:14.000Z,1449502,1890999,2,"Xal'atath's Bargain: Ascendant, Fortified, Challenger's Peril, Tyrannical",塔魯黑角,Shaman,Enhancement,dps,Frostmane
1561,328.8,303190321,10,Mists of Tirna Scithe,2024-10-27T14:15:14.000Z,1449502,1890999,2,"Xal'atath's Bargain: Ascendant, Fortified, Challenger's Peril, Tyrannical",Balberith,Rogue,Outlaw,dps,Frostmane
1561,328.8,303190321,10,Mists of Tirna Scithe,2024-10-27T14:15:14.000Z,1449502,1890999,2,"Xal'atath's Bargain: Ascendant, Fortified, Challenger's Peril, Tyrannical",缺德不缺德,Druid,Balance,dps,Order of the Cloud Serpent
1561,328.8,303190321,10,Mists of Tirna Scithe,2024-10-27T14:15:14.000Z,1449502,1890999,2,"Xal'atath's Bargain: Ascendant, Fortified, Challenger's Peril, Tyrannical",僧唬妳,Monk,Mistweaver,healer,Frostmane
1562,328.8,307293715,10,Mists of Tirna Scithe,2024-11-15T09:44:57.000Z,1449543,1890999,2,"Xal'atath's Bargain: Ascendant, Tyrannical, Challenger's Peril, Fortified",狼君太王,Hunter,Beast Mastery,dps,Skywall
1562,328.8,307293715,10,Mists of Tirna Scithe,2024-11-15T09:44:57.000Z,1449543,1890999,2,"Xal'atath's Bargain: Ascendant, Tyrannical, Challenger's Peril, Fortified",夏爾蘿,Rogue,Assassination,dps,Arygos
1562,328.8,307293715,10,Mists of Tirna Scithe,2024-11-15T09:44:57.000Z,1449543,1890999,2,"Xal'atath's Bargain: Ascendant, Tyrannical, Challenger's Peril, Fortified",贊達拉符文刃,Death Knight,Blood,tank,Sundown Marsh
1562,328.8,307293715,10,Mists of Tirna Scithe,2024-11-15T09:44:57.000Z,1449543,1890999,2,"Xal'atath's Bargain: Ascendant, Tyrannical, Challenger's Peril, Fortified",Rerollprisst,Priest,Holy,healer,Wrathbringer
1562,328.8,307293715,10,Mists of Tirna Scithe,2024-11-15T09:44:57.000Z,1449543,1890999,2,"Xal'atath's Bargain: Ascendant, Tyrannical, Challenger's Peril, Fortified",Cecily,Warlock,Demonology,dps,Shadowmoon
1563,328.8,303136734,10,Mists of Tirna Scithe,2024-10-27T08:18:05.000Z,1449615,1890999,2,"Xal'atath's Bargain: Ascendant, Fortified, Challenger's Peril, Tyrannical",諾茲瑟拉,Evoker,Augmentation,dps,Arygos
1563,328.8,303136734,10,Mists of Tirna Scithe,2024-10-27T08:18:05.000Z,1449615,1890999,2,"Xal'atath's Bargain: Ascendant, Fortified, Challenger's Peril, Tyrannical",舞風舒華,Monk,Windwalker,dps,Arygos
1563,328.8,303136734,10,Mists of Tirna Scithe,2024-10-27T08:18:05.000Z,1449615,1890999,2,"Xal'atath's Bargain: Ascendant, Fortified, Challenger's Peril, Tyrannical",比司姬-195690145,Druid,Guardian,tank,Arygos
1563,328.8,303136734,10,Mists of Tirna Scithe,2024-10-27T08:18:05.000Z,1449615,1890999,2,"Xal'atath's Bargain: Ascendant, Fortified, Challenger's Peril, Tyrannical",機八僧,Monk,Windwalker,dps,World Tree
1563,328.8,303136734,10,Mists of Tirna Scithe,2024-10-27T08:18:05.000Z,1449615,1890999,2,"Xal'atath's Bargain: Ascendant, Fortified, Challenger's Peril, Tyrannical",Bydp,Priest,Discipline,healer,Frostmane
1564,328.8,307992039,10,Mists of Tirna Scithe,2024-11-18T15:52:29.000Z,1449625,1890999,2,"Xal'atath's Bargain: Ascendant, Tyrannical, Challenger's Peril, Fortified",永恒的剎,Shaman,Restoration,healer,Sundown Marsh
1564,328.8,307992039,10,Mists of Tirna Scithe,2024-11-18T15:52:29.000Z,1449625,1890999,2,"Xal'atath's Bargain: Ascendant, Tyrannical, Challenger's Peril, Fortified",佛朗吉,Paladin,Retribution,dps,Wrathbringer
1564,328.8,307992039,10,Mists of Tirna Scithe,2024-11-18T15:52:29.000Z,1449625,1890999,2,"Xal'atath's Bargain: Ascendant, Tyrannical, Challenger's Peril, Fortified",淚妮,Paladin,Protection,tank,Chillwind Point
1564,328.8,307992039,10,Mists of Tirna Scithe,2024-11-18T15:52:29.000Z,1449625,1890999,2,"Xal'atath's Bargain: Ascendant, Tyrannical, Challenger's Peril, Fortified",文山,Mage,Frost,dps,Wrathbringer
1564,328.8,307992039,10,Mists of Tirna Scithe,2024-11-18T15:52:29.000Z,1449625,1890999,2,"Xal'atath's Bargain: Ascendant, Tyrannical, Challenger's Peril, Fortified",Pokerpoker,Death Knight,Unholy,dps,Wrathbringer
1565,328.7,303202563,10,Mists of Tirna Scithe,2024-10-27T13:17:04.000Z,1449847,1890999,2,"Xal'atath's Bargain: Ascendant, Fortified, Challenger's Peril, Tyrannical",Kivat,Death Knight,Frost,dps,Arthas
1565,328.7,303202563,10,Mists of Tirna Scithe,2024-10-27T13:17:04.000Z,1449847,1890999,2,"Xal'atath's Bargain: Ascendant, Fortified, Challenger's Peril, Tyrannical",寒梅映雪,Mage,Frost,dps,Zealot Blade
1565,328.7,303202563,10,Mists of Tirna Scithe,2024-10-27T13:17:04.000Z,1449847,1890999,2,"Xal'atath's Bargain: Ascendant, Fortified, Challenger's Peril, Tyrannical",伊漠,Death Knight,Blood,tank,Hellscream
1565,328.7,303202563,10,Mists of Tirna Scithe,2024-10-27T13:17:04.000Z,1449847,1890999,2,"Xal'atath's Bargain: Ascendant, Fortified, Challenger's Peril, Tyrannical",噩夢巧克力,Druid,Restoration,healer,Arthas
1565,328.7,303202563,10,Mists of Tirna Scithe,2024-10-27T13:17:04.000Z,1449847,1890999,2,"Xal'atath's Bargain: Ascendant, Fortified, Challenger's Peril, Tyrannical",混搭綿羊,Death Knight,Frost,dps,Arthas
1566,328.7,303334594,10,Mists of Tirna Scithe,2024-10-27T13:31:27.000Z,1450162,1890999,2,"Xal'atath's Bargain: Ascendant, Fortified, Challenger's Peril, Tyrannical",快樂龍,Evoker,Augmentation,dps,Crystalpine Stinger
1566,328.7,303334594,10,Mists of Tirna Scithe,2024-10-27T13:31:27.000Z,1450162,1890999,2,"Xal'atath's Bargain: Ascendant, Fortified, Challenger's Peril, Tyrannical",三色杯,Death Knight,Blood,tank,Crystalpine Stinger
1566,328.7,303334594,10,Mists of Tirna Scithe,2024-10-27T13:31:27.000Z,1450162,1890999,2,"Xal'atath's Bargain: Ascendant, Fortified, Challenger's Peril, Tyrannical",拉卡尼休,Paladin,Retribution,dps,Wrathbringer
1566,328.7,303334594,10,Mists of Tirna Scithe,2024-10-27T13:31:27.000Z,1450162,1890999,2,"Xal'atath's Bargain: Ascendant, Fortified, Challenger's Peril, Tyrannical",長期素食,Shaman,Restoration,healer,Crystalpine Stinger
1566,328.7,303334594,10,Mists of Tirna Scithe,2024-10-27T13:31:27.000Z,1450162,1890999,2,"Xal'atath's Bargain: Ascendant, Fortified, Challenger's Peril, Tyrannical",假面,Rogue,Assassination,dps,Crystalpine Stinger
1567,328.7,303239142,10,Mists of Tirna Scithe,2024-10-27T18:10:56.000Z,1450192,1890999,2,"Xal'atath's Bargain: Ascendant, Fortified, Challenger's Peril, Tyrannical",昊絕,Paladin,Holy,healer,Quel'dorei
1567,328.7,303239142,10,Mists of Tirna Scithe,2024-10-27T18:10:56.000Z,1450192,1890999,2,"Xal'atath's Bargain: Ascendant, Fortified, Challenger's Peril, Tyrannical",菈丁,Demon Hunter,Havoc,dps,Zealot Blade
1567,328.7,303239142,10,Mists of Tirna Scithe,2024-10-27T18:10:56.000Z,1450192,1890999,2,"Xal'atath's Bargain: Ascendant, Fortified, Challenger's Peril, Tyrannical",Mejumpdk,Death Knight,Blood,tank,Shadowmoon
1567,328.7,303239142,10,Mists of Tirna Scithe,2024-10-27T18:10:56.000Z,1450192,1890999,2,"Xal'atath's Bargain: Ascendant, Fortified, Challenger's Peril, Tyrannical",一鬼若一,Warrior,Fury,dps,Sundown Marsh
1567,328.7,303239142,10,Mists of Tirna Scithe,2024-10-27T18:10:56.000Z,1450192,1890999,2,"Xal'atath's Bargain: Ascendant, Fortified, Challenger's Peril, Tyrannical",Kimkimsm,Shaman,Elemental,dps,Shadowmoon
1568,328.7,307461130,10,Mists of Tirna Scithe,2024-11-16T06:40:00.000Z,1450315,1890999,2,"Xal'atath's Bargain: Ascendant, Tyrannical, Challenger's Peril, Fortified",肯德基上將,Paladin,Retribution,dps,Zealot Blade
1568,328.7,307461130,10,Mists of Tirna Scithe,2024-11-16T06:40:00.000Z,1450315,1890999,2,"Xal'atath's Bargain: Ascendant, Tyrannical, Challenger's Peril, Fortified",還是玩,Priest,Discipline,healer,Whisperwind
1568,328.7,307461130,10,Mists of Tirna Scithe,2024-11-16T06:40:00.000Z,1450315,1890999,2,"Xal'atath's Bargain: Ascendant, Tyrannical, Challenger's Peril, Fortified",伊蕾托,Priest,Shadow,dps,Whisperwind
1568,328.7,307461130,10,Mists of Tirna Scithe,2024-11-16T06:40:00.000Z,1450315,1890999,2,"Xal'atath's Bargain: Ascendant, Tyrannical, Challenger's Peril, Fortified",艾拉維莎,Hunter,Survival,dps,Whisperwind
1568,328.7,307461130,10,Mists of Tirna Scithe,2024-11-16T06:40:00.000Z,1450315,1890999,2,"Xal'atath's Bargain: Ascendant, Tyrannical, Challenger's Peril, Fortified",看我七十二變,Druid,Guardian,tank,Light's Hope
1569,328.7,307991903,10,Mists of Tirna Scithe,2024-11-18T15:14:43.000Z,1450321,1890999,2,"Xal'atath's Bargain: Ascendant, Tyrannical, Challenger's Peril, Fortified",絳月心,Shaman,Restoration,healer,Whisperwind
1569,328.7,307991903,10,Mists of Tirna Scithe,2024-11-18T15:14:43.000Z,1450321,1890999,2,"Xal'atath's Bargain: Ascendant, Tyrannical, Challenger's Peril, Fortified",小溫溫,Paladin,Retribution,dps,Arygos
1569,328.7,307991903,10,Mists of Tirna Scithe,2024-11-18T15:14:43.000Z,1450321,1890999,2,"Xal'atath's Bargain: Ascendant, Tyrannical, Challenger's Peril, Fortified",香辣雞翅,Death Knight,Frost,dps,Whisperwind
1569,328.7,307991903,10,Mists of Tirna Scithe,2024-11-18T15:14:43.000Z,1450321,1890999,2,"Xal'atath's Bargain: Ascendant, Tyrannical, Challenger's Peril, Fortified",菊花業障重,Rogue,Outlaw,dps,Arygos
1569,328.7,307991903,10,Mists of Tirna Scithe,2024-11-18T15:14:43.000Z,1450321,1890999,2,"Xal'atath's Bargain: Ascendant, Tyrannical, Challenger's Peril, Fortified",Eason,Paladin,Protection,tank,Bleeding Hollow
1570,328.7,307312614,10,Mists of Tirna Scithe,2024-11-15T14:24:13.000Z,1450367,1890999,2,"Xal'atath's Bargain: Ascendant, Tyrannical, Challenger's Peril, Fortified",明宗居士,Priest,Holy,healer,Shadowmoon
1570,328.7,307312614,10,Mists of Tirna Scithe,2024-11-15T14:24:13.000Z,1450367,1890999,2,"Xal'atath's Bargain: Ascendant, Tyrannical, Challenger's Peril, Fortified",恍惚尐尐偽,Warrior,Protection,tank,Shadowmoon
1570,328.7,307312614,10,Mists of Tirna Scithe,2024-11-15T14:24:13.000Z,1450367,1890999,2,"Xal'atath's Bargain: Ascendant, Tyrannical, Challenger's Peril, Fortified",源源小寶寶,Warlock,Destruction,dps,Shadowmoon
1570,328.7,307312614,10,Mists of Tirna Scithe,2024-11-15T14:24:13.000Z,1450367,1890999,2,"Xal'atath's Bargain: Ascendant, Tyrannical, Challenger's Peril, Fortified",英純太后,Rogue,Assassination,dps,Shadowmoon
1570,328.7,307312614,10,Mists of Tirna Scithe,2024-11-15T14:24:13.000Z,1450367,1890999,2,"Xal'atath's Bargain: Ascendant, Tyrannical, Challenger's Peril, Fortified",苦命阿勞,Shaman,Enhancement,dps,Quel'dorei
1571,328.7,308297236,10,Mists of Tirna Scithe,2024-11-20T15:47:22.000Z,1450891,1890999,2,"Xal'atath's Bargain: Ascendant, Tyrannical, Challenger's Peril, Fortified",禁忌布丁,Warlock,Destruction,dps,Shadowmoon
1571,328.7,308297236,10,Mists of Tirna Scithe,2024-11-20T15:47:22.000Z,1450891,1890999,2,"Xal'atath's Bargain: Ascendant, Tyrannical, Challenger's Peril, Fortified",喵兒朵朵,Mage,Frost,dps,Whisperwind
1571,328.7,308297236,10,Mists of Tirna Scithe,2024-11-20T15:47:22.000Z,1450891,1890999,2,"Xal'atath's Bargain: Ascendant, Tyrannical, Challenger's Peril, Fortified",Evelyn,Demon Hunter,Vengeance,tank,Icecrown
1571,328.7,308297236,10,Mists of Tirna Scithe,2024-11-20T15:47:22.000Z,1450891,1890999,2,"Xal'atath's Bargain: Ascendant, Tyrannical, Challenger's Peril, Fortified",赫拉斯瓦爾格,Death Knight,Unholy,dps,Menethil
1571,328.7,308297236,10,Mists of Tirna Scithe,2024-11-20T15:47:22.000Z,1450891,1890999,2,"Xal'atath's Bargain: Ascendant, Tyrannical, Challenger's Peril, Fortified",貼心小棉襖,Monk,Mistweaver,healer,Whisperwind
1572,328.7,302422283,10,Mists of Tirna Scithe,2024-10-24T04:35:12.000Z,1450972,1890999,2,"Xal'atath's Bargain: Ascendant, Fortified, Challenger's Peril, Tyrannical",Jayy,Death Knight,Frost,dps,Arygos
1572,328.7,302422283,10,Mists of Tirna Scithe,2024-10-24T04:35:12.000Z,1450972,1890999,2,"Xal'atath's Bargain: Ascendant, Fortified, Challenger's Peril, Tyrannical",挖咖摸多,Death Knight,Blood,tank,Arygos
1572,328.7,302422283,10,Mists of Tirna Scithe,2024-10-24T04:35:12.000Z,1450972,1890999,2,"Xal'atath's Bargain: Ascendant, Fortified, Challenger's Peril, Tyrannical",咪咪茆茆,Priest,Holy,healer,Arygos
1572,328.7,302422283,10,Mists of Tirna Scithe,2024-10-24T04:35:12.000Z,1450972,1890999,2,"Xal'atath's Bargain: Ascendant, Fortified, Challenger's Peril, Tyrannical",Saruei,Death Knight,Frost,dps,Arygos
1572,328.7,302422283,10,Mists of Tirna Scithe,2024-10-24T04:35:12.000Z,1450972,1890999,2,"Xal'atath's Bargain: Ascendant, Fortified, Challenger's Peril, Tyrannical",Asterina,Warrior,Fury,dps,Arygos
1573,328.7,308129844,10,Mists of Tirna Scithe,2024-11-19T19:29:26.000Z,1451130,1890999,2,"Xal'atath's Bargain: Ascendant, Tyrannical, Challenger's Peril, Fortified",榎昸,Paladin,Retribution,dps,Crystalpine Stinger
1573,328.7,308129844,10,Mists of Tirna Scithe,2024-11-19T19:29:26.000Z,1451130,1890999,2,"Xal'atath's Bargain: Ascendant, Tyrannical, Challenger's Peril, Fortified",亞瑟熊,Paladin,Retribution,dps,Frostmane
1573,328.7,308129844,10,Mists of Tirna Scithe,2024-11-19T19:29:26.000Z,1451130,1890999,2,"Xal'atath's Bargain: Ascendant, Tyrannical, Challenger's Peril, Fortified",僧唬妳,Monk,Mistweaver,healer,Frostmane
1573,328.7,308129844,10,Mists of Tirna Scithe,2024-11-19T19:29:26.000Z,1451130,1890999,2,"Xal'atath's Bargain: Ascendant, Tyrannical, Challenger's Peril, Fortified",Rakka,Evoker,Augmentation,dps,Shadowmoon
1573,328.7,308129844,10,Mists of Tirna Scithe,2024-11-19T19:29:26.000Z,1451130,1890999,2,"Xal'atath's Bargain: Ascendant, Tyrannical, Challenger's Peril, Fortified",不羈的醒與醉,Warrior,Protection,tank,Frostmane
1574,328.7,302704902,10,Mists of Tirna Scithe,2024-10-25T19:29:00.000Z,1451215,1890999,2,"Xal'atath's Bargain: Ascendant, Fortified, Challenger's Peril, Tyrannical",狼焰,Shaman,Elemental,dps,Bleeding Hollow
1574,328.7,302704902,10,Mists of Tirna Scithe,2024-10-25T19:29:00.000Z,1451215,1890999,2,"Xal'atath's Bargain: Ascendant, Fortified, Challenger's Peril, Tyrannical",貧血患者,Death Knight,Frost,dps,Quel'dorei
1574,328.7,302704902,10,Mists of Tirna Scithe,2024-10-25T19:29:00.000Z,1451215,1890999,2,"Xal'atath's Bargain: Ascendant, Fortified, Challenger's Peril, Tyrannical",我給忘了,Paladin,Retribution,dps,Arthas
1574,328.7,302704902,10,Mists of Tirna Scithe,2024-10-25T19:29:00.000Z,1451215,1890999,2,"Xal'atath's Bargain: Ascendant, Fortified, Challenger's Peril, Tyrannical",Vcd,Warrior,Protection,tank,Zealot Blade
1574,328.7,302704902,10,Mists of Tirna Scithe,2024-10-25T19:29:00.000Z,1451215,1890999,2,"Xal'atath's Bargain: Ascendant, Fortified, Challenger's Peril, Tyrannical",肥妹-229866655,Shaman,Restoration,healer,Spirestone
1575,328.7,302456416,10,Mists of Tirna Scithe,2024-10-24T09:55:26.000Z,1451722,1890999,2,"Xal'atath's Bargain: Ascendant, Fortified, Challenger's Peril, Tyrannical",薇妮習筱熊,Warrior,Protection,tank,Arthas
1575,328.7,302456416,10,Mists of Tirna Scithe,2024-10-24T09:55:26.000Z,1451722,1890999,2,"Xal'atath's Bargain: Ascendant, Fortified, Challenger's Peril, Tyrannical",宸宸吃貢丸,Mage,Frost,dps,Skywall
1575,328.7,302456416,10,Mists of Tirna Scithe,2024-10-24T09:55:26.000Z,1451722,1890999,2,"Xal'atath's Bargain: Ascendant, Fortified, Challenger's Peril, Tyrannical",天天自然醒,Shaman,Restoration,healer,Sundown Marsh
1575,328.7,302456416,10,Mists of Tirna Scithe,2024-10-24T09:55:26.000Z,1451722,1890999,2,"Xal'atath's Bargain: Ascendant, Fortified, Challenger's Peril, Tyrannical",乾你娘-229234196,Shaman,Elemental,dps,Arthas
1575,328.7,302456416,10,Mists of Tirna Scithe,2024-10-24T09:55:26.000Z,1451722,1890999,2,"Xal'atath's Bargain: Ascendant, Fortified, Challenger's Peril, Tyrannical",淺若清月-229850362,Paladin,Retribution,dps,Sundown Marsh
1576,328.7,294755718,10,Mists of Tirna Scithe,2024-09-21T06:31:57.000Z,1451736,1890999,2,"Xal'atath's Bargain: Ascendant, Tyrannical, Challenger's Peril, Fortified",新生聖光,Paladin,Holy,healer,Stormscale
1576,328.7,294755718,10,Mists of Tirna Scithe,2024-09-21T06:31:57.000Z,1451736,1890999,2,"Xal'atath's Bargain: Ascendant, Tyrannical, Challenger's Peril, Fortified",乂平心靜氣乂,Hunter,Marksmanship,dps,Nightsong
1576,328.7,294755718,10,Mists of Tirna Scithe,2024-09-21T06:31:57.000Z,1451736,1890999,2,"Xal'atath's Bargain: Ascendant, Tyrannical, Challenger's Peril, Fortified",Jjay,Rogue,Assassination,dps,Arygos
1576,328.7,294755718,10,Mists of Tirna Scithe,2024-09-21T06:31:57.000Z,1451736,1890999,2,"Xal'atath's Bargain: Ascendant, Tyrannical, Challenger's Peril, Fortified",Aspen,Demon Hunter,Havoc,dps,Arygos
1576,328.7,294755718,10,Mists of Tirna Scithe,2024-09-21T06:31:57.000Z,1451736,1890999,2,"Xal'atath's Bargain: Ascendant, Tyrannical, Challenger's Peril, Fortified",我不吃牛肉,Warrior,Protection,tank,Stormscale
1577,328.7,302916190,10,Mists of Tirna Scithe,2024-10-26T11:38:58.000Z,1451855,1890999,2,"Xal'atath's Bargain: Ascendant, Fortified, Challenger's Peril, Tyrannical",壞壞鋼鐵人,Paladin,Retribution,dps,Whisperwind
1577,328.7,302916190,10,Mists of Tirna Scithe,2024-10-26T11:38:58.000Z,1451855,1890999,2,"Xal'atath's Bargain: Ascendant, Fortified, Challenger's Peril, Tyrannical",始王歧視,Death Knight,Unholy,dps,Stormscale
1577,328.7,302916190,10,Mists of Tirna Scithe,2024-10-26T11:38:58.000Z,1451855,1890999,2,"Xal'atath's Bargain: Ascendant, Fortified, Challenger's Peril, Tyrannical",集氣肥鳥,Druid,Balance,dps,Sundown Marsh
1577,328.7,302916190,10,Mists of Tirna Scithe,2024-10-26T11:38:58.000Z,1451855,1890999,2,"Xal'atath's Bargain: Ascendant, Fortified, Challenger's Peril, Tyrannical",伊藤韓伝,Death Knight,Blood,tank,Sundown Marsh
1577,328.7,302916190,10,Mists of Tirna Scithe,2024-10-26T11:38:58.000Z,1451855,1890999,2,"Xal'atath's Bargain: Ascendant, Fortified, Challenger's Peril, Tyrannical",愛心蝦麵,Shaman,Restoration,healer,Skywall
1578,328.7,265261153,10,Mists of Tirna Scithe,2024-10-27T08:50:15.000Z,1451916,1890999,2,"Xal'atath's Bargain: Ascendant, Fortified, Challenger's Peril, Tyrannical",納米斯,Priest,Holy,healer,Light's Hope
1578,328.7,265261153,10,Mists of Tirna Scithe,2024-10-27T08:50:15.000Z,1451916,1890999,2,"Xal'atath's Bargain: Ascendant, Fortified, Challenger's Peril, Tyrannical",席飛斯,Mage,Fire,dps,Sundown Marsh
1578,328.7,265261153,10,Mists of Tirna Scithe,2024-10-27T08:50:15.000Z,1451916,1890999,2,"Xal'atath's Bargain: Ascendant, Fortified, Challenger's Peril, Tyrannical",你洗澡我偷看,Monk,Brewmaster,tank,Demon Fall Canyon
1578,328.7,265261153,10,Mists of Tirna Scithe,2024-10-27T08:50:15.000Z,1451916,1890999,2,"Xal'atath's Bargain: Ascendant, Fortified, Challenger's Peril, Tyrannical",天國殺戮,Warlock,Destruction,dps,Sundown Marsh
1578,328.7,265261153,10,Mists of Tirna Scithe,2024-10-27T08:50:15.000Z,1451916,1890999,2,"Xal'atath's Bargain: Ascendant, Fortified, Challenger's Peril, Tyrannical",阿爾迪斯,Warrior,Fury,dps,Wrathbringer
1579,328.7,308357300,10,Mists of Tirna Scithe,2024-11-20T14:22:26.000Z,1452114,1890999,2,"Xal'atath's Bargain: Ascendant, Tyrannical, Challenger's Peril, Fortified",Boxuan,Hunter,Survival,dps,Sundown Marsh
1579,328.7,308357300,10,Mists of Tirna Scithe,2024-11-20T14:22:26.000Z,1452114,1890999,2,"Xal'atath's Bargain: Ascendant, Tyrannical, Challenger's Peril, Fortified",墮落者雷恩,Demon Hunter,Vengeance,tank,Nightsong
1579,328.7,308357300,10,Mists of Tirna Scithe,2024-11-20T14:22:26.000Z,1452114,1890999,2,"Xal'atath's Bargain: Ascendant, Tyrannical, Challenger's Peril, Fortified",薇妮,Evoker,Preservation,healer,Light's Hope
1579,328.7,308357300,10,Mists of Tirna Scithe,2024-11-20T14:22:26.000Z,1452114,1890999,2,"Xal'atath's Bargain: Ascendant, Tyrannical, Challenger's Peril, Fortified",Nekoslave,Paladin,Retribution,dps,Nightsong
1579,328.7,308357300,10,Mists of Tirna Scithe,2024-11-20T14:22:26.000Z,1452114,1890999,2,"Xal'atath's Bargain: Ascendant, Tyrannical, Challenger's Peril, Fortified",Santhe,Warlock,Destruction,dps,Skywall
1580,328.7,302948159,10,Mists of Tirna Scithe,2024-10-26T15:19:22.000Z,1452317,1890999,2,"Xal'atath's Bargain: Ascendant, Fortified, Challenger's Peril, Tyrannical",中華嬌子,Shaman,Restoration,healer,Crystalpine Stinger
1580,328.7,302948159,10,Mists of Tirna Scithe,2024-10-26T15:19:22.000Z,1452317,1890999,2,"Xal'atath's Bargain: Ascendant, Fortified, Challenger's Peril, Tyrannical",朝露近晨曦,Paladin,Retribution,dps,Dragonmaw
1580,328.7,302948159,10,Mists of Tirna Scithe,2024-10-26T15:19:22.000Z,1452317,1890999,2,"Xal'atath's Bargain: Ascendant, Fortified, Challenger's Peril, Tyrannical",天吶你真騷,Paladin,Protection,tank,Crystalpine Stinger
1580,328.7,302948159,10,Mists of Tirna Scithe,2024-10-26T15:19:22.000Z,1452317,1890999,2,"Xal'atath's Bargain: Ascendant, Fortified, Challenger's Peril, Tyrannical",Ezellohar,Druid,Feral,dps,Quel'dorei
1580,328.7,302948159,10,Mists of Tirna Scithe,2024-10-26T15:19:22.000Z,1452317,1890999,2,"Xal'atath's Bargain: Ascendant, Fortified, Challenger's Peril, Tyrannical",頭文字獵,Hunter,Survival,dps,Silverwing Hold
1581,328.7,308176162,10,Mists of Tirna Scithe,2024-11-19T15:37:06.000Z,1452362,1890999,2,"Xal'atath's Bargain: Ascendant, Tyrannical, Challenger's Peril, Fortified",菁熙,Demon Hunter,Havoc,dps,Dragonmaw
1581,328.7,308176162,10,Mists of Tirna Scithe,2024-11-19T15:37:06.000Z,1452362,1890999,2,"Xal'atath's Bargain: Ascendant, Tyrannical, Challenger's Peril, Fortified",Anon8C2779,Death Knight,Blood,tank,Anonymous
1581,328.7,308176162,10,Mists of Tirna Scithe,2024-11-19T15:37:06.000Z,1452362,1890999,2,"Xal'atath's Bargain: Ascendant, Tyrannical, Challenger's Peril, Fortified",空丘帥,Death Knight,Frost,dps,Dragonmaw
1581,328.7,308176162,10,Mists of Tirna Scithe,2024-11-19T15:37:06.000Z,1452362,1890999,2,"Xal'atath's Bargain: Ascendant, Tyrannical, Challenger's Peril, Fortified",潼兒,Priest,Discipline,healer,Dragonmaw
1581,328.7,308176162,10,Mists of Tirna Scithe,2024-11-19T15:37:06.000Z,1452362,1890999,2,"Xal'atath's Bargain: Ascendant, Tyrannical, Challenger's Peril, Fortified",璘璘珊珊,Hunter,Marksmanship,dps,Whisperwind
1582,328.7,307941727,10,Mists of Tirna Scithe,2024-11-18T16:46:32.000Z,1452425,1890999,2,"Xal'atath's Bargain: Ascendant, Tyrannical, Challenger's Peril, Fortified",呆呆狸,Shaman,Restoration,healer,Arthas
1582,328.7,307941727,10,Mists of Tirna Scithe,2024-11-18T16:46:32.000Z,1452425,1890999,2,"Xal'atath's Bargain: Ascendant, Tyrannical, Challenger's Peril, Fortified",頑皮貓,Warrior,Protection,tank,Whisperwind
1582,328.7,307941727,10,Mists of Tirna Scithe,2024-11-18T16:46:32.000Z,1452425,1890999,2,"Xal'atath's Bargain: Ascendant, Tyrannical, Challenger's Peril, Fortified",令晨,Warlock,Destruction,dps,Shadowmoon
1582,328.7,307941727,10,Mists of Tirna Scithe,2024-11-18T16:46:32.000Z,1452425,1890999,2,"Xal'atath's Bargain: Ascendant, Tyrannical, Challenger's Peril, Fortified",薩筆,Shaman,Elemental,dps,Whisperwind
1582,328.7,307941727,10,Mists of Tirna Scithe,2024-11-18T16:46:32.000Z,1452425,1890999,2,"Xal'atath's Bargain: Ascendant, Tyrannical, Challenger's Peril, Fortified",木糖,Paladin,Retribution,dps,Shadowmoon
1583,328.7,307739031,10,Mists of Tirna Scithe,2024-11-17T11:35:32.000Z,1452499,1890999,2,"Xal'atath's Bargain: Ascendant, Tyrannical, Challenger's Peril, Fortified",三室兩廳,Shaman,Restoration,healer,Crystalpine Stinger
1583,328.7,307739031,10,Mists of Tirna Scithe,2024-11-17T11:35:32.000Z,1452499,1890999,2,"Xal'atath's Bargain: Ascendant, Tyrannical, Challenger's Peril, Fortified",三色杯,Death Knight,Unholy,dps,Crystalpine Stinger
1583,328.7,307739031,10,Mists of Tirna Scithe,2024-11-17T11:35:32.000Z,1452499,1890999,2,"Xal'atath's Bargain: Ascendant, Tyrannical, Challenger's Peril, Fortified",拉卡尼休,Paladin,Protection,tank,Wrathbringer
1583,328.7,307739031,10,Mists of Tirna Scithe,2024-11-17T11:35:32.000Z,1452499,1890999,2,"Xal'atath's Bargain: Ascendant, Tyrannical, Challenger's Peril, Fortified",假面,Rogue,Assassination,dps,Crystalpine Stinger
1583,328.7,307739031,10,Mists of Tirna Scithe,2024-11-17T11:35:32.000Z,1452499,1890999,2,"Xal'atath's Bargain: Ascendant, Tyrannical, Challenger's Peril, Fortified",于楚楚,Paladin,Retribution,dps,Crystalpine Stinger
1584,328.7,303138098,10,Mists of Tirna Scithe,2024-10-27T08:49:21.000Z,1452505,1890999,2,"Xal'atath's Bargain: Ascendant, Fortified, Challenger's Peril, Tyrannical",熊貓韋韋,Monk,Brewmaster,tank,Dragonmaw
1584,328.7,303138098,10,Mists of Tirna Scithe,2024-10-27T08:49:21.000Z,1452505,1890999,2,"Xal'atath's Bargain: Ascendant, Fortified, Challenger's Peril, Tyrannical",湯湯水水,Shaman,Elemental,dps,Bleeding Hollow
1584,328.7,303138098,10,Mists of Tirna Scithe,2024-10-27T08:49:21.000Z,1452505,1890999,2,"Xal'atath's Bargain: Ascendant, Fortified, Challenger's Peril, Tyrannical",北投聖徒,Paladin,Retribution,dps,Bleeding Hollow
1584,328.7,303138098,10,Mists of Tirna Scithe,2024-10-27T08:49:21.000Z,1452505,1890999,2,"Xal'atath's Bargain: Ascendant, Fortified, Challenger's Peril, Tyrannical",木熊,Priest,Holy,healer,Bleeding Hollow
1584,328.7,303138098,10,Mists of Tirna Scithe,2024-10-27T08:49:21.000Z,1452505,1890999,2,"Xal'atath's Bargain: Ascendant, Fortified, Challenger's Peril, Tyrannical",給龍看,Evoker,Augmentation,dps,Bleeding Hollow
1585,328.7,308014462,10,Mists of Tirna Scithe,2024-11-19T02:33:53.000Z,1452812,1890999,2,"Xal'atath's Bargain: Ascendant, Tyrannical, Challenger's Peril, Fortified",Chlora,Paladin,Protection,tank,Whisperwind
1585,328.7,308014462,10,Mists of Tirna Scithe,2024-11-19T02:33:53.000Z,1452812,1890999,2,"Xal'atath's Bargain: Ascendant, Tyrannical, Challenger's Peril, Fortified",流必端之,Death Knight,Frost,dps,Arthas
1585,328.7,308014462,10,Mists of Tirna Scithe,2024-11-19T02:33:53.000Z,1452812,1890999,2,"Xal'atath's Bargain: Ascendant, Tyrannical, Challenger's Peril, Fortified",可愛雷娜醬,Mage,Frost,dps,Shadowmoon
1585,328.7,308014462,10,Mists of Tirna Scithe,2024-11-19T02:33:53.000Z,1452812,1890999,2,"Xal'atath's Bargain: Ascendant, Tyrannical, Challenger's Peril, Fortified",天空不許動,Paladin,Retribution,dps,Frostmane
1585,328.7,308014462,10,Mists of Tirna Scithe,2024-11-19T02:33:53.000Z,1452812,1890999,2,"Xal'atath's Bargain: Ascendant, Tyrannical, Challenger's Peril, Fortified",奶綠少冰,Shaman,Restoration,healer,Crystalpine Stinger
1586,328.7,308060818,10,Mists of Tirna Scithe,2024-11-19T08:50:01.000Z,1453325,1890999,2,"Xal'atath's Bargain: Ascendant, Tyrannical, Challenger's Peril, Fortified",化成煙,Demon Hunter,Havoc,dps,Icecrown
1586,328.7,308060818,10,Mists of Tirna Scithe,2024-11-19T08:50:01.000Z,1453325,1890999,2,"Xal'atath's Bargain: Ascendant, Tyrannical, Challenger's Peril, Fortified",韜風,Paladin,Retribution,dps,Chillwind Point
1586,328.7,308060818,10,Mists of Tirna Scithe,2024-11-19T08:50:01.000Z,1453325,1890999,2,"Xal'atath's Bargain: Ascendant, Tyrannical, Challenger's Peril, Fortified",甜南瓜,Druid,Guardian,tank,Bleeding Hollow
1586,328.7,308060818,10,Mists of Tirna Scithe,2024-11-19T08:50:01.000Z,1453325,1890999,2,"Xal'atath's Bargain: Ascendant, Tyrannical, Challenger's Peril, Fortified",齋藤亞美里,Shaman,Restoration,healer,Chillwind Point
1586,328.7,308060818,10,Mists of Tirna Scithe,2024-11-19T08:50:01.000Z,1453325,1890999,2,"Xal'atath's Bargain: Ascendant, Tyrannical, Challenger's Peril, Fortified",赤鬼,Hunter,Survival,dps,Quel'dorei
1587,328.7,307321860,10,Mists of Tirna Scithe,2024-11-17T14:07:34.000Z,1453561,1890999,2,"Xal'atath's Bargain: Ascendant, Tyrannical, Challenger's Peril, Fortified",我囧了,Paladin,Retribution,dps,Sundown Marsh
1587,328.7,307321860,10,Mists of Tirna Scithe,2024-11-17T14:07:34.000Z,1453561,1890999,2,"Xal'atath's Bargain: Ascendant, Tyrannical, Challenger's Peril, Fortified",小米喵,Paladin,Retribution,dps,Sundown Marsh
1587,328.7,307321860,10,Mists of Tirna Scithe,2024-11-17T14:07:34.000Z,1453561,1890999,2,"Xal'atath's Bargain: Ascendant, Tyrannical, Challenger's Peril, Fortified",皇家基爾,Shaman,Enhancement,dps,Sundown Marsh
1587,328.7,307321860,10,Mists of Tirna Scithe,2024-11-17T14:07:34.000Z,1453561,1890999,2,"Xal'atath's Bargain: Ascendant, Tyrannical, Challenger's Peril, Fortified",柑仔店的回憶,Warrior,Protection,tank,Sundown Marsh
1587,328.7,307321860,10,Mists of Tirna Scithe,2024-11-17T14:07:34.000Z,1453561,1890999,2,"Xal'atath's Bargain: Ascendant, Tyrannical, Challenger's Peril, Fortified",Thundermage,Shaman,Restoration,healer,Sundown Marsh
1588,328.7,302717310,10,Mists of Tirna Scithe,2024-10-25T17:17:30.000Z,1453851,1890999,2,"Xal'atath's Bargain: Ascendant, Fortified, Challenger's Peril, Tyrannical",Acs,Death Knight,Frost,dps,Nightsong
1588,328.7,302717310,10,Mists of Tirna Scithe,2024-10-25T17:17:30.000Z,1453851,1890999,2,"Xal'atath's Bargain: Ascendant, Fortified, Challenger's Peril, Tyrannical",Acheloiss,Demon Hunter,Vengeance,tank,Nightsong
1588,328.7,302717310,10,Mists of Tirna Scithe,2024-10-25T17:17:30.000Z,1453851,1890999,2,"Xal'atath's Bargain: Ascendant, Fortified, Challenger's Peril, Tyrannical",木婁氏,Mage,Arcane,dps,Wrathbringer
1588,328.7,302717310,10,Mists of Tirna Scithe,2024-10-25T17:17:30.000Z,1453851,1890999,2,"Xal'atath's Bargain: Ascendant, Fortified, Challenger's Peril, Tyrannical",Manor,Shaman,Elemental,dps,Wrathbringer
1588,328.7,302717310,10,Mists of Tirna Scithe,2024-10-25T17:17:30.000Z,1453851,1890999,2,"Xal'atath's Bargain: Ascendant, Fortified, Challenger's Peril, Tyrannical",飆龍妙影,Evoker,Preservation,healer,Wrathbringer
1589,328.7,307216475,10,Mists of Tirna Scithe,2024-11-14T21:51:19.000Z,1454328,1890999,2,"Xal'atath's Bargain: Ascendant, Tyrannical, Challenger's Peril, Fortified",爆肝姆姆,Shaman,Restoration,healer,Sundown Marsh
1589,328.7,307216475,10,Mists of Tirna Scithe,2024-11-14T21:51:19.000Z,1454328,1890999,2,"Xal'atath's Bargain: Ascendant, Tyrannical, Challenger's Peril, Fortified",斯巴拉希,Monk,Brewmaster,tank,Dragonmaw
1589,328.7,307216475,10,Mists of Tirna Scithe,2024-11-14T21:51:19.000Z,1454328,1890999,2,"Xal'atath's Bargain: Ascendant, Tyrannical, Challenger's Peril, Fortified",可樂馬,Warlock,Affliction,dps,Arygos
1589,328.7,307216475,10,Mists of Tirna Scithe,2024-11-14T21:51:19.000Z,1454328,1890999,2,"Xal'atath's Bargain: Ascendant, Tyrannical, Challenger's Peril, Fortified",飛天大狗,Mage,Arcane,dps,Arygos
1589,328.7,307216475,10,Mists of Tirna Scithe,2024-11-14T21:51:19.000Z,1454328,1890999,2,"Xal'atath's Bargain: Ascendant, Tyrannical, Challenger's Peril, Fortified",微量寶寶,Paladin,Retribution,dps,Arygos
1590,328.7,293932260,10,Mists of Tirna Scithe,2024-09-21T18:50:56.000Z,1454428,1890999,2,"Xal'atath's Bargain: Ascendant, Tyrannical, Challenger's Peril, Fortified",普坦堡的山巒,Druid,Guardian,tank,Nightsong
1590,328.7,293932260,10,Mists of Tirna Scithe,2024-09-21T18:50:56.000Z,1454428,1890999,2,"Xal'atath's Bargain: Ascendant, Tyrannical, Challenger's Peril, Fortified",Aurelionsol,Evoker,Preservation,healer,Whisperwind
1590,328.7,293932260,10,Mists of Tirna Scithe,2024-09-21T18:50:56.000Z,1454428,1890999,2,"Xal'atath's Bargain: Ascendant, Tyrannical, Challenger's Peril, Fortified",Diddy,Hunter,Survival,dps,Quel'dorei
1590,328.7,293932260,10,Mists of Tirna Scithe,2024-09-21T18:50:56.000Z,1454428,1890999,2,"Xal'atath's Bargain: Ascendant, Tyrannical, Challenger's Peril, Fortified",烤土司,Warrior,Fury,dps,Nightsong
1590,328.7,293932260,10,Mists of Tirna Scithe,2024-09-21T18:50:56.000Z,1454428,1890999,2,"Xal'atath's Bargain: Ascendant, Tyrannical, Challenger's Peril, Fortified",天譴四騎士,Demon Hunter,Havoc,dps,Quel'dorei
1591,328.7,308123083,10,Mists of Tirna Scithe,2024-11-19T16:39:47.000Z,1454570,1890999,2,"Xal'atath's Bargain: Ascendant, Tyrannical, Challenger's Peril, Fortified",飛爵,Paladin,Retribution,dps,Bleeding Hollow
1591,328.7,308123083,10,Mists of Tirna Scithe,2024-11-19T16:39:47.000Z,1454570,1890999,2,"Xal'atath's Bargain: Ascendant, Tyrannical, Challenger's Peril, Fortified",冰絲澪,Demon Hunter,Vengeance,tank,Menethil
1591,328.7,308123083,10,Mists of Tirna Scithe,2024-11-19T16:39:47.000Z,1454570,1890999,2,"Xal'atath's Bargain: Ascendant, Tyrannical, Challenger's Peril, Fortified",穹道穗宮源,Paladin,Retribution,dps,Shadowmoon
1591,328.7,308123083,10,Mists of Tirna Scithe,2024-11-19T16:39:47.000Z,1454570,1890999,2,"Xal'atath's Bargain: Ascendant, Tyrannical, Challenger's Peril, Fortified",乂羊愛美乂,Mage,Frost,dps,Wrathbringer
1591,328.7,308123083,10,Mists of Tirna Scithe,2024-11-19T16:39:47.000Z,1454570,1890999,2,"Xal'atath's Bargain: Ascendant, Tyrannical, Challenger's Peril, Fortified",瞬姦姨洞,Shaman,Restoration,healer,Wrathbringer
1592,328.7,307913579,10,Mists of Tirna Scithe,2024-11-18T14:34:40.000Z,1454573,1890999,2,"Xal'atath's Bargain: Ascendant, Tyrannical, Challenger's Peril, Fortified",夜纏星,Warlock,Demonology,dps,Shadowmoon
1592,328.7,307913579,10,Mists of Tirna Scithe,2024-11-18T14:34:40.000Z,1454573,1890999,2,"Xal'atath's Bargain: Ascendant, Tyrannical, Challenger's Peril, Fortified",戰吼,Warrior,Fury,dps,Shadowmoon
1592,328.7,307913579,10,Mists of Tirna Scithe,2024-11-18T14:34:40.000Z,1454573,1890999,2,"Xal'atath's Bargain: Ascendant, Tyrannical, Challenger's Peril, Fortified",哈酷納瑪塔塔,Mage,Frost,dps,Shadowmoon
1592,328.7,307913579,10,Mists of Tirna Scithe,2024-11-18T14:34:40.000Z,1454573,1890999,2,"Xal'atath's Bargain: Ascendant, Tyrannical, Challenger's Peril, Fortified",凜雪兔,Priest,Discipline,healer,Shadowmoon
1592,328.7,307913579,10,Mists of Tirna Scithe,2024-11-18T14:34:40.000Z,1454573,1890999,2,"Xal'atath's Bargain: Ascendant, Tyrannical, Challenger's Peril, Fortified",月下兔,Paladin,Protection,tank,Shadowmoon
1593,328.7,307492891,10,Mists of Tirna Scithe,2024-11-16T12:43:38.000Z,1454781,1890999,2,"Xal'atath's Bargain: Ascendant, Tyrannical, Challenger's Peril, Fortified",黑級浮屠,Warrior,Arms,dps,Quel'dorei
1593,328.7,307492891,10,Mists of Tirna Scithe,2024-11-16T12:43:38.000Z,1454781,1890999,2,"Xal'atath's Bargain: Ascendant, Tyrannical, Challenger's Peril, Fortified",Wavefront,Paladin,Retribution,dps,Light's Hope
1593,328.7,307492891,10,Mists of Tirna Scithe,2024-11-16T12:43:38.000Z,1454781,1890999,2,"Xal'atath's Bargain: Ascendant, Tyrannical, Challenger's Peril, Fortified",曾伽宗博特,Monk,Mistweaver,healer,Arthas
1593,328.7,307492891,10,Mists of Tirna Scithe,2024-11-16T12:43:38.000Z,1454781,1890999,2,"Xal'atath's Bargain: Ascendant, Tyrannical, Challenger's Peril, Fortified",Ottilie,Druid,Guardian,tank,World Tree
1593,328.7,307492891,10,Mists of Tirna Scithe,2024-11-16T12:43:38.000Z,1454781,1890999,2,"Xal'atath's Bargain: Ascendant, Tyrannical, Challenger's Peril, Fortified",拉鍊卡到雞-114356742,Hunter,Beast Mastery,dps,Frostmane
1594,328.6,303130230,10,Mists of Tirna Scithe,2024-10-27T07:13:27.000Z,1454987,1890999,2,"Xal'atath's Bargain: Ascendant, Fortified, Challenger's Peril, Tyrannical",幕斯,Priest,Shadow,dps,Quel'dorei
1594,328.6,303130230,10,Mists of Tirna Scithe,2024-10-27T07:13:27.000Z,1454987,1890999,2,"Xal'atath's Bargain: Ascendant, Fortified, Challenger's Peril, Tyrannical",Wasker-114728359,Rogue,Assassination,dps,World Tree
1594,328.6,303130230,10,Mists of Tirna Scithe,2024-10-27T07:13:27.000Z,1454987,1890999,2,"Xal'atath's Bargain: Ascendant, Fortified, Challenger's Peril, Tyrannical",Siyaa,Paladin,Protection,tank,Shadowmoon
1594,328.6,303130230,10,Mists of Tirna Scithe,2024-10-27T07:13:27.000Z,1454987,1890999,2,"Xal'atath's Bargain: Ascendant, Fortified, Challenger's Peril, Tyrannical",其實我是騎士,Priest,Discipline,healer,Whisperwind
1594,328.6,303130230,10,Mists of Tirna Scithe,2024-10-27T07:13:27.000Z,1454987,1890999,2,"Xal'atath's Bargain: Ascendant, Fortified, Challenger's Peril, Tyrannical",Lalarsha,Shaman,Elemental,dps,Shadowmoon
1595,328.6,303138276,10,Mists of Tirna Scithe,2024-10-27T08:52:44.000Z,1455065,1890999,2,"Xal'atath's Bargain: Ascendant, Fortified, Challenger's Peril, Tyrannical",敷炮,Hunter,Beast Mastery,dps,Frostmane
1595,328.6,303138276,10,Mists of Tirna Scithe,2024-10-27T08:52:44.000Z,1455065,1890999,2,"Xal'atath's Bargain: Ascendant, Fortified, Challenger's Peril, Tyrannical",負責可愛,Druid,Balance,dps,Shadowmoon
1595,328.6,303138276,10,Mists of Tirna Scithe,2024-10-27T08:52:44.000Z,1455065,1890999,2,"Xal'atath's Bargain: Ascendant, Fortified, Challenger's Peril, Tyrannical",麋鹿寶貝,Priest,Holy,healer,Crystalpine Stinger
1595,328.6,303138276,10,Mists of Tirna Scithe,2024-10-27T08:52:44.000Z,1455065,1890999,2,"Xal'atath's Bargain: Ascendant, Fortified, Challenger's Peril, Tyrannical",橘子親親,Paladin,Protection,tank,Shadowmoon
1595,328.6,303138276,10,Mists of Tirna Scithe,2024-10-27T08:52:44.000Z,1455065,1890999,2,"Xal'atath's Bargain: Ascendant, Fortified, Challenger's Peril, Tyrannical",Leejieun,Death Knight,Frost,dps,Wrathbringer
1596,328.6,307682466,10,Mists of Tirna Scithe,2024-11-17T08:31:42.000Z,1455258,1890999,2,"Xal'atath's Bargain: Ascendant, Tyrannical, Challenger's Peril, Fortified",蘭德斯諾,Warlock,Demonology,dps,Sundown Marsh
1596,328.6,307682466,10,Mists of Tirna Scithe,2024-11-17T08:31:42.000Z,1455258,1890999,2,"Xal'atath's Bargain: Ascendant, Tyrannical, Challenger's Peril, Fortified",紅燒舒芙蕾,Warrior,Protection,tank,Sundown Marsh
1596,328.6,307682466,10,Mists of Tirna Scithe,2024-11-17T08:31:42.000Z,1455258,1890999,2,"Xal'atath's Bargain: Ascendant, Tyrannical, Challenger's Peril, Fortified",阿爾佛雷德,Priest,Discipline,healer,Shadowmoon
1596,328.6,307682466,10,Mists of Tirna Scithe,2024-11-17T08:31:42.000Z,1455258,1890999,2,"Xal'atath's Bargain: Ascendant, Tyrannical, Challenger's Peril, Fortified",Bonham,Warrior,Fury,dps,World Tree
1596,328.6,307682466,10,Mists of Tirna Scithe,2024-11-17T08:31:42.000Z,1455258,1890999,2,"Xal'atath's Bargain: Ascendant, Tyrannical, Challenger's Peril, Fortified",蘭裔,Evoker,Devastation,dps,Shadowmoon
1597,328.6,307303695,10,Mists of Tirna Scithe,2024-11-15T11:39:57.000Z,1455331,1890999,2,"Xal'atath's Bargain: Ascendant, Tyrannical, Challenger's Peril, Fortified",Eviltako,Warlock,Destruction,dps,Whisperwind
1597,328.6,307303695,10,Mists of Tirna Scithe,2024-11-15T11:39:57.000Z,1455331,1890999,2,"Xal'atath's Bargain: Ascendant, Tyrannical, Challenger's Peril, Fortified",荒野的一朵花,Druid,Guardian,tank,Icecrown
1597,328.6,307303695,10,Mists of Tirna Scithe,2024-11-15T11:39:57.000Z,1455331,1890999,2,"Xal'atath's Bargain: Ascendant, Tyrannical, Challenger's Peril, Fortified",Shadows,Death Knight,Frost,dps,Chillwind Point
1597,328.6,307303695,10,Mists of Tirna Scithe,2024-11-15T11:39:57.000Z,1455331,1890999,2,"Xal'atath's Bargain: Ascendant, Tyrannical, Challenger's Peril, Fortified",Osburn,Warrior,Arms,dps,Chillwind Point
1597,328.6,307303695,10,Mists of Tirna Scithe,2024-11-15T11:39:57.000Z,1455331,1890999,2,"Xal'atath's Bargain: Ascendant, Tyrannical, Challenger's Peril, Fortified",查理士小王子,Shaman,Restoration,healer,Bleeding Hollow
1598,328.6,308112929,10,Mists of Tirna Scithe,2024-11-19T03:02:52.000Z,1455367,1890999,2,"Xal'atath's Bargain: Ascendant, Tyrannical, Challenger's Peril, Fortified",黑級浮屠,Warrior,Arms,dps,Quel'dorei
1598,328.6,308112929,10,Mists of Tirna Scithe,2024-11-19T03:02:52.000Z,1455367,1890999,2,"Xal'atath's Bargain: Ascendant, Tyrannical, Challenger's Peril, Fortified",人生多少十年,Demon Hunter,Havoc,dps,Silverwing Hold
1598,328.6,308112929,10,Mists of Tirna Scithe,2024-11-19T03:02:52.000Z,1455367,1890999,2,"Xal'atath's Bargain: Ascendant, Tyrannical, Challenger's Peril, Fortified",小雞的輪迴,Shaman,Restoration,healer,Arthas
1598,328.6,308112929,10,Mists of Tirna Scithe,2024-11-19T03:02:52.000Z,1455367,1890999,2,"Xal'atath's Bargain: Ascendant, Tyrannical, Challenger's Peril, Fortified",甜南瓜,Druid,Guardian,tank,Bleeding Hollow
1598,328.6,308112929,10,Mists of Tirna Scithe,2024-11-19T03:02:52.000Z,1455367,1890999,2,"Xal'atath's Bargain: Ascendant, Tyrannical, Challenger's Peril, Fortified",天空不許動,Paladin,Retribution,dps,Frostmane
1599,328.6,308300886,10,Mists of Tirna Scithe,2024-11-20T15:42:30.000Z,1455537,1890999,2,"Xal'atath's Bargain: Ascendant, Tyrannical, Challenger's Peril, Fortified",碳色騎士,Paladin,Protection,tank,Arthas
1599,328.6,308300886,10,Mists of Tirna Scithe,2024-11-20T15:42:30.000Z,1455537,1890999,2,"Xal'atath's Bargain: Ascendant, Tyrannical, Challenger's Peril, Fortified",爸比水晶小寶,Mage,Arcane,dps,Demon Fall Canyon
1599,328.6,308300886,10,Mists of Tirna Scithe,2024-11-20T15:42:30.000Z,1455537,1890999,2,"Xal'atath's Bargain: Ascendant, Tyrannical, Challenger's Peril, Fortified",Vveye,Paladin,Retribution,dps,Arthas
1599,328.6,308300886,10,Mists of Tirna Scithe,2024-11-20T15:42:30.000Z,1455537,1890999,2,"Xal'atath's Bargain: Ascendant, Tyrannical, Challenger's Peril, Fortified",Swatchz,Hunter,Beast Mastery,dps,Arthas
1599,328.6,308300886,10,Mists of Tirna Scithe,2024-11-20T15:42:30.000Z,1455537,1890999,2,"Xal'atath's Bargain: Ascendant, Tyrannical, Challenger's Peril, Fortified",趴地狗咪咪,Monk,Mistweaver,healer,Arthas
1600,328.6,308062735,10,Mists of Tirna Scithe,2024-11-19T11:33:51.000Z,1455541,1890999,2,"Xal'atath's Bargain: Ascendant, Tyrannical, Challenger's Peril, Fortified",托小比,Shaman,Restoration,healer,Nightsong
1600,328.6,308062735,10,Mists of Tirna Scithe,2024-11-19T11:33:51.000Z,1455541,1890999,2,"Xal'atath's Bargain: Ascendant, Tyrannical, Challenger's Peril, Fortified",Adunsavior,Paladin,Protection,tank,Quel'dorei
1600,328.6,308062735,10,Mists of Tirna Scithe,2024-11-19T11:33:51.000Z,1455541,1890999,2,"Xal'atath's Bargain: Ascendant, Tyrannical, Challenger's Peril, Fortified",喵皮兒,Warlock,Demonology,dps,Stormscale
1600,328.6,308062735,10,Mists of Tirna Scithe,2024-11-19T11:33:51.000Z,1455541,1890999,2,"Xal'atath's Bargain: Ascendant, Tyrannical, Challenger's Peril, Fortified",陳大寶,Paladin,Retribution,dps,Wrathbringer
1600,328.6,308062735,10,Mists of Tirna Scithe,2024-11-19T11:33:51.000Z,1455541,1890999,2,"Xal'atath's Bargain: Ascendant, Tyrannical, Challenger's Peril, Fortified",舞貓貓,Monk,Windwalker,dps,Sundown Marsh
1601,328.6,303990729,10,Mists of Tirna Scithe,2024-10-30T08:17:50.000Z,1455553,1890999,2,"Xal'atath's Bargain: Ascendant, Fortified, Challenger's Peril, Tyrannical",米奈希爾之子,Warrior,Fury,dps,Shadowmoon
1601,328.6,303990729,10,Mists of Tirna Scithe,2024-10-30T08:17:50.000Z,1455553,1890999,2,"Xal'atath's Bargain: Ascendant, Fortified, Challenger's Peril, Tyrannical",暴躁小貓,Paladin,Retribution,dps,Shadowmoon
1601,328.6,303990729,10,Mists of Tirna Scithe,2024-10-30T08:17:50.000Z,1455553,1890999,2,"Xal'atath's Bargain: Ascendant, Fortified, Challenger's Peril, Tyrannical",一溟伢一,Druid,Restoration,healer,Shadowmoon
1601,328.6,303990729,10,Mists of Tirna Scithe,2024-10-30T08:17:50.000Z,1455553,1890999,2,"Xal'atath's Bargain: Ascendant, Fortified, Challenger's Peril, Tyrannical",Demonspirit,Demon Hunter,Vengeance,tank,Shadowmoon
1601,328.6,303990729,10,Mists of Tirna Scithe,2024-10-30T08:17:50.000Z,1455553,1890999,2,"Xal'atath's Bargain: Ascendant, Fortified, Challenger's Peril, Tyrannical",Firerebirth,Mage,Frost,dps,Shadowmoon
1602,328.6,302959491,10,Mists of Tirna Scithe,2024-10-26T16:13:33.000Z,1455603,1890999,2,"Xal'atath's Bargain: Ascendant, Fortified, Challenger's Peril, Tyrannical",無衍流,Paladin,Holy,healer,Dragonmaw
1602,328.6,302959491,10,Mists of Tirna Scithe,2024-10-26T16:13:33.000Z,1455603,1890999,2,"Xal'atath's Bargain: Ascendant, Fortified, Challenger's Peril, Tyrannical",雷比歐娜,Shaman,Elemental,dps,Whisperwind
1602,328.6,302959491,10,Mists of Tirna Scithe,2024-10-26T16:13:33.000Z,1455603,1890999,2,"Xal'atath's Bargain: Ascendant, Fortified, Challenger's Peril, Tyrannical",不獸控制,Evoker,Devastation,dps,Whisperwind
1602,328.6,302959491,10,Mists of Tirna Scithe,2024-10-26T16:13:33.000Z,1455603,1890999,2,"Xal'atath's Bargain: Ascendant, Fortified, Challenger's Peril, Tyrannical",惡魔流星,Demon Hunter,Vengeance,tank,Whisperwind
1602,328.6,302959491,10,Mists of Tirna Scithe,2024-10-26T16:13:33.000Z,1455603,1890999,2,"Xal'atath's Bargain: Ascendant, Fortified, Challenger's Peril, Tyrannical",嘎啦旮旯,Hunter,Beast Mastery,dps,Dragonmaw
1603,328.6,298232033,10,Mists of Tirna Scithe,2024-10-25T17:46:40.000Z,1455938,1890999,2,"Xal'atath's Bargain: Ascendant, Fortified, Challenger's Peril, Tyrannical",哈納澤瓦,Shaman,Elemental,dps,Bleeding Hollow
1603,328.6,298232033,10,Mists of Tirna Scithe,2024-10-25T17:46:40.000Z,1455938,1890999,2,"Xal'atath's Bargain: Ascendant, Fortified, Challenger's Peril, Tyrannical",Salzman,Hunter,Beast Mastery,dps,Bleeding Hollow
1603,328.6,298232033,10,Mists of Tirna Scithe,2024-10-25T17:46:40.000Z,1455938,1890999,2,"Xal'atath's Bargain: Ascendant, Fortified, Challenger's Peril, Tyrannical",風牙祖拉圖,Druid,Restoration,healer,Bleeding Hollow
1603,328.6,298232033,10,Mists of Tirna Scithe,2024-10-25T17:46:40.000Z,1455938,1890999,2,"Xal'atath's Bargain: Ascendant, Fortified, Challenger's Peril, Tyrannical",Leichetania,Paladin,Protection,tank,Demon Fall Canyon
1603,328.6,298232033,10,Mists of Tirna Scithe,2024-10-25T17:46:40.000Z,1455938,1890999,2,"Xal'atath's Bargain: Ascendant, Fortified, Challenger's Peril, Tyrannical",綠哲,Demon Hunter,Havoc,dps,Chillwind Point
1604,328.6,302710166,10,Mists of Tirna Scithe,2024-10-25T05:11:58.000Z,1456493,1890999,2,"Xal'atath's Bargain: Ascendant, Fortified, Challenger's Peril, Tyrannical",尼古拉斯睡魔,Hunter,Beast Mastery,dps,Chillwind Point
1604,328.6,302710166,10,Mists of Tirna Scithe,2024-10-25T05:11:58.000Z,1456493,1890999,2,"Xal'atath's Bargain: Ascendant, Fortified, Challenger's Peril, Tyrannical",還是找不到人,Paladin,Retribution,dps,Sundown Marsh
1604,328.6,302710166,10,Mists of Tirna Scithe,2024-10-25T05:11:58.000Z,1456493,1890999,2,"Xal'atath's Bargain: Ascendant, Fortified, Challenger's Peril, Tyrannical",不來客魔,Warrior,Protection,tank,Crystalpine Stinger
1604,328.6,302710166,10,Mists of Tirna Scithe,2024-10-25T05:11:58.000Z,1456493,1890999,2,"Xal'atath's Bargain: Ascendant, Fortified, Challenger's Peril, Tyrannical",咖哩燒肉丼,Paladin,Retribution,dps,Skywall
1604,328.6,302710166,10,Mists of Tirna Scithe,2024-10-25T05:11:58.000Z,1456493,1890999,2,"Xal'atath's Bargain: Ascendant, Fortified, Challenger's Peril, Tyrannical",睡著的鮪魚肚,Shaman,Restoration,healer,Sundown Marsh
1605,328.6,307732007,10,Mists of Tirna Scithe,2024-11-17T15:24:44.000Z,1456608,1890999,2,"Xal'atath's Bargain: Ascendant, Tyrannical, Challenger's Peril, Fortified",悠悠我伈,Druid,Restoration,healer,Dragonmaw
1605,328.6,307732007,10,Mists of Tirna Scithe,2024-11-17T15:24:44.000Z,1456608,1890999,2,"Xal'atath's Bargain: Ascendant, Tyrannical, Challenger's Peril, Fortified",止水真澄,Warrior,Fury,dps,Dragonmaw
1605,328.6,307732007,10,Mists of Tirna Scithe,2024-11-17T15:24:44.000Z,1456608,1890999,2,"Xal'atath's Bargain: Ascendant, Tyrannical, Challenger's Peril, Fortified",木蘭號,Shaman,Enhancement,dps,Demon Fall Canyon
1605,328.6,307732007,10,Mists of Tirna Scithe,2024-11-17T15:24:44.000Z,1456608,1890999,2,"Xal'atath's Bargain: Ascendant, Tyrannical, Challenger's Peril, Fortified",狐狐獵人,Hunter,Beast Mastery,dps,Silverwing Hold
1605,328.6,307732007,10,Mists of Tirna Scithe,2024-11-17T15:24:44.000Z,1456608,1890999,2,"Xal'atath's Bargain: Ascendant, Tyrannical, Challenger's Peril, Fortified",神之一陽指,Paladin,Protection,tank,Crystalpine Stinger
1606,328.6,304033874,10,Mists of Tirna Scithe,2024-11-18T17:17:32.000Z,1456953,1890999,2,"Xal'atath's Bargain: Ascendant, Tyrannical, Challenger's Peril, Fortified",後場不夠力,Druid,Balance,dps,Zealot Blade
1606,328.6,304033874,10,Mists of Tirna Scithe,2024-11-18T17:17:32.000Z,1456953,1890999,2,"Xal'atath's Bargain: Ascendant, Tyrannical, Challenger's Peril, Fortified",Tagevia,Warrior,Protection,tank,Zealot Blade
1606,328.6,304033874,10,Mists of Tirna Scithe,2024-11-18T17:17:32.000Z,1456953,1890999,2,"Xal'atath's Bargain: Ascendant, Tyrannical, Challenger's Peril, Fortified",九七三,Shaman,Restoration,healer,Shadowmoon
1606,328.6,304033874,10,Mists of Tirna Scithe,2024-11-18T17:17:32.000Z,1456953,1890999,2,"Xal'atath's Bargain: Ascendant, Tyrannical, Challenger's Peril, Fortified",曼波,Paladin,Retribution,dps,Hellscream
1606,328.6,304033874,10,Mists of Tirna Scithe,2024-11-18T17:17:32.000Z,1456953,1890999,2,"Xal'atath's Bargain: Ascendant, Tyrannical, Challenger's Peril, Fortified",灣仔槍神,Death Knight,Frost,dps,Hellscream
1607,328.6,308299651,10,Mists of Tirna Scithe,2024-11-19T14:54:46.000Z,1457136,1890999,2,"Xal'atath's Bargain: Ascendant, Tyrannical, Challenger's Peril, Fortified",感冒用術士,Warlock,Destruction,dps,Chillwind Point
1607,328.6,308299651,10,Mists of Tirna Scithe,2024-11-19T14:54:46.000Z,1457136,1890999,2,"Xal'atath's Bargain: Ascendant, Tyrannical, Challenger's Peril, Fortified",此牛不新鮮,Death Knight,Blood,tank,Chillwind Point
1607,328.6,308299651,10,Mists of Tirna Scithe,2024-11-19T14:54:46.000Z,1457136,1890999,2,"Xal'atath's Bargain: Ascendant, Tyrannical, Challenger's Peril, Fortified",三逼八改,Shaman,Restoration,healer,Demon Fall Canyon
1607,328.6,308299651,10,Mists of Tirna Scithe,2024-11-19T14:54:46.000Z,1457136,1890999,2,"Xal'atath's Bargain: Ascendant, Tyrannical, Challenger's Peril, Fortified",樺太師,Warlock,Affliction,dps,Spirestone
1607,328.6,308299651,10,Mists of Tirna Scithe,2024-11-19T14:54:46.000Z,1457136,1890999,2,"Xal'atath's Bargain: Ascendant, Tyrannical, Challenger's Peril, Fortified",夜市買的,Shaman,Enhancement,dps,Spirestone
1608,328.6,307872764,10,Mists of Tirna Scithe,2024-11-18T05:42:13.000Z,1457156,1890999,2,"Xal'atath's Bargain: Ascendant, Tyrannical, Challenger's Peril, Fortified",拉姆拉迪,Paladin,Retribution,dps,Stormscale
1608,328.6,307872764,10,Mists of Tirna Scithe,2024-11-18T05:42:13.000Z,1457156,1890999,2,"Xal'atath's Bargain: Ascendant, Tyrannical, Challenger's Peril, Fortified",惡法輪迴,Warlock,Destruction,dps,Shadowmoon
1608,328.6,307872764,10,Mists of Tirna Scithe,2024-11-18T05:42:13.000Z,1457156,1890999,2,"Xal'atath's Bargain: Ascendant, Tyrannical, Challenger's Peril, Fortified",天啊你真大,Demon Hunter,Vengeance,tank,Hellscream
1608,328.6,307872764,10,Mists of Tirna Scithe,2024-11-18T05:42:13.000Z,1457156,1890999,2,"Xal'atath's Bargain: Ascendant, Tyrannical, Challenger's Peril, Fortified",嘰咪毛咚,Shaman,Elemental,dps,Spirestone
1608,328.6,307872764,10,Mists of Tirna Scithe,2024-11-18T05:42:13.000Z,1457156,1890999,2,"Xal'atath's Bargain: Ascendant, Tyrannical, Challenger's Peril, Fortified",齊格佛雷德,Shaman,Restoration,healer,Shadowmoon
1609,328.6,308121505,10,Mists of Tirna Scithe,2024-11-19T17:48:14.000Z,1457252,1890999,2,"Xal'atath's Bargain: Ascendant, Tyrannical, Challenger's Peril, Fortified",晴人,Warlock,Destruction,dps,Shadowmoon
1609,328.6,308121505,10,Mists of Tirna Scithe,2024-11-19T17:48:14.000Z,1457252,1890999,2,"Xal'atath's Bargain: Ascendant, Tyrannical, Challenger's Peril, Fortified",腋下兩隻狐狸,Priest,Discipline,healer,Frostmane
1609,328.6,308121505,10,Mists of Tirna Scithe,2024-11-19T17:48:14.000Z,1457252,1890999,2,"Xal'atath's Bargain: Ascendant, Tyrannical, Challenger's Peril, Fortified",曉曉天,Priest,Discipline,healer,Sundown Marsh
1609,328.6,308121505,10,Mists of Tirna Scithe,2024-11-19T17:48:14.000Z,1457252,1890999,2,"Xal'atath's Bargain: Ascendant, Tyrannical, Challenger's Peril, Fortified",AnonC499E53,Priest,Shadow,dps,Anonymous
1609,328.6,308121505,10,Mists of Tirna Scithe,2024-11-19T17:48:14.000Z,1457252,1890999,2,"Xal'atath's Bargain: Ascendant, Tyrannical, Challenger's Peril, Fortified",AnonDC851CE,Paladin,Protection,tank,Anonymous
1610,328.6,307292386,10,Mists of Tirna Scithe,2024-11-15T09:17:52.000Z,1457550,1890999,2,"Xal'atath's Bargain: Ascendant, Tyrannical, Challenger's Peril, Fortified",蒜蒜魔,Druid,Guardian,tank,Whisperwind
1610,328.6,307292386,10,Mists of Tirna Scithe,2024-11-15T09:17:52.000Z,1457550,1890999,2,"Xal'atath's Bargain: Ascendant, Tyrannical, Challenger's Peril, Fortified",狐草,Monk,Windwalker,dps,Shadowmoon
1610,328.6,307292386,10,Mists of Tirna Scithe,2024-11-15T09:17:52.000Z,1457550,1890999,2,"Xal'atath's Bargain: Ascendant, Tyrannical, Challenger's Peril, Fortified",Rexyu,Warlock,Destruction,dps,Zealot Blade
1610,328.6,307292386,10,Mists of Tirna Scithe,2024-11-15T09:17:52.000Z,1457550,1890999,2,"Xal'atath's Bargain: Ascendant, Tyrannical, Challenger's Peril, Fortified",軟糖牧師,Priest,Discipline,healer,Shadowmoon
1610,328.6,307292386,10,Mists of Tirna Scithe,2024-11-15T09:17:52.000Z,1457550,1890999,2,"Xal'atath's Bargain: Ascendant, Tyrannical, Challenger's Peril, Fortified",Ardka,Death Knight,Unholy,dps,Shadowmoon
1611,328.6,307178058,10,Mists of Tirna Scithe,2024-11-14T16:06:55.000Z,1457619,1890999,2,"Xal'atath's Bargain: Ascendant, Tyrannical, Challenger's Peril, Fortified",五分熟樂團,Warrior,Fury,dps,Sundown Marsh
1611,328.6,307178058,10,Mists of Tirna Scithe,2024-11-14T16:06:55.000Z,1457619,1890999,2,"Xal'atath's Bargain: Ascendant, Tyrannical, Challenger's Peril, Fortified",酷酷的色,Druid,Balance,dps,Sundown Marsh
1611,328.6,307178058,10,Mists of Tirna Scithe,2024-11-14T16:06:55.000Z,1457619,1890999,2,"Xal'atath's Bargain: Ascendant, Tyrannical, Challenger's Peril, Fortified",小宵虎南,Evoker,Preservation,healer,Skywall
1611,328.6,307178058,10,Mists of Tirna Scithe,2024-11-14T16:06:55.000Z,1457619,1890999,2,"Xal'atath's Bargain: Ascendant, Tyrannical, Challenger's Peril, Fortified",Derlu,Druid,Guardian,tank,Sundown Marsh
1611,328.6,307178058,10,Mists of Tirna Scithe,2024-11-14T16:06:55.000Z,1457619,1890999,2,"Xal'atath's Bargain: Ascendant, Tyrannical, Challenger's Peril, Fortified",Herakles,Death Knight,Frost,dps,World Tree
1612,328.6,307321799,10,Mists of Tirna Scithe,2024-11-15T14:54:07.000Z,1458008,1890999,2,"Xal'atath's Bargain: Ascendant, Tyrannical, Challenger's Peril, Fortified",地震才是王道,Shaman,Restoration,healer,Shadowmoon
1612,328.6,307321799,10,Mists of Tirna Scithe,2024-11-15T14:54:07.000Z,1458008,1890999,2,"Xal'atath's Bargain: Ascendant, Tyrannical, Challenger's Peril, Fortified",刀劍如夢,Demon Hunter,Havoc,dps,Spirestone
1612,328.6,307321799,10,Mists of Tirna Scithe,2024-11-15T14:54:07.000Z,1458008,1890999,2,"Xal'atath's Bargain: Ascendant, Tyrannical, Challenger's Peril, Fortified",歐嗚嗚,Mage,Frost,dps,World Tree
1612,328.6,307321799,10,Mists of Tirna Scithe,2024-11-15T14:54:07.000Z,1458008,1890999,2,"Xal'atath's Bargain: Ascendant, Tyrannical, Challenger's Peril, Fortified",Byddk,Death Knight,Frost,dps,Frostmane
1612,328.6,307321799,10,Mists of Tirna Scithe,2024-11-15T14:54:07.000Z,1458008,1890999,2,"Xal'atath's Bargain: Ascendant, Tyrannical, Challenger's Peril, Fortified",萬神論劍,Warrior,Protection,tank,Arygos
1613,328.6,303872434,10,Mists of Tirna Scithe,2024-10-30T17:20:24.000Z,1458113,1890999,2,"Xal'atath's Bargain: Ascendant, Fortified, Challenger's Peril, Tyrannical",上締跟我混,Death Knight,Frost,dps,Crystalpine Stinger
1613,328.6,303872434,10,Mists of Tirna Scithe,2024-10-30T17:20:24.000Z,1458113,1890999,2,"Xal'atath's Bargain: Ascendant, Fortified, Challenger's Peril, Tyrannical",米粒,Mage,Frost,dps,Arthas
1613,328.6,303872434,10,Mists of Tirna Scithe,2024-10-30T17:20:24.000Z,1458113,1890999,2,"Xal'atath's Bargain: Ascendant, Fortified, Challenger's Peril, Tyrannical",雨的旋律,Priest,Holy,healer,Sundown Marsh
1613,328.6,303872434,10,Mists of Tirna Scithe,2024-10-30T17:20:24.000Z,1458113,1890999,2,"Xal'atath's Bargain: Ascendant, Fortified, Challenger's Peril, Tyrannical",凱特悲情薩,Shaman,Enhancement,dps,Arthas
1613,328.6,303872434,10,Mists of Tirna Scithe,2024-10-30T17:20:24.000Z,1458113,1890999,2,"Xal'atath's Bargain: Ascendant, Fortified, Challenger's Peril, Tyrannical",飯田小戮,Demon Hunter,Vengeance,tank,Demon Fall Canyon
1614,328.6,307723701,10,Mists of Tirna Scithe,2024-11-17T11:52:19.000Z,1458118,1890999,2,"Xal'atath's Bargain: Ascendant, Tyrannical, Challenger's Peril, Fortified",Darkoflight,Death Knight,Blood,tank,Bleeding Hollow
1614,328.6,307723701,10,Mists of Tirna Scithe,2024-11-17T11:52:19.000Z,1458118,1890999,2,"Xal'atath's Bargain: Ascendant, Tyrannical, Challenger's Peril, Fortified",Zo,Shaman,Restoration,healer,Nightsong
1614,328.6,307723701,10,Mists of Tirna Scithe,2024-11-17T11:52:19.000Z,1458118,1890999,2,"Xal'atath's Bargain: Ascendant, Tyrannical, Challenger's Peril, Fortified",小邦比,Paladin,Retribution,dps,Nightsong
1614,328.6,307723701,10,Mists of Tirna Scithe,2024-11-17T11:52:19.000Z,1458118,1890999,2,"Xal'atath's Bargain: Ascendant, Tyrannical, Challenger's Peril, Fortified",阿蹦,Mage,Frost,dps,Nightsong
1614,328.6,307723701,10,Mists of Tirna Scithe,2024-11-17T11:52:19.000Z,1458118,1890999,2,"Xal'atath's Bargain: Ascendant, Tyrannical, Challenger's Peril, Fortified",小豆豉,Shaman,Enhancement,dps,Nightsong
1615,328.6,307538812,10,Mists of Tirna Scithe,2024-11-16T17:00:53.000Z,1458160,1890999,2,"Xal'atath's Bargain: Ascendant, Tyrannical, Challenger's Peril, Fortified",Aineias,Paladin,Protection,tank,Wrathbringer
1615,328.6,307538812,10,Mists of Tirna Scithe,2024-11-16T17:00:53.000Z,1458160,1890999,2,"Xal'atath's Bargain: Ascendant, Tyrannical, Challenger's Peril, Fortified",月燁凝雪,Hunter,Marksmanship,dps,Wrathbringer
1615,328.6,307538812,10,Mists of Tirna Scithe,2024-11-16T17:00:53.000Z,1458160,1890999,2,"Xal'atath's Bargain: Ascendant, Tyrannical, Challenger's Peril, Fortified",Louyun,Paladin,Holy,healer,Wrathbringer
1615,328.6,307538812,10,Mists of Tirna Scithe,2024-11-16T17:00:53.000Z,1458160,1890999,2,"Xal'atath's Bargain: Ascendant, Tyrannical, Challenger's Peril, Fortified",Acee,Warrior,Fury,dps,Nightsong
1615,328.6,307538812,10,Mists of Tirna Scithe,2024-11-16T17:00:53.000Z,1458160,1890999,2,"Xal'atath's Bargain: Ascendant, Tyrannical, Challenger's Peril, Fortified",Hakosbaelz,Shaman,Elemental,dps,Sundown Marsh
1616,328.6,294278245,10,Mists of Tirna Scithe,2024-09-22T19:31:02.000Z,1458180,1890999,2,"Xal'atath's Bargain: Ascendant, Tyrannical, Challenger's Peril, Fortified",Holyfish,Druid,Balance,dps,Arygos
1616,328.6,294278245,10,Mists of Tirna Scithe,2024-09-22T19:31:02.000Z,1458180,1890999,2,"Xal'atath's Bargain: Ascendant, Tyrannical, Challenger's Peril, Fortified",Elmos,Shaman,Enhancement,dps,Arygos
1616,328.6,294278245,10,Mists of Tirna Scithe,2024-09-22T19:31:02.000Z,1458180,1890999,2,"Xal'atath's Bargain: Ascendant, Tyrannical, Challenger's Peril, Fortified",小飛龍丘比,Evoker,Preservation,healer,Arygos
1616,328.6,294278245,10,Mists of Tirna Scithe,2024-09-22T19:31:02.000Z,1458180,1890999,2,"Xal'atath's Bargain: Ascendant, Tyrannical, Challenger's Peril, Fortified",天神道,Death Knight,Frost,dps,Shadowmoon
1616,328.6,294278245,10,Mists of Tirna Scithe,2024-09-22T19:31:02.000Z,1458180,1890999,2,"Xal'atath's Bargain: Ascendant, Tyrannical, Challenger's Peril, Fortified",恐康康星人-227062783,Demon Hunter,Vengeance,tank,Nightsong
1617,328.6,303124856,10,Mists of Tirna Scithe,2024-10-26T18:45:23.000Z,1458193,1890999,2,"Xal'atath's Bargain: Ascendant, Fortified, Challenger's Peril, Tyrannical",花青青,Druid,Restoration,healer,Demon Fall Canyon
1617,328.6,303124856,10,Mists of Tirna Scithe,2024-10-26T18:45:23.000Z,1458193,1890999,2,"Xal'atath's Bargain: Ascendant, Fortified, Challenger's Peril, Tyrannical",未在,Mage,Frost,dps,Sundown Marsh
1617,328.6,303124856,10,Mists of Tirna Scithe,2024-10-26T18:45:23.000Z,1458193,1890999,2,"Xal'atath's Bargain: Ascendant, Fortified, Challenger's Peril, Tyrannical",Wikipedia,Paladin,Retribution,dps,Wrathbringer
1617,328.6,303124856,10,Mists of Tirna Scithe,2024-10-26T18:45:23.000Z,1458193,1890999,2,"Xal'atath's Bargain: Ascendant, Fortified, Challenger's Peril, Tyrannical",Kimkimsm,Shaman,Elemental,dps,Shadowmoon
1617,328.6,303124856,10,Mists of Tirna Scithe,2024-10-26T18:45:23.000Z,1458193,1890999,2,"Xal'atath's Bargain: Ascendant, Fortified, Challenger's Peril, Tyrannical",你打吾撚到我,Demon Hunter,Vengeance,tank,Sundown Marsh
1618,328.6,308429408,10,Mists of Tirna Scithe,2024-11-20T14:09:32.000Z,1458242,1890999,2,"Xal'atath's Bargain: Ascendant, Tyrannical, Challenger's Peril, Fortified",嘰嘰嗶嗶,Warrior,Fury,dps,Arthas
1618,328.6,308429408,10,Mists of Tirna Scithe,2024-11-20T14:09:32.000Z,1458242,1890999,2,"Xal'atath's Bargain: Ascendant, Tyrannical, Challenger's Peril, Fortified",小鴨子的老師,Shaman,Restoration,healer,Arthas
1618,328.6,308429408,10,Mists of Tirna Scithe,2024-11-20T14:09:32.000Z,1458242,1890999,2,"Xal'atath's Bargain: Ascendant, Tyrannical, Challenger's Peril, Fortified",Kyhonganla,Priest,Shadow,dps,Chillwind Point
1618,328.6,308429408,10,Mists of Tirna Scithe,2024-11-20T14:09:32.000Z,1458242,1890999,2,"Xal'atath's Bargain: Ascendant, Tyrannical, Challenger's Peril, Fortified",輕親的親親,Druid,Guardian,tank,Arthas
1618,328.6,308429408,10,Mists of Tirna Scithe,2024-11-20T14:09:32.000Z,1458242,1890999,2,"Xal'atath's Bargain: Ascendant, Tyrannical, Challenger's Peril, Fortified",于楚楚,Paladin,Retribution,dps,Crystalpine Stinger
1619,328.6,303837575,10,Mists of Tirna Scithe,2024-10-30T13:21:10.000Z,1458248,1890999,2,"Xal'atath's Bargain: Ascendant, Fortified, Challenger's Peril, Tyrannical",夜市買的,Shaman,Enhancement,dps,Spirestone
1619,328.6,303837575,10,Mists of Tirna Scithe,2024-10-30T13:21:10.000Z,1458248,1890999,2,"Xal'atath's Bargain: Ascendant, Fortified, Challenger's Peril, Tyrannical",屁康屠戮者,Rogue,Assassination,dps,Arthas
1619,328.6,303837575,10,Mists of Tirna Scithe,2024-10-30T13:21:10.000Z,1458248,1890999,2,"Xal'atath's Bargain: Ascendant, Fortified, Challenger's Peril, Tyrannical",龍嬤嬤,Evoker,Devastation,dps,Chillwind Point
1619,328.6,303837575,10,Mists of Tirna Scithe,2024-10-30T13:21:10.000Z,1458248,1890999,2,"Xal'atath's Bargain: Ascendant, Fortified, Challenger's Peril, Tyrannical",善良小咚咚,Priest,Discipline,healer,Zealot Blade
1619,328.6,303837575,10,Mists of Tirna Scithe,2024-10-30T13:21:10.000Z,1458248,1890999,2,"Xal'atath's Bargain: Ascendant, Fortified, Challenger's Peril, Tyrannical",Schdingerr,Demon Hunter,Vengeance,tank,Sundown Marsh
1620,328.6,302622310,10,Mists of Tirna Scithe,2024-10-25T05:55:27.000Z,1458261,1890999,2,"Xal'atath's Bargain: Ascendant, Fortified, Challenger's Peril, Tyrannical",欸桑,Paladin,Retribution,dps,Light's Hope
1620,328.6,302622310,10,Mists of Tirna Scithe,2024-10-25T05:55:27.000Z,1458261,1890999,2,"Xal'atath's Bargain: Ascendant, Fortified, Challenger's Peril, Tyrannical",霜凍之楓,Death Knight,Frost,dps,Light's Hope
1620,328.6,302622310,10,Mists of Tirna Scithe,2024-10-25T05:55:27.000Z,1458261,1890999,2,"Xal'atath's Bargain: Ascendant, Fortified, Challenger's Peril, Tyrannical",沐曦,Shaman,Restoration,healer,Light's Hope
1620,328.6,302622310,10,Mists of Tirna Scithe,2024-10-25T05:55:27.000Z,1458261,1890999,2,"Xal'atath's Bargain: Ascendant, Fortified, Challenger's Peril, Tyrannical",Norc,Warrior,Fury,dps,Light's Hope
1620,328.6,302622310,10,Mists of Tirna Scithe,2024-10-25T05:55:27.000Z,1458261,1890999,2,"Xal'atath's Bargain: Ascendant, Fortified, Challenger's Peril, Tyrannical",Raw,Paladin,Protection,tank,Light's Hope
1621,328.6,303271530,10,Mists of Tirna Scithe,2024-10-27T14:04:45.000Z,1459104,1890999,2,"Xal'atath's Bargain: Ascendant, Fortified, Challenger's Peril, Tyrannical",悲慘的加摩爾,Paladin,Retribution,dps,Icecrown
1621,328.6,303271530,10,Mists of Tirna Scithe,2024-10-27T14:04:45.000Z,1459104,1890999,2,"Xal'atath's Bargain: Ascendant, Fortified, Challenger's Peril, Tyrannical",芭拉拉,Death Knight,Blood,tank,Chillwind Point
1621,328.6,303271530,10,Mists of Tirna Scithe,2024-10-27T14:04:45.000Z,1459104,1890999,2,"Xal'atath's Bargain: Ascendant, Fortified, Challenger's Peril, Tyrannical",窗外的夏蟬,Priest,Shadow,dps,Icecrown
1621,328.6,303271530,10,Mists of Tirna Scithe,2024-10-27T14:04:45.000Z,1459104,1890999,2,"Xal'atath's Bargain: Ascendant, Fortified, Challenger's Peril, Tyrannical",小嘍嘍,Shaman,Restoration,healer,Chillwind Point
1621,328.6,303271530,10,Mists of Tirna Scithe,2024-10-27T14:04:45.000Z,1459104,1890999,2,"Xal'atath's Bargain: Ascendant, Fortified, Challenger's Peril, Tyrannical",吸毒人生,Warlock,Demonology,dps,Icecrown
1622,328.6,307344762,10,Mists of Tirna Scithe,2024-11-15T17:27:28.000Z,1459155,1890999,2,"Xal'atath's Bargain: Ascendant, Tyrannical, Challenger's Peril, Fortified",老闆付錢,Paladin,Protection,tank,Frostmane
1622,328.6,307344762,10,Mists of Tirna Scithe,2024-11-15T17:27:28.000Z,1459155,1890999,2,"Xal'atath's Bargain: Ascendant, Tyrannical, Challenger's Peril, Fortified",小兲蛋,Shaman,Restoration,healer,Frostmane
1622,328.6,307344762,10,Mists of Tirna Scithe,2024-11-15T17:27:28.000Z,1459155,1890999,2,"Xal'atath's Bargain: Ascendant, Tyrannical, Challenger's Peril, Fortified",石小傑,Druid,Balance,dps,World Tree
1622,328.6,307344762,10,Mists of Tirna Scithe,2024-11-15T17:27:28.000Z,1459155,1890999,2,"Xal'atath's Bargain: Ascendant, Tyrannical, Challenger's Peril, Fortified",由理,Priest,Shadow,dps,Menethil
1622,328.6,307344762,10,Mists of Tirna Scithe,2024-11-15T17:27:28.000Z,1459155,1890999,2,"Xal'atath's Bargain: Ascendant, Tyrannical, Challenger's Peril, Fortified",鎗鋒,Death Knight,Frost,dps,Menethil
1623,328.6,307264359,10,Mists of Tirna Scithe,2024-11-15T03:41:13.000Z,1459820,1890999,2,"Xal'atath's Bargain: Ascendant, Tyrannical, Challenger's Peril, Fortified",克勞奇,Druid,Restoration,healer,World Tree
1623,328.6,307264359,10,Mists of Tirna Scithe,2024-11-15T03:41:13.000Z,1459820,1890999,2,"Xal'atath's Bargain: Ascendant, Tyrannical, Challenger's Peril, Fortified",犀牛,Paladin,Protection,tank,Shadowmoon
1623,328.6,307264359,10,Mists of Tirna Scithe,2024-11-15T03:41:13.000Z,1459820,1890999,2,"Xal'atath's Bargain: Ascendant, Tyrannical, Challenger's Peril, Fortified",Monkeypox,Paladin,Retribution,dps,Dragonmaw
1623,328.6,307264359,10,Mists of Tirna Scithe,2024-11-15T03:41:13.000Z,1459820,1890999,2,"Xal'atath's Bargain: Ascendant, Tyrannical, Challenger's Peril, Fortified",看我就羊你,Mage,Frost,dps,Chillwind Point
1623,328.6,307264359,10,Mists of Tirna Scithe,2024-11-15T03:41:13.000Z,1459820,1890999,2,"Xal'atath's Bargain: Ascendant, Tyrannical, Challenger's Peril, Fortified",醉生大燻腸,Death Knight,Frost,dps,Demon Fall Canyon
1624,328.5,307174781,10,Mists of Tirna Scithe,2024-11-14T16:51:52.000Z,1459932,1890999,2,"Xal'atath's Bargain: Ascendant, Tyrannical, Challenger's Peril, Fortified",Anon1F66B0,Warlock,Affliction,dps,Anonymous
1624,328.5,307174781,10,Mists of Tirna Scithe,2024-11-14T16:51:52.000Z,1459932,1890999,2,"Xal'atath's Bargain: Ascendant, Tyrannical, Challenger's Peril, Fortified",寂靜的冬天,Rogue,Outlaw,dps,Dragonmaw
1624,328.5,307174781,10,Mists of Tirna Scithe,2024-11-14T16:51:52.000Z,1459932,1890999,2,"Xal'atath's Bargain: Ascendant, Tyrannical, Challenger's Peril, Fortified",潼兒,Priest,Discipline,healer,Dragonmaw
1624,328.5,307174781,10,Mists of Tirna Scithe,2024-11-14T16:51:52.000Z,1459932,1890999,2,"Xal'atath's Bargain: Ascendant, Tyrannical, Challenger's Peril, Fortified",無衍流,Paladin,Protection,tank,Dragonmaw
1624,328.5,307174781,10,Mists of Tirna Scithe,2024-11-14T16:51:52.000Z,1459932,1890999,2,"Xal'atath's Bargain: Ascendant, Tyrannical, Challenger's Peril, Fortified",璘璘珊珊,Hunter,Marksmanship,dps,Whisperwind
1625,328.5,303679724,10,Mists of Tirna Scithe,2024-10-29T19:22:39.000Z,1460008,1890999,2,"Xal'atath's Bargain: Ascendant, Fortified, Challenger's Peril, Tyrannical",紫晨曦,Paladin,Holy,healer,Nightsong
1625,328.5,303679724,10,Mists of Tirna Scithe,2024-10-29T19:22:39.000Z,1460008,1890999,2,"Xal'atath's Bargain: Ascendant, Fortified, Challenger's Peril, Tyrannical",Hehecattle,Paladin,Protection,tank,Nightsong
1625,328.5,303679724,10,Mists of Tirna Scithe,2024-10-29T19:22:39.000Z,1460008,1890999,2,"Xal'atath's Bargain: Ascendant, Fortified, Challenger's Peril, Tyrannical",Kuromii,Paladin,Retribution,dps,Nightsong
1625,328.5,303679724,10,Mists of Tirna Scithe,2024-10-29T19:22:39.000Z,1460008,1890999,2,"Xal'atath's Bargain: Ascendant, Fortified, Challenger's Peril, Tyrannical",懷真,Paladin,Retribution,dps,Nightsong
1625,328.5,303679724,10,Mists of Tirna Scithe,2024-10-29T19:22:39.000Z,1460008,1890999,2,"Xal'atath's Bargain: Ascendant, Fortified, Challenger's Peril, Tyrannical",Pureedward,Hunter,Marksmanship,dps,Nightsong
1626,328.5,307502795,10,Mists of Tirna Scithe,2024-11-16T13:48:08.000Z,1460012,1890999,2,"Xal'atath's Bargain: Ascendant, Tyrannical, Challenger's Peril, Fortified",楓纓,Druid,Restoration,healer,Skywall
1626,328.5,307502795,10,Mists of Tirna Scithe,2024-11-16T13:48:08.000Z,1460012,1890999,2,"Xal'atath's Bargain: Ascendant, Tyrannical, Challenger's Peril, Fortified",搞怪,Shaman,Elemental,dps,Skywall
1626,328.5,307502795,10,Mists of Tirna Scithe,2024-11-16T13:48:08.000Z,1460012,1890999,2,"Xal'atath's Bargain: Ascendant, Tyrannical, Challenger's Peril, Fortified",二哈絲絲,Death Knight,Blood,tank,Skywall
1626,328.5,307502795,10,Mists of Tirna Scithe,2024-11-16T13:48:08.000Z,1460012,1890999,2,"Xal'atath's Bargain: Ascendant, Tyrannical, Challenger's Peril, Fortified",欸那個聖騎,Paladin,Retribution,dps,Sundown Marsh
1626,328.5,307502795,10,Mists of Tirna Scithe,2024-11-16T13:48:08.000Z,1460012,1890999,2,"Xal'atath's Bargain: Ascendant, Tyrannical, Challenger's Peril, Fortified",Wasker,Rogue,Assassination,dps,World Tree
1627,328.5,308130826,10,Mists of Tirna Scithe,2024-11-19T16:32:02.000Z,1460013,1890999,2,"Xal'atath's Bargain: Ascendant, Tyrannical, Challenger's Peril, Fortified",月之狩獵,Demon Hunter,Havoc,dps,Silverwing Hold
1627,328.5,308130826,10,Mists of Tirna Scithe,2024-11-19T16:32:02.000Z,1460013,1890999,2,"Xal'atath's Bargain: Ascendant, Tyrannical, Challenger's Peril, Fortified",殘神歸位,Paladin,Retribution,dps,Silverwing Hold
1627,328.5,308130826,10,Mists of Tirna Scithe,2024-11-19T16:32:02.000Z,1460013,1890999,2,"Xal'atath's Bargain: Ascendant, Tyrannical, Challenger's Peril, Fortified",電療專家,Shaman,Restoration,healer,Menethil
1627,328.5,308130826,10,Mists of Tirna Scithe,2024-11-19T16:32:02.000Z,1460013,1890999,2,"Xal'atath's Bargain: Ascendant, Tyrannical, Challenger's Peril, Fortified",弒魂德,Druid,Guardian,tank,World Tree
1627,328.5,308130826,10,Mists of Tirna Scithe,2024-11-19T16:32:02.000Z,1460013,1890999,2,"Xal'atath's Bargain: Ascendant, Tyrannical, Challenger's Peril, Fortified",牛頭人薩滿,Shaman,Elemental,dps,World Tree
1628,328.5,308239985,10,Mists of Tirna Scithe,2024-11-20T02:46:59.000Z,1460363,1890999,2,"Xal'atath's Bargain: Ascendant, Tyrannical, Challenger's Peril, Fortified",星曜,Shaman,Restoration,healer,Whisperwind
1628,328.5,308239985,10,Mists of Tirna Scithe,2024-11-20T02:46:59.000Z,1460363,1890999,2,"Xal'atath's Bargain: Ascendant, Tyrannical, Challenger's Peril, Fortified",修真聊天群,Paladin,Retribution,dps,Shadowmoon
1628,328.5,308239985,10,Mists of Tirna Scithe,2024-11-20T02:46:59.000Z,1460363,1890999,2,"Xal'atath's Bargain: Ascendant, Tyrannical, Challenger's Peril, Fortified",夏薩,Shaman,Elemental,dps,Shadowmoon
1628,328.5,308239985,10,Mists of Tirna Scithe,2024-11-20T02:46:59.000Z,1460363,1890999,2,"Xal'atath's Bargain: Ascendant, Tyrannical, Challenger's Peril, Fortified",語意如夢,Paladin,Retribution,dps,Shadowmoon
1628,328.5,308239985,10,Mists of Tirna Scithe,2024-11-20T02:46:59.000Z,1460363,1890999,2,"Xal'atath's Bargain: Ascendant, Tyrannical, Challenger's Peril, Fortified",Ermoo,Paladin,Protection,tank,Whisperwind
1629,328.5,307550355,10,Mists of Tirna Scithe,2024-11-16T18:22:47.000Z,1460544,1890999,2,"Xal'atath's Bargain: Ascendant, Tyrannical, Challenger's Peril, Fortified",Clemon,Demon Hunter,Vengeance,tank,Whisperwind
1629,328.5,307550355,10,Mists of Tirna Scithe,2024-11-16T18:22:47.000Z,1460544,1890999,2,"Xal'atath's Bargain: Ascendant, Tyrannical, Challenger's Peril, Fortified",呂法蘭絲忒荿,Mage,Arcane,dps,Arygos
1629,328.5,307550355,10,Mists of Tirna Scithe,2024-11-16T18:22:47.000Z,1460544,1890999,2,"Xal'atath's Bargain: Ascendant, Tyrannical, Challenger's Peril, Fortified",Valardohaer,Mage,Frost,dps,Shadowmoon
1629,328.5,307550355,10,Mists of Tirna Scithe,2024-11-16T18:22:47.000Z,1460544,1890999,2,"Xal'atath's Bargain: Ascendant, Tyrannical, Challenger's Peril, Fortified",啾啾軒,Priest,Discipline,healer,Whisperwind
1629,328.5,307550355,10,Mists of Tirna Scithe,2024-11-16T18:22:47.000Z,1460544,1890999,2,"Xal'atath's Bargain: Ascendant, Tyrannical, Challenger's Peril, Fortified",Kaen,Paladin,Retribution,dps,Skywall
1630,328.5,307759865,10,Mists of Tirna Scithe,2024-11-17T13:38:52.000Z,1460730,1890999,2,"Xal'atath's Bargain: Ascendant, Tyrannical, Challenger's Peril, Fortified",黑牛西西,Druid,Balance,dps,Frostmane
1630,328.5,307759865,10,Mists of Tirna Scithe,2024-11-17T13:38:52.000Z,1460730,1890999,2,"Xal'atath's Bargain: Ascendant, Tyrannical, Challenger's Peril, Fortified",狐花皮,Warlock,Destruction,dps,Frostmane
1630,328.5,307759865,10,Mists of Tirna Scithe,2024-11-17T13:38:52.000Z,1460730,1890999,2,"Xal'atath's Bargain: Ascendant, Tyrannical, Challenger's Peril, Fortified",潘妲莉亞,Monk,Mistweaver,healer,Frostmane
1630,328.5,307759865,10,Mists of Tirna Scithe,2024-11-17T13:38:52.000Z,1460730,1890999,2,"Xal'atath's Bargain: Ascendant, Tyrannical, Challenger's Peril, Fortified",Mortalkombat,Monk,Brewmaster,tank,Sundown Marsh
1630,328.5,307759865,10,Mists of Tirna Scithe,2024-11-17T13:38:52.000Z,1460730,1890999,2,"Xal'atath's Bargain: Ascendant, Tyrannical, Challenger's Peril, Fortified",休想叫我當奶,Shaman,Elemental,dps,Frostmane
1631,328.5,303183625,10,Mists of Tirna Scithe,2024-10-27T11:15:54.000Z,1460753,1890999,2,"Xal'atath's Bargain: Ascendant, Fortified, Challenger's Peril, Tyrannical",香蕉果凍,Rogue,Outlaw,dps,Whisperwind
1631,328.5,303183625,10,Mists of Tirna Scithe,2024-10-27T11:15:54.000Z,1460753,1890999,2,"Xal'atath's Bargain: Ascendant, Fortified, Challenger's Peril, Tyrannical",多比愛咬人,Death Knight,Blood,tank,Spirestone
1631,328.5,303183625,10,Mists of Tirna Scithe,2024-10-27T11:15:54.000Z,1460753,1890999,2,"Xal'atath's Bargain: Ascendant, Fortified, Challenger's Peril, Tyrannical",五芒星,Shaman,Restoration,healer,Icecrown
1631,328.5,303183625,10,Mists of Tirna Scithe,2024-10-27T11:15:54.000Z,1460753,1890999,2,"Xal'atath's Bargain: Ascendant, Fortified, Challenger's Peril, Tyrannical",Awakenii-226609384,Druid,Balance,dps,Sundown Marsh
1631,328.5,303183625,10,Mists of Tirna Scithe,2024-10-27T11:15:54.000Z,1460753,1890999,2,"Xal'atath's Bargain: Ascendant, Fortified, Challenger's Peril, Tyrannical",Komainu,Mage,Frost,dps,Sundown Marsh
1632,328.5,307926403,10,Mists of Tirna Scithe,2024-11-18T15:22:17.000Z,1460754,1890999,2,"Xal'atath's Bargain: Ascendant, Tyrannical, Challenger's Peril, Fortified",Ekuria,Death Knight,Blood,tank,Sundown Marsh
1632,328.5,307926403,10,Mists of Tirna Scithe,2024-11-18T15:22:17.000Z,1460754,1890999,2,"Xal'atath's Bargain: Ascendant, Tyrannical, Challenger's Peril, Fortified",Atoras,Paladin,Retribution,dps,Skywall
1632,328.5,307926403,10,Mists of Tirna Scithe,2024-11-18T15:22:17.000Z,1460754,1890999,2,"Xal'atath's Bargain: Ascendant, Tyrannical, Challenger's Peril, Fortified",康薩哈瞇噠,Hunter,Beast Mastery,dps,World Tree
1632,328.5,307926403,10,Mists of Tirna Scithe,2024-11-18T15:22:17.000Z,1460754,1890999,2,"Xal'atath's Bargain: Ascendant, Tyrannical, Challenger's Peril, Fortified",潘妲莉亞,Monk,Mistweaver,healer,Frostmane
1632,328.5,307926403,10,Mists of Tirna Scithe,2024-11-18T15:22:17.000Z,1460754,1890999,2,"Xal'atath's Bargain: Ascendant, Tyrannical, Challenger's Peril, Fortified",桜岛麻衣,Warrior,Fury,dps,Menethil
1633,328.5,307731465,10,Mists of Tirna Scithe,2024-11-17T15:20:28.000Z,1460824,1890999,2,"Xal'atath's Bargain: Ascendant, Tyrannical, Challenger's Peril, Fortified",伊露恩殞落,Death Knight,Blood,tank,Hellscream
1633,328.5,307731465,10,Mists of Tirna Scithe,2024-11-17T15:20:28.000Z,1460824,1890999,2,"Xal'atath's Bargain: Ascendant, Tyrannical, Challenger's Peril, Fortified",Bydp,Priest,Discipline,healer,Frostmane
1633,328.5,307731465,10,Mists of Tirna Scithe,2024-11-17T15:20:28.000Z,1460824,1890999,2,"Xal'atath's Bargain: Ascendant, Tyrannical, Challenger's Peril, Fortified",Jibarogue,Rogue,Outlaw,dps,World Tree
1633,328.5,307731465,10,Mists of Tirna Scithe,2024-11-17T15:20:28.000Z,1460824,1890999,2,"Xal'atath's Bargain: Ascendant, Tyrannical, Challenger's Peril, Fortified",安特術,Warlock,Destruction,dps,Shadowmoon
1633,328.5,307731465,10,Mists of Tirna Scithe,2024-11-17T15:20:28.000Z,1460824,1890999,2,"Xal'atath's Bargain: Ascendant, Tyrannical, Challenger's Peril, Fortified",幽苗,Mage,Frost,dps,Crystalpine Stinger
1634,328.5,303190221,10,Mists of Tirna Scithe,2024-10-27T14:14:40.000Z,1460845,1890999,2,"Xal'atath's Bargain: Ascendant, Fortified, Challenger's Peril, Tyrannical",輝明,Paladin,Protection,tank,Sundown Marsh
1634,328.5,303190221,10,Mists of Tirna Scithe,2024-10-27T14:14:40.000Z,1460845,1890999,2,"Xal'atath's Bargain: Ascendant, Fortified, Challenger's Peril, Tyrannical",英式伯爵奶茶,Shaman,Elemental,dps,Wrathbringer
1634,328.5,303190221,10,Mists of Tirna Scithe,2024-10-27T14:14:40.000Z,1460845,1890999,2,"Xal'atath's Bargain: Ascendant, Fortified, Challenger's Peril, Tyrannical",Blasphemy,Death Knight,Frost,dps,Wrathbringer
1634,328.5,303190221,10,Mists of Tirna Scithe,2024-10-27T14:14:40.000Z,1460845,1890999,2,"Xal'atath's Bargain: Ascendant, Fortified, Challenger's Peril, Tyrannical",矮額,Monk,Mistweaver,healer,Skywall
1634,328.5,303190221,10,Mists of Tirna Scithe,2024-10-27T14:14:40.000Z,1460845,1890999,2,"Xal'atath's Bargain: Ascendant, Fortified, Challenger's Peril, Tyrannical",猜吟蚊,Mage,Frost,dps,Sundown Marsh
1635,328.5,303647065,10,Mists of Tirna Scithe,2024-10-29T12:43:54.000Z,1461369,1890999,2,"Xal'atath's Bargain: Ascendant, Fortified, Challenger's Peril, Tyrannical",克祈,Death Knight,Blood,tank,Quel'dorei
1635,328.5,303647065,10,Mists of Tirna Scithe,2024-10-29T12:43:54.000Z,1461369,1890999,2,"Xal'atath's Bargain: Ascendant, Fortified, Challenger's Peril, Tyrannical",殤痕羽,Demon Hunter,Havoc,dps,Shadowmoon
1635,328.5,303647065,10,Mists of Tirna Scithe,2024-10-29T12:43:54.000Z,1461369,1890999,2,"Xal'atath's Bargain: Ascendant, Fortified, Challenger's Peril, Tyrannical",艾克希,Hunter,Beast Mastery,dps,Spirestone
1635,328.5,303647065,10,Mists of Tirna Scithe,2024-10-29T12:43:54.000Z,1461369,1890999,2,"Xal'atath's Bargain: Ascendant, Fortified, Challenger's Peril, Tyrannical",泰斯特羅莎,Paladin,Holy,healer,Demon Fall Canyon
1635,328.5,303647065,10,Mists of Tirna Scithe,2024-10-29T12:43:54.000Z,1461369,1890999,2,"Xal'atath's Bargain: Ascendant, Fortified, Challenger's Peril, Tyrannical",Nani,Monk,Windwalker,dps,Spirestone
1636,328.5,307917762,10,Mists of Tirna Scithe,2024-11-18T15:06:33.000Z,1461417,1890999,2,"Xal'atath's Bargain: Ascendant, Tyrannical, Challenger's Peril, Fortified",Waltmax,Paladin,Retribution,dps,Shadowmoon
1636,328.5,307917762,10,Mists of Tirna Scithe,2024-11-18T15:06:33.000Z,1461417,1890999,2,"Xal'atath's Bargain: Ascendant, Tyrannical, Challenger's Peril, Fortified",豈有此理,Shaman,Elemental,dps,Wrathbringer
1636,328.5,307917762,10,Mists of Tirna Scithe,2024-11-18T15:06:33.000Z,1461417,1890999,2,"Xal'atath's Bargain: Ascendant, Tyrannical, Challenger's Peril, Fortified",狂戰者,Warrior,Fury,dps,Crystalpine Stinger
1636,328.5,307917762,10,Mists of Tirna Scithe,2024-11-18T15:06:33.000Z,1461417,1890999,2,"Xal'atath's Bargain: Ascendant, Tyrannical, Challenger's Peril, Fortified",瑪莎拉牛排,Warrior,Protection,tank,Crystalpine Stinger
1636,328.5,307917762,10,Mists of Tirna Scithe,2024-11-18T15:06:33.000Z,1461417,1890999,2,"Xal'atath's Bargain: Ascendant, Tyrannical, Challenger's Peril, Fortified",風怒打兩下,Shaman,Restoration,healer,Menethil
1637,328.5,308062775,10,Mists of Tirna Scithe,2024-11-19T11:34:47.000Z,1461644,1890999,2,"Xal'atath's Bargain: Ascendant, Tyrannical, Challenger's Peril, Fortified",Xiaoming,Demon Hunter,Vengeance,tank,Chillwind Point
1637,328.5,308062775,10,Mists of Tirna Scithe,2024-11-19T11:34:47.000Z,1461644,1890999,2,"Xal'atath's Bargain: Ascendant, Tyrannical, Challenger's Peril, Fortified",Tiffanybbgg,Priest,Discipline,healer,Shadowmoon
1637,328.5,308062775,10,Mists of Tirna Scithe,2024-11-19T11:34:47.000Z,1461644,1890999,2,"Xal'atath's Bargain: Ascendant, Tyrannical, Challenger's Peril, Fortified",冇乜特別意義,Druid,Balance,dps,Chillwind Point
1637,328.5,308062775,10,Mists of Tirna Scithe,2024-11-19T11:34:47.000Z,1461644,1890999,2,"Xal'atath's Bargain: Ascendant, Tyrannical, Challenger's Peril, Fortified",死亡常伴吾身,Death Knight,Frost,dps,Arthas
1637,328.5,308062775,10,Mists of Tirna Scithe,2024-11-19T11:34:47.000Z,1461644,1890999,2,"Xal'atath's Bargain: Ascendant, Tyrannical, Challenger's Peril, Fortified",腳趾尾抽筋,Shaman,Enhancement,dps,Shadowmoon
1638,328.5,307513592,10,Mists of Tirna Scithe,2024-11-16T15:07:25.000Z,1461844,1890999,2,"Xal'atath's Bargain: Ascendant, Tyrannical, Challenger's Peril, Fortified",悠悠我伈,Druid,Restoration,healer,Dragonmaw
1638,328.5,307513592,10,Mists of Tirna Scithe,2024-11-16T15:07:25.000Z,1461844,1890999,2,"Xal'atath's Bargain: Ascendant, Tyrannical, Challenger's Peril, Fortified",小術波波,Warlock,Destruction,dps,Shadowmoon
1638,328.5,307513592,10,Mists of Tirna Scithe,2024-11-16T15:07:25.000Z,1461844,1890999,2,"Xal'atath's Bargain: Ascendant, Tyrannical, Challenger's Peril, Fortified",牛扭牛扭牛,Druid,Guardian,tank,Silverwing Hold
1638,328.5,307513592,10,Mists of Tirna Scithe,2024-11-16T15:07:25.000Z,1461844,1890999,2,"Xal'atath's Bargain: Ascendant, Tyrannical, Challenger's Peril, Fortified",Enfp,Hunter,Survival,dps,Shadowmoon
1638,328.5,307513592,10,Mists of Tirna Scithe,2024-11-16T15:07:25.000Z,1461844,1890999,2,"Xal'atath's Bargain: Ascendant, Tyrannical, Challenger's Peril, Fortified",玥鈴,Paladin,Retribution,dps,Nightsong
1639,328.5,303194604,10,Mists of Tirna Scithe,2024-10-27T14:05:30.000Z,1461854,1890999,2,"Xal'atath's Bargain: Ascendant, Fortified, Challenger's Peril, Tyrannical",蜜香大冇紅茶,Death Knight,Blood,tank,Sundown Marsh
1639,328.5,303194604,10,Mists of Tirna Scithe,2024-10-27T14:05:30.000Z,1461854,1890999,2,"Xal'atath's Bargain: Ascendant, Fortified, Challenger's Peril, Tyrannical",長得像聖騎,Warrior,Fury,dps,Crystalpine Stinger
1639,328.5,303194604,10,Mists of Tirna Scithe,2024-10-27T14:05:30.000Z,1461854,1890999,2,"Xal'atath's Bargain: Ascendant, Fortified, Challenger's Peril, Tyrannical",Vsop,Paladin,Retribution,dps,Chillwind Point
1639,328.5,303194604,10,Mists of Tirna Scithe,2024-10-27T14:05:30.000Z,1461854,1890999,2,"Xal'atath's Bargain: Ascendant, Fortified, Challenger's Peril, Tyrannical",德益智,Druid,Balance,dps,Arthas
1639,328.5,303194604,10,Mists of Tirna Scithe,2024-10-27T14:05:30.000Z,1461854,1890999,2,"Xal'atath's Bargain: Ascendant, Fortified, Challenger's Peril, Tyrannical",AnonDAA9DCC,Shaman,Restoration,healer,Anonymous
1640,328.5,307872805,10,Mists of Tirna Scithe,2024-11-18T02:43:23.000Z,1462088,1890999,2,"Xal'atath's Bargain: Ascendant, Tyrannical, Challenger's Peril, Fortified",縫補愛情,Shaman,Enhancement,dps,Skywall
1640,328.5,307872805,10,Mists of Tirna Scithe,2024-11-18T02:43:23.000Z,1462088,1890999,2,"Xal'atath's Bargain: Ascendant, Tyrannical, Challenger's Peril, Fortified",Eccotwok,Paladin,Retribution,dps,Arthas
1640,328.5,307872805,10,Mists of Tirna Scithe,2024-11-18T02:43:23.000Z,1462088,1890999,2,"Xal'atath's Bargain: Ascendant, Tyrannical, Challenger's Peril, Fortified",Verratti,Shaman,Restoration,healer,Skywall
1640,328.5,307872805,10,Mists of Tirna Scithe,2024-11-18T02:43:23.000Z,1462088,1890999,2,"Xal'atath's Bargain: Ascendant, Tyrannical, Challenger's Peril, Fortified",不火,Demon Hunter,Havoc,dps,Wrathbringer
1640,328.5,307872805,10,Mists of Tirna Scithe,2024-11-18T02:43:23.000Z,1462088,1890999,2,"Xal'atath's Bargain: Ascendant, Tyrannical, Challenger's Peril, Fortified",聖光餘孽,Paladin,Protection,tank,World Tree
1641,328.5,303632958,10,Mists of Tirna Scithe,2024-10-29T14:19:59.000Z,1462194,1890999,2,"Xal'atath's Bargain: Ascendant, Fortified, Challenger's Peril, Tyrannical",Makapaka,Paladin,Retribution,dps,Demon Fall Canyon
1641,328.5,303632958,10,Mists of Tirna Scithe,2024-10-29T14:19:59.000Z,1462194,1890999,2,"Xal'atath's Bargain: Ascendant, Fortified, Challenger's Peril, Tyrannical",Ninee,Demon Hunter,Vengeance,tank,Sundown Marsh
1641,328.5,303632958,10,Mists of Tirna Scithe,2024-10-29T14:19:59.000Z,1462194,1890999,2,"Xal'atath's Bargain: Ascendant, Fortified, Challenger's Peril, Tyrannical",細表哥,Hunter,Beast Mastery,dps,Crystalpine Stinger
1641,328.5,303632958,10,Mists of Tirna Scithe,2024-10-29T14:19:59.000Z,1462194,1890999,2,"Xal'atath's Bargain: Ascendant, Fortified, Challenger's Peril, Tyrannical",艾小龍,Evoker,Devastation,dps,Sundown Marsh
1641,328.5,303632958,10,Mists of Tirna Scithe,2024-10-29T14:19:59.000Z,1462194,1890999,2,"Xal'atath's Bargain: Ascendant, Fortified, Challenger's Peril, Tyrannical",璃宮薩曉,Shaman,Restoration,healer,Silverwing Hold
1642,328.5,307685824,10,Mists of Tirna Scithe,2024-11-17T09:28:14.000Z,1462655,1890999,2,"Xal'atath's Bargain: Ascendant, Tyrannical, Challenger's Peril, Fortified",蒼涼的旋律,Mage,Frost,dps,Menethil
1642,328.5,307685824,10,Mists of Tirna Scithe,2024-11-17T09:28:14.000Z,1462655,1890999,2,"Xal'atath's Bargain: Ascendant, Tyrannical, Challenger's Peril, Fortified",地獄殺陣,Warrior,Fury,dps,Sundown Marsh
1642,328.5,307685824,10,Mists of Tirna Scithe,2024-11-17T09:28:14.000Z,1462655,1890999,2,"Xal'atath's Bargain: Ascendant, Tyrannical, Challenger's Peril, Fortified",衝鋒二世,Shaman,Restoration,healer,Nightsong
1642,328.5,307685824,10,Mists of Tirna Scithe,2024-11-17T09:28:14.000Z,1462655,1890999,2,"Xal'atath's Bargain: Ascendant, Tyrannical, Challenger's Peril, Fortified",哈咩哈,Paladin,Protection,tank,Nightsong
1642,328.5,307685824,10,Mists of Tirna Scithe,2024-11-17T09:28:14.000Z,1462655,1890999,2,"Xal'atath's Bargain: Ascendant, Tyrannical, Challenger's Peril, Fortified",鼠咪,Rogue,Assassination,dps,Bleeding Hollow
1643,328.5,302511169,10,Mists of Tirna Scithe,2024-10-24T16:17:36.000Z,1462668,1890999,2,"Xal'atath's Bargain: Ascendant, Fortified, Challenger's Peril, Tyrannical",秘銀礦石,Paladin,Retribution,dps,Shadowmoon
1643,328.5,302511169,10,Mists of Tirna Scithe,2024-10-24T16:17:36.000Z,1462668,1890999,2,"Xal'atath's Bargain: Ascendant, Fortified, Challenger's Peril, Tyrannical",亨耳氏套-55926429,Rogue,Assassination,dps,Frostmane
1643,328.5,302511169,10,Mists of Tirna Scithe,2024-10-24T16:17:36.000Z,1462668,1890999,2,"Xal'atath's Bargain: Ascendant, Fortified, Challenger's Peril, Tyrannical",虔誠聖光,Paladin,Protection,tank,Frostmane
1643,328.5,302511169,10,Mists of Tirna Scithe,2024-10-24T16:17:36.000Z,1462668,1890999,2,"Xal'atath's Bargain: Ascendant, Fortified, Challenger's Peril, Tyrannical",獸人硬起來,Shaman,Elemental,dps,Sundown Marsh
1643,328.5,302511169,10,Mists of Tirna Scithe,2024-10-24T16:17:36.000Z,1462668,1890999,2,"Xal'atath's Bargain: Ascendant, Fortified, Challenger's Peril, Tyrannical",空氣清新噴霧,Shaman,Restoration,healer,Frostmane
1644,328.5,307361883,10,Mists of Tirna Scithe,2024-11-15T19:08:46.000Z,1463341,1890999,2,"Xal'atath's Bargain: Ascendant, Tyrannical, Challenger's Peril, Fortified",水元素,Death Knight,Blood,tank,Arthas
1644,328.5,307361883,10,Mists of Tirna Scithe,2024-11-15T19:08:46.000Z,1463341,1890999,2,"Xal'atath's Bargain: Ascendant, Tyrannical, Challenger's Peril, Fortified",由美晴子,Priest,Discipline,healer,Shadowmoon
1644,328.5,307361883,10,Mists of Tirna Scithe,2024-11-15T19:08:46.000Z,1463341,1890999,2,"Xal'atath's Bargain: Ascendant, Tyrannical, Challenger's Peril, Fortified",Nyx,Death Knight,Unholy,dps,Silverwing Hold
1644,328.5,307361883,10,Mists of Tirna Scithe,2024-11-15T19:08:46.000Z,1463341,1890999,2,"Xal'atath's Bargain: Ascendant, Tyrannical, Challenger's Peril, Fortified",扁人學博士,Monk,Windwalker,dps,Icecrown
1644,328.5,307361883,10,Mists of Tirna Scithe,2024-11-15T19:08:46.000Z,1463341,1890999,2,"Xal'atath's Bargain: Ascendant, Tyrannical, Challenger's Peril, Fortified",羽山檎野,Mage,Frost,dps,Shadowmoon
1645,328.5,307303698,10,Mists of Tirna Scithe,2024-11-15T11:30:14.000Z,1463963,1890999,2,"Xal'atath's Bargain: Ascendant, Tyrannical, Challenger's Peril, Fortified",浮士德遊魂,Mage,Frost,dps,Crystalpine Stinger
1645,328.5,307303698,10,Mists of Tirna Scithe,2024-11-15T11:30:14.000Z,1463963,1890999,2,"Xal'atath's Bargain: Ascendant, Tyrannical, Challenger's Peril, Fortified",獨自流浪,Rogue,Outlaw,dps,World Tree
1645,328.5,307303698,10,Mists of Tirna Scithe,2024-11-15T11:30:14.000Z,1463963,1890999,2,"Xal'atath's Bargain: Ascendant, Tyrannical, Challenger's Peril, Fortified",塞林酸菜鍋,Druid,Guardian,tank,World Tree
1645,328.5,307303698,10,Mists of Tirna Scithe,2024-11-15T11:30:14.000Z,1463963,1890999,2,"Xal'atath's Bargain: Ascendant, Tyrannical, Challenger's Peril, Fortified",哈梅内伊,Shaman,Restoration,healer,Icecrown
1645,328.5,307303698,10,Mists of Tirna Scithe,2024-11-15T11:30:14.000Z,1463963,1890999,2,"Xal'atath's Bargain: Ascendant, Tyrannical, Challenger's Peril, Fortified",亞德里亞,Paladin,Retribution,dps,Icecrown
1646,328.5,303680520,10,Mists of Tirna Scithe,2024-10-29T14:01:27.000Z,1464473,1890999,2,"Xal'atath's Bargain: Ascendant, Fortified, Challenger's Peril, Tyrannical",傲劍寒心,Hunter,Survival,dps,Shadowmoon
1646,328.5,303680520,10,Mists of Tirna Scithe,2024-10-29T14:01:27.000Z,1464473,1890999,2,"Xal'atath's Bargain: Ascendant, Fortified, Challenger's Peril, Tyrannical",諾兒艾,Paladin,Retribution,dps,Sundown Marsh
1646,328.5,303680520,10,Mists of Tirna Scithe,2024-10-29T14:01:27.000Z,1464473,1890999,2,"Xal'atath's Bargain: Ascendant, Fortified, Challenger's Peril, Tyrannical",薩滿喵,Shaman,Restoration,healer,Shadowmoon
1646,328.5,303680520,10,Mists of Tirna Scithe,2024-10-29T14:01:27.000Z,1464473,1890999,2,"Xal'atath's Bargain: Ascendant, Fortified, Challenger's Peril, Tyrannical",糖霜可可,Priest,Shadow,dps,Quel'dorei
1646,328.5,303680520,10,Mists of Tirna Scithe,2024-10-29T14:01:27.000Z,1464473,1890999,2,"Xal'atath's Bargain: Ascendant, Fortified, Challenger's Peril, Tyrannical",讓猛的來,Monk,Brewmaster,tank,Shadowmoon
1647,328.4,307911799,10,Mists of Tirna Scithe,2024-11-18T15:21:11.000Z,1465066,1890999,2,"Xal'atath's Bargain: Ascendant, Tyrannical, Challenger's Peril, Fortified",榮光胖胖,Paladin,Retribution,dps,Nightsong
1647,328.4,307911799,10,Mists of Tirna Scithe,2024-11-18T15:21:11.000Z,1465066,1890999,2,"Xal'atath's Bargain: Ascendant, Tyrannical, Challenger's Peril, Fortified",參鄙巴,Warlock,Demonology,dps,Wrathbringer
1647,328.4,307911799,10,Mists of Tirna Scithe,2024-11-18T15:21:11.000Z,1465066,1890999,2,"Xal'atath's Bargain: Ascendant, Tyrannical, Challenger's Peril, Fortified",殘忍溫柔,Druid,Guardian,tank,Frostmane
1647,328.4,307911799,10,Mists of Tirna Scithe,2024-11-18T15:21:11.000Z,1465066,1890999,2,"Xal'atath's Bargain: Ascendant, Tyrannical, Challenger's Peril, Fortified",一直趴,Shaman,Restoration,healer,Frostmane
1647,328.4,307911799,10,Mists of Tirna Scithe,2024-11-18T15:21:11.000Z,1465066,1890999,2,"Xal'atath's Bargain: Ascendant, Tyrannical, Challenger's Peril, Fortified",天空硬邦邦,Paladin,Retribution,dps,Nightsong
1648,328.4,302873060,10,Mists of Tirna Scithe,2024-10-26T08:19:47.000Z,1465668,1890999,2,"Xal'atath's Bargain: Ascendant, Fortified, Challenger's Peril, Tyrannical",三逼八改,Shaman,Elemental,dps,Demon Fall Canyon
1648,328.4,302873060,10,Mists of Tirna Scithe,2024-10-26T08:19:47.000Z,1465668,1890999,2,"Xal'atath's Bargain: Ascendant, Fortified, Challenger's Peril, Tyrannical",Vellfire,Warrior,Fury,dps,Quel'dorei
1648,328.4,302873060,10,Mists of Tirna Scithe,2024-10-26T08:19:47.000Z,1465668,1890999,2,"Xal'atath's Bargain: Ascendant, Fortified, Challenger's Peril, Tyrannical",桃園吳君如,Shaman,Restoration,healer,Crystalpine Stinger
1648,328.4,302873060,10,Mists of Tirna Scithe,2024-10-26T08:19:47.000Z,1465668,1890999,2,"Xal'atath's Bargain: Ascendant, Fortified, Challenger's Peril, Tyrannical",老亮,Warrior,Fury,dps,Arthas
1648,328.4,302873060,10,Mists of Tirna Scithe,2024-10-26T08:19:47.000Z,1465668,1890999,2,"Xal'atath's Bargain: Ascendant, Fortified, Challenger's Peril, Tyrannical",巫妖汪汪,Death Knight,Blood,tank,Arthas
1649,328.4,307463471,10,Mists of Tirna Scithe,2024-11-16T07:02:56.000Z,1465959,1890999,2,"Xal'atath's Bargain: Ascendant, Tyrannical, Challenger's Peril, Fortified",射大包天,Hunter,Beast Mastery,dps,Stormscale
1649,328.4,307463471,10,Mists of Tirna Scithe,2024-11-16T07:02:56.000Z,1465959,1890999,2,"Xal'atath's Bargain: Ascendant, Tyrannical, Challenger's Peril, Fortified",不相信聖光,Death Knight,Blood,tank,Icecrown
1649,328.4,307463471,10,Mists of Tirna Scithe,2024-11-16T07:02:56.000Z,1465959,1890999,2,"Xal'atath's Bargain: Ascendant, Tyrannical, Challenger's Peril, Fortified",穢邪路路,Death Knight,Unholy,dps,Arygos
1649,328.4,307463471,10,Mists of Tirna Scithe,2024-11-16T07:02:56.000Z,1465959,1890999,2,"Xal'atath's Bargain: Ascendant, Tyrannical, Challenger's Peril, Fortified",一殘兵一,Paladin,Retribution,dps,Whisperwind
1649,328.4,307463471,10,Mists of Tirna Scithe,2024-11-16T07:02:56.000Z,1465959,1890999,2,"Xal'atath's Bargain: Ascendant, Tyrannical, Challenger's Peril, Fortified",Maxadaxedaxe,Shaman,Restoration,healer,Stormscale
1650,328.4,308111327,10,Mists of Tirna Scithe,2024-11-19T13:50:16.000Z,1466109,1890999,2,"Xal'atath's Bargain: Ascendant, Tyrannical, Challenger's Peril, Fortified",艾洛小饅頭,Paladin,Retribution,dps,Shadowmoon
1650,328.4,308111327,10,Mists of Tirna Scithe,2024-11-19T13:50:16.000Z,1466109,1890999,2,"Xal'atath's Bargain: Ascendant, Tyrannical, Challenger's Peril, Fortified",菲力薩隆,Shaman,Enhancement,dps,Sundown Marsh
1650,328.4,308111327,10,Mists of Tirna Scithe,2024-11-19T13:50:16.000Z,1466109,1890999,2,"Xal'atath's Bargain: Ascendant, Tyrannical, Challenger's Peril, Fortified",小霜,Warlock,Demonology,dps,World Tree
1650,328.4,308111327,10,Mists of Tirna Scithe,2024-11-19T13:50:16.000Z,1466109,1890999,2,"Xal'atath's Bargain: Ascendant, Tyrannical, Challenger's Peril, Fortified",Yasirparty,Warrior,Protection,tank,Arygos
1650,328.4,308111327,10,Mists of Tirna Scithe,2024-11-19T13:50:16.000Z,1466109,1890999,2,"Xal'atath's Bargain: Ascendant, Tyrannical, Challenger's Peril, Fortified",Chinm,Shaman,Restoration,healer,Shadowmoon
1651,328.4,307334635,10,Mists of Tirna Scithe,2024-11-17T16:28:52.000Z,1466241,1890999,2,"Xal'atath's Bargain: Ascendant, Tyrannical, Challenger's Peril, Fortified",胖胖滴熊,Druid,Balance,dps,Menethil
1651,328.4,307334635,10,Mists of Tirna Scithe,2024-11-17T16:28:52.000Z,1466241,1890999,2,"Xal'atath's Bargain: Ascendant, Tyrannical, Challenger's Peril, Fortified",薩庫魯,Warrior,Protection,tank,Menethil
1651,328.4,307334635,10,Mists of Tirna Scithe,2024-11-17T16:28:52.000Z,1466241,1890999,2,"Xal'atath's Bargain: Ascendant, Tyrannical, Challenger's Peril, Fortified",烏力阿婆嚇嚇,Evoker,Preservation,healer,Menethil
1651,328.4,307334635,10,Mists of Tirna Scithe,2024-11-17T16:28:52.000Z,1466241,1890999,2,"Xal'atath's Bargain: Ascendant, Tyrannical, Challenger's Peril, Fortified",燃魂薩克,Warlock,Demonology,dps,Menethil
1651,328.4,307334635,10,Mists of Tirna Scithe,2024-11-17T16:28:52.000Z,1466241,1890999,2,"Xal'atath's Bargain: Ascendant, Tyrannical, Challenger's Peril, Fortified",歐皇專家爾泰,Druid,Feral,dps,Menethil
1652,328.4,308245956,10,Mists of Tirna Scithe,2024-11-20T07:28:51.000Z,1466248,1890999,2,"Xal'atath's Bargain: Ascendant, Tyrannical, Challenger's Peril, Fortified",獨酌飲月,Priest,Discipline,healer,Dragonmaw
1652,328.4,308245956,10,Mists of Tirna Scithe,2024-11-20T07:28:51.000Z,1466248,1890999,2,"Xal'atath's Bargain: Ascendant, Tyrannical, Challenger's Peril, Fortified",強力火車,Death Knight,Blood,tank,Arygos
1652,328.4,308245956,10,Mists of Tirna Scithe,2024-11-20T07:28:51.000Z,1466248,1890999,2,"Xal'atath's Bargain: Ascendant, Tyrannical, Challenger's Peril, Fortified",姬娜,Shaman,Enhancement,dps,Shadowmoon
1652,328.4,308245956,10,Mists of Tirna Scithe,2024-11-20T07:28:51.000Z,1466248,1890999,2,"Xal'atath's Bargain: Ascendant, Tyrannical, Challenger's Peril, Fortified",獵小熊,Hunter,Beast Mastery,dps,Shadowmoon
1652,328.4,308245956,10,Mists of Tirna Scithe,2024-11-20T07:28:51.000Z,1466248,1890999,2,"Xal'atath's Bargain: Ascendant, Tyrannical, Challenger's Peril, Fortified",Ycmage,Mage,Fire,dps,Menethil
1653,328.4,308065952,10,Mists of Tirna Scithe,2024-11-18T12:36:27.000Z,1466299,1890999,2,"Xal'atath's Bargain: Ascendant, Tyrannical, Challenger's Peril, Fortified",菈茲,Shaman,Enhancement,dps,Arthas
1653,328.4,308065952,10,Mists of Tirna Scithe,2024-11-18T12:36:27.000Z,1466299,1890999,2,"Xal'atath's Bargain: Ascendant, Tyrannical, Challenger's Peril, Fortified",Pepper,Hunter,Survival,dps,Arthas
1653,328.4,308065952,10,Mists of Tirna Scithe,2024-11-18T12:36:27.000Z,1466299,1890999,2,"Xal'atath's Bargain: Ascendant, Tyrannical, Challenger's Peril, Fortified",房子壓死愛情,Death Knight,Blood,tank,Chillwind Point
1653,328.4,308065952,10,Mists of Tirna Scithe,2024-11-18T12:36:27.000Z,1466299,1890999,2,"Xal'atath's Bargain: Ascendant, Tyrannical, Challenger's Peril, Fortified",芯嫙,Paladin,Holy,healer,Spirestone
1653,328.4,308065952,10,Mists of Tirna Scithe,2024-11-18T12:36:27.000Z,1466299,1890999,2,"Xal'atath's Bargain: Ascendant, Tyrannical, Challenger's Peril, Fortified",兩津不堪一吉,Warlock,Demonology,dps,Bleeding Hollow
1654,328.4,308306957,10,Mists of Tirna Scithe,2024-11-20T17:44:16.000Z,1466334,1890999,2,"Xal'atath's Bargain: Ascendant, Tyrannical, Challenger's Peril, Fortified",彷彿不見明日,Monk,Brewmaster,tank,Crystalpine Stinger
1654,328.4,308306957,10,Mists of Tirna Scithe,2024-11-20T17:44:16.000Z,1466334,1890999,2,"Xal'atath's Bargain: Ascendant, Tyrannical, Challenger's Peril, Fortified",寧采臣,Priest,Discipline,healer,Bleeding Hollow
1654,328.4,308306957,10,Mists of Tirna Scithe,2024-11-20T17:44:16.000Z,1466334,1890999,2,"Xal'atath's Bargain: Ascendant, Tyrannical, Challenger's Peril, Fortified",火痞卡卡,Mage,Frost,dps,Whisperwind
1654,328.4,308306957,10,Mists of Tirna Scithe,2024-11-20T17:44:16.000Z,1466334,1890999,2,"Xal'atath's Bargain: Ascendant, Tyrannical, Challenger's Peril, Fortified",蓬托斯,Demon Hunter,Havoc,dps,Demon Fall Canyon
1654,328.4,308306957,10,Mists of Tirna Scithe,2024-11-20T17:44:16.000Z,1466334,1890999,2,"Xal'atath's Bargain: Ascendant, Tyrannical, Challenger's Peril, Fortified",發霉的鯛魚燒,Death Knight,Frost,dps,Shadowmoon
1655,328.4,303531999,10,Mists of Tirna Scithe,2024-10-28T18:05:27.000Z,1466337,1890999,2,"Xal'atath's Bargain: Ascendant, Fortified, Challenger's Peril, Tyrannical",戀羽,Shaman,Restoration,healer,Chillwind Point
1655,328.4,303531999,10,Mists of Tirna Scithe,2024-10-28T18:05:27.000Z,1466337,1890999,2,"Xal'atath's Bargain: Ascendant, Fortified, Challenger's Peril, Tyrannical",叫你阿罵出來,Paladin,Protection,tank,Chillwind Point
1655,328.4,303531999,10,Mists of Tirna Scithe,2024-10-28T18:05:27.000Z,1466337,1890999,2,"Xal'atath's Bargain: Ascendant, Fortified, Challenger's Peril, Tyrannical",Dmajor,Death Knight,Frost,dps,Crystalpine Stinger
1655,328.4,303531999,10,Mists of Tirna Scithe,2024-10-28T18:05:27.000Z,1466337,1890999,2,"Xal'atath's Bargain: Ascendant, Fortified, Challenger's Peril, Tyrannical",淡紫色的回憶,Paladin,Retribution,dps,Crystalpine Stinger
1655,328.4,303531999,10,Mists of Tirna Scithe,2024-10-28T18:05:27.000Z,1466337,1890999,2,"Xal'atath's Bargain: Ascendant, Fortified, Challenger's Peril, Tyrannical",Mokoko,Druid,Balance,dps,Arthas
1656,328.4,302707737,10,Mists of Tirna Scithe,2024-10-25T05:46:10.000Z,1466584,1890999,2,"Xal'atath's Bargain: Ascendant, Fortified, Challenger's Peril, Tyrannical",真情與綠色,Shaman,Elemental,dps,Sundown Marsh
1656,328.4,302707737,10,Mists of Tirna Scithe,2024-10-25T05:46:10.000Z,1466584,1890999,2,"Xal'atath's Bargain: Ascendant, Fortified, Challenger's Peril, Tyrannical",Neroze,Rogue,Assassination,dps,World Tree
1656,328.4,302707737,10,Mists of Tirna Scithe,2024-10-25T05:46:10.000Z,1466584,1890999,2,"Xal'atath's Bargain: Ascendant, Fortified, Challenger's Peril, Tyrannical",大耳喵,Death Knight,Frost,dps,Crystalpine Stinger
1656,328.4,302707737,10,Mists of Tirna Scithe,2024-10-25T05:46:10.000Z,1466584,1890999,2,"Xal'atath's Bargain: Ascendant, Fortified, Challenger's Peril, Tyrannical",霜晴月,Paladin,Protection,tank,Sundown Marsh
1656,328.4,302707737,10,Mists of Tirna Scithe,2024-10-25T05:46:10.000Z,1466584,1890999,2,"Xal'atath's Bargain: Ascendant, Fortified, Challenger's Peril, Tyrannical",Ameth,Priest,Holy,healer,Quel'dorei
1657,328.4,303648986,10,Mists of Tirna Scithe,2024-10-29T13:48:47.000Z,1466585,1890999,2,"Xal'atath's Bargain: Ascendant, Fortified, Challenger's Peril, Tyrannical",怪裡怪氣,Warrior,Protection,tank,Chillwind Point
1657,328.4,303648986,10,Mists of Tirna Scithe,2024-10-29T13:48:47.000Z,1466585,1890999,2,"Xal'atath's Bargain: Ascendant, Fortified, Challenger's Peril, Tyrannical",三逼八改,Shaman,Elemental,dps,Demon Fall Canyon
1657,328.4,303648986,10,Mists of Tirna Scithe,2024-10-29T13:48:47.000Z,1466585,1890999,2,"Xal'atath's Bargain: Ascendant, Fortified, Challenger's Peril, Tyrannical",別說我是牛,Druid,Balance,dps,Chillwind Point
1657,328.4,303648986,10,Mists of Tirna Scithe,2024-10-29T13:48:47.000Z,1466585,1890999,2,"Xal'atath's Bargain: Ascendant, Fortified, Challenger's Peril, Tyrannical",桃園吳君如,Shaman,Restoration,healer,Crystalpine Stinger
1657,328.4,303648986,10,Mists of Tirna Scithe,2024-10-29T13:48:47.000Z,1466585,1890999,2,"Xal'atath's Bargain: Ascendant, Fortified, Challenger's Peril, Tyrannical",善良小咚咚,Priest,Shadow,dps,Zealot Blade
1658,328.4,294596093,10,Mists of Tirna Scithe,2024-09-23T12:24:36.000Z,1466627,1890999,2,"Xal'atath's Bargain: Ascendant, Tyrannical, Challenger's Peril, Fortified",嘎嘎,Demon Hunter,Vengeance,tank,Light's Hope
1658,328.4,294596093,10,Mists of Tirna Scithe,2024-09-23T12:24:36.000Z,1466627,1890999,2,"Xal'atath's Bargain: Ascendant, Tyrannical, Challenger's Peril, Fortified",青眼究極龍,Evoker,Augmentation,dps,Skywall
1658,328.4,294596093,10,Mists of Tirna Scithe,2024-09-23T12:24:36.000Z,1466627,1890999,2,"Xal'atath's Bargain: Ascendant, Tyrannical, Challenger's Peril, Fortified",Stormdruid,Druid,Balance,dps,Shadowmoon
1658,328.4,294596093,10,Mists of Tirna Scithe,2024-09-23T12:24:36.000Z,1466627,1890999,2,"Xal'atath's Bargain: Ascendant, Tyrannical, Challenger's Peril, Fortified",又是你你最爛,Warlock,Destruction,dps,Light's Hope
1658,328.4,294596093,10,Mists of Tirna Scithe,2024-09-23T12:24:36.000Z,1466627,1890999,2,"Xal'atath's Bargain: Ascendant, Tyrannical, Challenger's Peril, Fortified",听風引玉,Shaman,Restoration,healer,Quel'dorei
1659,328.4,307168758,10,Mists of Tirna Scithe,2024-11-14T15:43:16.000Z,1466666,1890999,2,"Xal'atath's Bargain: Ascendant, Tyrannical, Challenger's Peril, Fortified",法蘭西奶酪,Mage,Frost,dps,Wrathbringer
1659,328.4,307168758,10,Mists of Tirna Scithe,2024-11-14T15:43:16.000Z,1466666,1890999,2,"Xal'atath's Bargain: Ascendant, Tyrannical, Challenger's Peril, Fortified",幾度輪迴,Demon Hunter,Vengeance,tank,Crystalpine Stinger
1659,328.4,307168758,10,Mists of Tirna Scithe,2024-11-14T15:43:16.000Z,1466666,1890999,2,"Xal'atath's Bargain: Ascendant, Tyrannical, Challenger's Peril, Fortified",Rerollprisst,Priest,Holy,healer,Wrathbringer
1659,328.4,307168758,10,Mists of Tirna Scithe,2024-11-14T15:43:16.000Z,1466666,1890999,2,"Xal'atath's Bargain: Ascendant, Tyrannical, Challenger's Peril, Fortified",Vici,Rogue,Assassination,dps,Sundown Marsh
1659,328.4,307168758,10,Mists of Tirna Scithe,2024-11-14T15:43:16.000Z,1466666,1890999,2,"Xal'atath's Bargain: Ascendant, Tyrannical, Challenger's Peril, Fortified",小墨汁,Death Knight,Frost,dps,Wrathbringer
1660,328.4,307486538,10,Mists of Tirna Scithe,2024-11-16T11:52:42.000Z,1466764,1890999,2,"Xal'atath's Bargain: Ascendant, Tyrannical, Challenger's Peril, Fortified",梅前川伊芙,Druid,Guardian,tank,Sundown Marsh
1660,328.4,307486538,10,Mists of Tirna Scithe,2024-11-16T11:52:42.000Z,1466764,1890999,2,"Xal'atath's Bargain: Ascendant, Tyrannical, Challenger's Peril, Fortified",希納爾,Paladin,Retribution,dps,Sundown Marsh
1660,328.4,307486538,10,Mists of Tirna Scithe,2024-11-16T11:52:42.000Z,1466764,1890999,2,"Xal'atath's Bargain: Ascendant, Tyrannical, Challenger's Peril, Fortified",Sunnympal,Paladin,Retribution,dps,Frostmane
1660,328.4,307486538,10,Mists of Tirna Scithe,2024-11-16T11:52:42.000Z,1466764,1890999,2,"Xal'atath's Bargain: Ascendant, Tyrannical, Challenger's Peril, Fortified",武壹武,Mage,Arcane,dps,Sundown Marsh
1660,328.4,307486538,10,Mists of Tirna Scithe,2024-11-16T11:52:42.000Z,1466764,1890999,2,"Xal'atath's Bargain: Ascendant, Tyrannical, Challenger's Peril, Fortified",雲朵紫薯那堤,Monk,Mistweaver,healer,Sundown Marsh
1661,328.4,307160406,10,Mists of Tirna Scithe,2024-11-14T14:26:52.000Z,1466890,1890999,2,"Xal'atath's Bargain: Ascendant, Tyrannical, Challenger's Peril, Fortified",熬夜爆肝大師,Paladin,Protection,tank,Icecrown
1661,328.4,307160406,10,Mists of Tirna Scithe,2024-11-14T14:26:52.000Z,1466890,1890999,2,"Xal'atath's Bargain: Ascendant, Tyrannical, Challenger's Peril, Fortified",老介,Hunter,Beast Mastery,dps,Shadowmoon
1661,328.4,307160406,10,Mists of Tirna Scithe,2024-11-14T14:26:52.000Z,1466890,1890999,2,"Xal'atath's Bargain: Ascendant, Tyrannical, Challenger's Peril, Fortified",約克赫爾,Hunter,Beast Mastery,dps,Chillwind Point
1661,328.4,307160406,10,Mists of Tirna Scithe,2024-11-14T14:26:52.000Z,1466890,1890999,2,"Xal'atath's Bargain: Ascendant, Tyrannical, Challenger's Peril, Fortified",肉肉萌寶寶,Monk,Mistweaver,healer,Bleeding Hollow
1661,328.4,307160406,10,Mists of Tirna Scithe,2024-11-14T14:26:52.000Z,1466890,1890999,2,"Xal'atath's Bargain: Ascendant, Tyrannical, Challenger's Peril, Fortified",台灣德第一,Druid,Balance,dps,Arthas
1662,328.4,307128631,10,Mists of Tirna Scithe,2024-11-14T07:02:43.000Z,1466971,1890999,2,"Xal'atath's Bargain: Ascendant, Tyrannical, Challenger's Peril, Fortified",爆菊,Paladin,Retribution,dps,Zealot Blade
1662,328.4,307128631,10,Mists of Tirna Scithe,2024-11-14T07:02:43.000Z,1466971,1890999,2,"Xal'atath's Bargain: Ascendant, Tyrannical, Challenger's Peril, Fortified",低調就好,Demon Hunter,Vengeance,tank,Demon Fall Canyon
1662,328.4,307128631,10,Mists of Tirna Scithe,2024-11-14T07:02:43.000Z,1466971,1890999,2,"Xal'atath's Bargain: Ascendant, Tyrannical, Challenger's Peril, Fortified",喜歡睡覺的貓,Death Knight,Unholy,dps,Demon Fall Canyon
1662,328.4,307128631,10,Mists of Tirna Scithe,2024-11-14T07:02:43.000Z,1466971,1890999,2,"Xal'atath's Bargain: Ascendant, Tyrannical, Challenger's Peril, Fortified",歲月留憾,Evoker,Devastation,dps,Demon Fall Canyon
1662,328.4,307128631,10,Mists of Tirna Scithe,2024-11-14T07:02:43.000Z,1466971,1890999,2,"Xal'atath's Bargain: Ascendant, Tyrannical, Challenger's Peril, Fortified",Opopopya,Priest,Discipline,healer,Sundown Marsh
1663,328.4,302472292,10,Mists of Tirna Scithe,2024-10-24T12:57:25.000Z,1467029,1890999,2,"Xal'atath's Bargain: Ascendant, Fortified, Challenger's Peril, Tyrannical",我補血,Priest,Discipline,healer,Zealot Blade
1663,328.4,302472292,10,Mists of Tirna Scithe,2024-10-24T12:57:25.000Z,1467029,1890999,2,"Xal'atath's Bargain: Ascendant, Fortified, Challenger's Peril, Tyrannical",Oofasi,Mage,Arcane,dps,Sundown Marsh
1663,328.4,302472292,10,Mists of Tirna Scithe,2024-10-24T12:57:25.000Z,1467029,1890999,2,"Xal'atath's Bargain: Ascendant, Fortified, Challenger's Peril, Tyrannical",盧恩午睡圖騰,Shaman,Elemental,dps,Sundown Marsh
1663,328.4,302472292,10,Mists of Tirna Scithe,2024-10-24T12:57:25.000Z,1467029,1890999,2,"Xal'atath's Bargain: Ascendant, Fortified, Challenger's Peril, Tyrannical",累累熊,Paladin,Protection,tank,Wrathbringer
1663,328.4,302472292,10,Mists of Tirna Scithe,2024-10-24T12:57:25.000Z,1467029,1890999,2,"Xal'atath's Bargain: Ascendant, Fortified, Challenger's Peril, Tyrannical",Keehongan,Paladin,Retribution,dps,Demon Fall Canyon
1664,328.4,307157658,10,Mists of Tirna Scithe,2024-11-14T13:38:46.000Z,1467654,1890999,2,"Xal'atath's Bargain: Ascendant, Tyrannical, Challenger's Peril, Fortified",奈飛天,Hunter,Beast Mastery,dps,Crystalpine Stinger
1664,328.4,307157658,10,Mists of Tirna Scithe,2024-11-14T13:38:46.000Z,1467654,1890999,2,"Xal'atath's Bargain: Ascendant, Tyrannical, Challenger's Peril, Fortified",舔她去,Warlock,Demonology,dps,Bleeding Hollow
1664,328.4,307157658,10,Mists of Tirna Scithe,2024-11-14T13:38:46.000Z,1467654,1890999,2,"Xal'atath's Bargain: Ascendant, Tyrannical, Challenger's Peril, Fortified",北極霹靂熊,Shaman,Enhancement,dps,Wrathbringer
1664,328.4,307157658,10,Mists of Tirna Scithe,2024-11-14T13:38:46.000Z,1467654,1890999,2,"Xal'atath's Bargain: Ascendant, Tyrannical, Challenger's Peril, Fortified",伊里逆絲影月,Paladin,Holy,healer,Light's Hope
1664,328.4,307157658,10,Mists of Tirna Scithe,2024-11-14T13:38:46.000Z,1467654,1890999,2,"Xal'atath's Bargain: Ascendant, Tyrannical, Challenger's Peril, Fortified",雙持信用卡,Warrior,Protection,tank,Sundown Marsh
1665,328.4,307540957,10,Mists of Tirna Scithe,2024-11-16T17:50:25.000Z,1468043,1890999,2,"Xal'atath's Bargain: Ascendant, Tyrannical, Challenger's Peril, Fortified",檤心,Paladin,Protection,tank,Arthas
1665,328.4,307540957,10,Mists of Tirna Scithe,2024-11-16T17:50:25.000Z,1468043,1890999,2,"Xal'atath's Bargain: Ascendant, Tyrannical, Challenger's Peril, Fortified",貓咪薩滿,Shaman,Restoration,healer,Arthas
1665,328.4,307540957,10,Mists of Tirna Scithe,2024-11-16T17:50:25.000Z,1468043,1890999,2,"Xal'atath's Bargain: Ascendant, Tyrannical, Challenger's Peril, Fortified",Ikemengaijin,Warrior,Fury,dps,Demon Fall Canyon
1665,328.4,307540957,10,Mists of Tirna Scithe,2024-11-16T17:50:25.000Z,1468043,1890999,2,"Xal'atath's Bargain: Ascendant, Tyrannical, Challenger's Peril, Fortified",Mooched,Shaman,Enhancement,dps,Crystalpine Stinger
1665,328.4,307540957,10,Mists of Tirna Scithe,2024-11-16T17:50:25.000Z,1468043,1890999,2,"Xal'atath's Bargain: Ascendant, Tyrannical, Challenger's Peril, Fortified",阪口,Shaman,Elemental,dps,Dragonmaw
1666,328.4,307338027,10,Mists of Tirna Scithe,2024-11-15T16:42:33.000Z,1468138,1890999,2,"Xal'atath's Bargain: Ascendant, Tyrannical, Challenger's Peril, Fortified",Xingyuee,Demon Hunter,Havoc,dps,Shadowmoon
1666,328.4,307338027,10,Mists of Tirna Scithe,2024-11-15T16:42:33.000Z,1468138,1890999,2,"Xal'atath's Bargain: Ascendant, Tyrannical, Challenger's Peril, Fortified",西陵拂曉,Paladin,Holy,healer,Whisperwind
1666,328.4,307338027,10,Mists of Tirna Scithe,2024-11-15T16:42:33.000Z,1468138,1890999,2,"Xal'atath's Bargain: Ascendant, Tyrannical, Challenger's Peril, Fortified",沐妍洛洛,Paladin,Protection,tank,Spirestone
1666,328.4,307338027,10,Mists of Tirna Scithe,2024-11-15T16:42:33.000Z,1468138,1890999,2,"Xal'atath's Bargain: Ascendant, Tyrannical, Challenger's Peril, Fortified",張波波,Warrior,Arms,dps,Shadowmoon
1666,328.4,307338027,10,Mists of Tirna Scithe,2024-11-15T16:42:33.000Z,1468138,1890999,2,"Xal'atath's Bargain: Ascendant, Tyrannical, Challenger's Peril, Fortified",薩林螺栓,Shaman,Elemental,dps,Arygos
1667,328.4,303617223,10,Mists of Tirna Scithe,2024-10-29T11:19:31.000Z,1468457,1890999,2,"Xal'atath's Bargain: Ascendant, Fortified, Challenger's Peril, Tyrannical",嗶啵嗶啵嗶,Warlock,Destruction,dps,Hellscream
1667,328.4,303617223,10,Mists of Tirna Scithe,2024-10-29T11:19:31.000Z,1468457,1890999,2,"Xal'atath's Bargain: Ascendant, Fortified, Challenger's Peril, Tyrannical",紅蓮哥吉拉,Evoker,Preservation,healer,Arthas
1667,328.4,303617223,10,Mists of Tirna Scithe,2024-10-29T11:19:31.000Z,1468457,1890999,2,"Xal'atath's Bargain: Ascendant, Fortified, Challenger's Peril, Tyrannical",干邪能人,Demon Hunter,Vengeance,tank,Krol Blade
1667,328.4,303617223,10,Mists of Tirna Scithe,2024-10-29T11:19:31.000Z,1468457,1890999,2,"Xal'atath's Bargain: Ascendant, Fortified, Challenger's Peril, Tyrannical",巨人症哥布林,Hunter,Survival,dps,Arygos
1667,328.4,303617223,10,Mists of Tirna Scithe,2024-10-29T11:19:31.000Z,1468457,1890999,2,"Xal'atath's Bargain: Ascendant, Fortified, Challenger's Peril, Tyrannical",阿希爾,Paladin,Retribution,dps,Quel'dorei
1668,328.4,302875485,10,Mists of Tirna Scithe,2024-10-26T06:40:41.000Z,1468514,1890999,2,"Xal'atath's Bargain: Ascendant, Fortified, Challenger's Peril, Tyrannical",薩滿玫瑰,Shaman,Restoration,healer,Light's Hope
1668,328.4,302875485,10,Mists of Tirna Scithe,2024-10-26T06:40:41.000Z,1468514,1890999,2,"Xal'atath's Bargain: Ascendant, Fortified, Challenger's Peril, Tyrannical",果汁汽水,Mage,Frost,dps,Arthas
1668,328.4,302875485,10,Mists of Tirna Scithe,2024-10-26T06:40:41.000Z,1468514,1890999,2,"Xal'atath's Bargain: Ascendant, Fortified, Challenger's Peril, Tyrannical",膀胱霹靂丸,Warrior,Fury,dps,Arthas
1668,328.4,302875485,10,Mists of Tirna Scithe,2024-10-26T06:40:41.000Z,1468514,1890999,2,"Xal'atath's Bargain: Ascendant, Fortified, Challenger's Peril, Tyrannical",缺德不缺德,Druid,Guardian,tank,Order of the Cloud Serpent
1668,328.4,302875485,10,Mists of Tirna Scithe,2024-10-26T06:40:41.000Z,1468514,1890999,2,"Xal'atath's Bargain: Ascendant, Fortified, Challenger's Peril, Tyrannical",超瑟瑟咩噗,Death Knight,Unholy,dps,Arthas
1669,328.4,303895784,10,Mists of Tirna Scithe,2024-10-30T15:06:55.000Z,1468587,1890999,2,"Xal'atath's Bargain: Ascendant, Fortified, Challenger's Peril, Tyrannical",Targaryen,Evoker,Augmentation,dps,Wrathbringer
1669,328.4,303895784,10,Mists of Tirna Scithe,2024-10-30T15:06:55.000Z,1468587,1890999,2,"Xal'atath's Bargain: Ascendant, Fortified, Challenger's Peril, Tyrannical",Hyojoo,Priest,Discipline,healer,Demon Fall Canyon
1669,328.4,303895784,10,Mists of Tirna Scithe,2024-10-30T15:06:55.000Z,1468587,1890999,2,"Xal'atath's Bargain: Ascendant, Fortified, Challenger's Peril, Tyrannical",Hsudaddy,Shaman,Enhancement,dps,Crystalpine Stinger
1669,328.4,303895784,10,Mists of Tirna Scithe,2024-10-30T15:06:55.000Z,1468587,1890999,2,"Xal'atath's Bargain: Ascendant, Fortified, Challenger's Peril, Tyrannical",牛柳,Paladin,Protection,tank,Menethil
1669,328.4,303895784,10,Mists of Tirna Scithe,2024-10-30T15:06:55.000Z,1468587,1890999,2,"Xal'atath's Bargain: Ascendant, Fortified, Challenger's Peril, Tyrannical",神秘的聾子,Warlock,Affliction,dps,Sundown Marsh
1670,328.4,303852474,10,Mists of Tirna Scithe,2024-10-30T15:29:46.000Z,1468920,1890999,2,"Xal'atath's Bargain: Ascendant, Fortified, Challenger's Peril, Tyrannical",斯達奧根,Paladin,Retribution,dps,Arygos
1670,328.4,303852474,10,Mists of Tirna Scithe,2024-10-30T15:29:46.000Z,1468920,1890999,2,"Xal'atath's Bargain: Ascendant, Fortified, Challenger's Peril, Tyrannical",瓦里安,Warrior,Protection,tank,World Tree
1670,328.4,303852474,10,Mists of Tirna Scithe,2024-10-30T15:29:46.000Z,1468920,1890999,2,"Xal'atath's Bargain: Ascendant, Fortified, Challenger's Peril, Tyrannical",綿峰,Hunter,Beast Mastery,dps,World Tree
1670,328.4,303852474,10,Mists of Tirna Scithe,2024-10-30T15:29:46.000Z,1468920,1890999,2,"Xal'atath's Bargain: Ascendant, Fortified, Challenger's Peril, Tyrannical",似夢卻無夢,Shaman,Restoration,healer,Shadowmoon
1670,328.4,303852474,10,Mists of Tirna Scithe,2024-10-30T15:29:46.000Z,1468920,1890999,2,"Xal'atath's Bargain: Ascendant, Fortified, Challenger's Peril, Tyrannical",Alrischa,Paladin,Retribution,dps,Nightsong
1671,328.4,307670721,10,Mists of Tirna Scithe,2024-11-17T07:53:27.000Z,1468975,1890999,2,"Xal'atath's Bargain: Ascendant, Tyrannical, Challenger's Peril, Fortified",西里亞,Hunter,Beast Mastery,dps,Wrathbringer
1671,328.4,307670721,10,Mists of Tirna Scithe,2024-11-17T07:53:27.000Z,1468975,1890999,2,"Xal'atath's Bargain: Ascendant, Tyrannical, Challenger's Peril, Fortified",魔人啾啾,Paladin,Protection,tank,Shadowmoon
1671,328.4,307670721,10,Mists of Tirna Scithe,2024-11-17T07:53:27.000Z,1468975,1890999,2,"Xal'atath's Bargain: Ascendant, Tyrannical, Challenger's Peril, Fortified",傲慢的戰熊,Warrior,Fury,dps,Dragonmaw
1671,328.4,307670721,10,Mists of Tirna Scithe,2024-11-17T07:53:27.000Z,1468975,1890999,2,"Xal'atath's Bargain: Ascendant, Tyrannical, Challenger's Peril, Fortified",百變丘比,Druid,Restoration,healer,Arygos
1671,328.4,307670721,10,Mists of Tirna Scithe,2024-11-17T07:53:27.000Z,1468975,1890999,2,"Xal'atath's Bargain: Ascendant, Tyrannical, Challenger's Peril, Fortified",Chiikawa,Hunter,Survival,dps,Whisperwind
1672,328.4,308262321,10,Mists of Tirna Scithe,2024-11-19T14:20:31.000Z,1469236,1890999,2,"Xal'atath's Bargain: Ascendant, Tyrannical, Challenger's Peril, Fortified",乂黑夜星空乂,Warlock,Demonology,dps,Shadowmoon
1672,328.4,308262321,10,Mists of Tirna Scithe,2024-11-19T14:20:31.000Z,1469236,1890999,2,"Xal'atath's Bargain: Ascendant, Tyrannical, Challenger's Peril, Fortified",糯米薩滿,Shaman,Restoration,healer,Order of the Cloud Serpent
1672,328.4,308262321,10,Mists of Tirna Scithe,2024-11-19T14:20:31.000Z,1469236,1890999,2,"Xal'atath's Bargain: Ascendant, Tyrannical, Challenger's Peril, Fortified",鋼之煉乳,Death Knight,Frost,dps,Sundown Marsh
1672,328.4,308262321,10,Mists of Tirna Scithe,2024-11-19T14:20:31.000Z,1469236,1890999,2,"Xal'atath's Bargain: Ascendant, Tyrannical, Challenger's Peril, Fortified",衝鴨,Druid,Guardian,tank,Sundown Marsh
1672,328.4,308262321,10,Mists of Tirna Scithe,2024-11-19T14:20:31.000Z,1469236,1890999,2,"Xal'atath's Bargain: Ascendant, Tyrannical, Challenger's Peril, Fortified",曉風清,Hunter,Survival,dps,Sundown Marsh
1673,328.4,308077137,10,Mists of Tirna Scithe,2024-11-19T10:11:14.000Z,1469828,1890999,2,"Xal'atath's Bargain: Ascendant, Tyrannical, Challenger's Peril, Fortified",腮紅,Paladin,Retribution,dps,Crystalpine Stinger
1673,328.4,308077137,10,Mists of Tirna Scithe,2024-11-19T10:11:14.000Z,1469828,1890999,2,"Xal'atath's Bargain: Ascendant, Tyrannical, Challenger's Peril, Fortified",參天迷你樹,Warrior,Fury,dps,Shadowmoon
1673,328.4,308077137,10,Mists of Tirna Scithe,2024-11-19T10:11:14.000Z,1469828,1890999,2,"Xal'atath's Bargain: Ascendant, Tyrannical, Challenger's Peril, Fortified",娜菩媞菈,Priest,Holy,healer,Wrathbringer
1673,328.4,308077137,10,Mists of Tirna Scithe,2024-11-19T10:11:14.000Z,1469828,1890999,2,"Xal'atath's Bargain: Ascendant, Tyrannical, Challenger's Peril, Fortified",何天之衢,Death Knight,Blood,tank,World Tree
1673,328.4,308077137,10,Mists of Tirna Scithe,2024-11-19T10:11:14.000Z,1469828,1890999,2,"Xal'atath's Bargain: Ascendant, Tyrannical, Challenger's Peril, Fortified",Felixshaman,Shaman,Elemental,dps,Crystalpine Stinger
1674,328.4,303135775,10,Mists of Tirna Scithe,2024-10-27T08:09:11.000Z,1469867,1890999,2,"Xal'atath's Bargain: Ascendant, Fortified, Challenger's Peril, Tyrannical",帥哥在這辣,Hunter,Beast Mastery,dps,Bleeding Hollow
1674,328.4,303135775,10,Mists of Tirna Scithe,2024-10-27T08:09:11.000Z,1469867,1890999,2,"Xal'atath's Bargain: Ascendant, Fortified, Challenger's Peril, Tyrannical",歐尼克,Monk,Brewmaster,tank,Sundown Marsh
1674,328.4,303135775,10,Mists of Tirna Scithe,2024-10-27T08:09:11.000Z,1469867,1890999,2,"Xal'atath's Bargain: Ascendant, Fortified, Challenger's Peril, Tyrannical",櫛瓜烘蛋,Priest,Holy,healer,Sundown Marsh
1674,328.4,303135775,10,Mists of Tirna Scithe,2024-10-27T08:09:11.000Z,1469867,1890999,2,"Xal'atath's Bargain: Ascendant, Fortified, Challenger's Peril, Tyrannical",Temeraire,Mage,Frost,dps,Crystalpine Stinger
1674,328.4,303135775,10,Mists of Tirna Scithe,2024-10-27T08:09:11.000Z,1469867,1890999,2,"Xal'atath's Bargain: Ascendant, Fortified, Challenger's Peril, Tyrannical",Azure,Shaman,Enhancement,dps,Crystalpine Stinger
1675,328.3,307463472,10,Mists of Tirna Scithe,2024-11-16T07:12:25.000Z,1469986,1890999,2,"Xal'atath's Bargain: Ascendant, Tyrannical, Challenger's Peril, Fortified",Julyr,Warrior,Protection,tank,Demon Fall Canyon
1675,328.3,307463472,10,Mists of Tirna Scithe,2024-11-16T07:12:25.000Z,1469986,1890999,2,"Xal'atath's Bargain: Ascendant, Tyrannical, Challenger's Peril, Fortified",Jingmonk,Monk,Mistweaver,healer,Arthas
1675,328.3,307463472,10,Mists of Tirna Scithe,2024-11-16T07:12:25.000Z,1469986,1890999,2,"Xal'atath's Bargain: Ascendant, Tyrannical, Challenger's Peril, Fortified",Hanziao,Evoker,Augmentation,dps,Spirestone
1675,328.3,307463472,10,Mists of Tirna Scithe,2024-11-16T07:12:25.000Z,1469986,1890999,2,"Xal'atath's Bargain: Ascendant, Tyrannical, Challenger's Peril, Fortified",Rhdruid,Druid,Balance,dps,Arthas
1675,328.3,307463472,10,Mists of Tirna Scithe,2024-11-16T07:12:25.000Z,1469986,1890999,2,"Xal'atath's Bargain: Ascendant, Tyrannical, Challenger's Peril, Fortified",野比大雄,Shaman,Elemental,dps,Menethil
1676,328.3,307732861,10,Mists of Tirna Scithe,2024-11-17T15:27:24.000Z,1470353,1890999,2,"Xal'atath's Bargain: Ascendant, Tyrannical, Challenger's Peril, Fortified",畜牲庸醫,Priest,Shadow,dps,Frostmane
1676,328.3,307732861,10,Mists of Tirna Scithe,2024-11-17T15:27:24.000Z,1470353,1890999,2,"Xal'atath's Bargain: Ascendant, Tyrannical, Challenger's Peril, Fortified",Whitespurs,Monk,Windwalker,dps,Quel'dorei
1676,328.3,307732861,10,Mists of Tirna Scithe,2024-11-17T15:27:24.000Z,1470353,1890999,2,"Xal'atath's Bargain: Ascendant, Tyrannical, Challenger's Peril, Fortified",星期六圖騰,Shaman,Restoration,healer,Quel'dorei
1676,328.3,307732861,10,Mists of Tirna Scithe,2024-11-17T15:27:24.000Z,1470353,1890999,2,"Xal'atath's Bargain: Ascendant, Tyrannical, Challenger's Peril, Fortified",紅色人種,Death Knight,Frost,dps,Arthas
1676,328.3,307732861,10,Mists of Tirna Scithe,2024-11-17T15:27:24.000Z,1470353,1890999,2,"Xal'atath's Bargain: Ascendant, Tyrannical, Challenger's Peril, Fortified",牛扭牛扭牛,Druid,Guardian,tank,Silverwing Hold
1677,328.3,302863073,10,Mists of Tirna Scithe,2024-10-26T03:15:06.000Z,1470779,1890999,2,"Xal'atath's Bargain: Ascendant, Fortified, Challenger's Peril, Tyrannical",雪掌,Warrior,Protection,tank,Skywall
1677,328.3,302863073,10,Mists of Tirna Scithe,2024-10-26T03:15:06.000Z,1470779,1890999,2,"Xal'atath's Bargain: Ascendant, Fortified, Challenger's Peril, Tyrannical",啥小啦,Druid,Balance,dps,Wrathbringer
1677,328.3,302863073,10,Mists of Tirna Scithe,2024-10-26T03:15:06.000Z,1470779,1890999,2,"Xal'atath's Bargain: Ascendant, Fortified, Challenger's Peril, Tyrannical",美奶雀,Shaman,Restoration,healer,Chillwind Point
1677,328.3,302863073,10,Mists of Tirna Scithe,2024-10-26T03:15:06.000Z,1470779,1890999,2,"Xal'atath's Bargain: Ascendant, Fortified, Challenger's Peril, Tyrannical",你說的天空藍,Mage,Fire,dps,Sundown Marsh
1677,328.3,302863073,10,Mists of Tirna Scithe,2024-10-26T03:15:06.000Z,1470779,1890999,2,"Xal'atath's Bargain: Ascendant, Fortified, Challenger's Peril, Tyrannical",Littleturtle,Paladin,Retribution,dps,Nightsong
1678,328.3,308262120,10,Mists of Tirna Scithe,2024-11-20T10:58:29.000Z,1471037,1890999,2,"Xal'atath's Bargain: Ascendant, Tyrannical, Challenger's Peril, Fortified",Albarino,Death Knight,Frost,dps,Crystalpine Stinger
1678,328.3,308262120,10,Mists of Tirna Scithe,2024-11-20T10:58:29.000Z,1471037,1890999,2,"Xal'atath's Bargain: Ascendant, Tyrannical, Challenger's Peril, Fortified",刮痧小吉牧師,Priest,Discipline,healer,Wrathbringer
1678,328.3,308262120,10,Mists of Tirna Scithe,2024-11-20T10:58:29.000Z,1471037,1890999,2,"Xal'atath's Bargain: Ascendant, Tyrannical, Challenger's Peril, Fortified",肥俬特,Shaman,Elemental,dps,Sundown Marsh
1678,328.3,308262120,10,Mists of Tirna Scithe,2024-11-20T10:58:29.000Z,1471037,1890999,2,"Xal'atath's Bargain: Ascendant, Tyrannical, Challenger's Peril, Fortified",Yingmingkit,Death Knight,Blood,tank,Arygos
1678,328.3,308262120,10,Mists of Tirna Scithe,2024-11-20T10:58:29.000Z,1471037,1890999,2,"Xal'atath's Bargain: Ascendant, Tyrannical, Challenger's Peril, Fortified",光頭暴擊哥,Rogue,Assassination,dps,World Tree
1679,328.3,308286737,10,Mists of Tirna Scithe,2024-11-20T12:36:30.000Z,1471045,1890999,2,"Xal'atath's Bargain: Ascendant, Tyrannical, Challenger's Peril, Fortified",山月桂,Priest,Holy,healer,Crystalpine Stinger
1679,328.3,308286737,10,Mists of Tirna Scithe,2024-11-20T12:36:30.000Z,1471045,1890999,2,"Xal'atath's Bargain: Ascendant, Tyrannical, Challenger's Peril, Fortified",Erictai,Paladin,Retribution,dps,Crystalpine Stinger
1679,328.3,308286737,10,Mists of Tirna Scithe,2024-11-20T12:36:30.000Z,1471045,1890999,2,"Xal'atath's Bargain: Ascendant, Tyrannical, Challenger's Peril, Fortified",Sealed,Paladin,Protection,tank,Crystalpine Stinger
1679,328.3,308286737,10,Mists of Tirna Scithe,2024-11-20T12:36:30.000Z,1471045,1890999,2,"Xal'atath's Bargain: Ascendant, Tyrannical, Challenger's Peril, Fortified",Shiphrahdk,Death Knight,Unholy,dps,Crystalpine Stinger
1679,328.3,308286737,10,Mists of Tirna Scithe,2024-11-20T12:36:30.000Z,1471045,1890999,2,"Xal'atath's Bargain: Ascendant, Tyrannical, Challenger's Peril, Fortified",Mahrz,Warrior,Fury,dps,Crystalpine Stinger
1680,328.3,307326579,10,Mists of Tirna Scithe,2024-11-15T15:13:49.000Z,1471162,1890999,2,"Xal'atath's Bargain: Ascendant, Tyrannical, Challenger's Peril, Fortified",我怕沒你在,Shaman,Enhancement,dps,Spirestone
1680,328.3,307326579,10,Mists of Tirna Scithe,2024-11-15T15:13:49.000Z,1471162,1890999,2,"Xal'atath's Bargain: Ascendant, Tyrannical, Challenger's Peril, Fortified",小農能,Evoker,Preservation,healer,Spirestone
1680,328.3,307326579,10,Mists of Tirna Scithe,2024-11-15T15:13:49.000Z,1471162,1890999,2,"Xal'atath's Bargain: Ascendant, Tyrannical, Challenger's Peril, Fortified",Ytelement,Shaman,Elemental,dps,Chillwind Point
1680,328.3,307326579,10,Mists of Tirna Scithe,2024-11-15T15:13:49.000Z,1471162,1890999,2,"Xal'atath's Bargain: Ascendant, Tyrannical, Challenger's Peril, Fortified",看來過倒,Evoker,Augmentation,dps,Wrathbringer
1680,328.3,307326579,10,Mists of Tirna Scithe,2024-11-15T15:13:49.000Z,1471162,1890999,2,"Xal'atath's Bargain: Ascendant, Tyrannical, Challenger's Peril, Fortified",溢水行蹤,Paladin,Protection,tank,Spirestone
1681,328.3,308299022,10,Mists of Tirna Scithe,2024-11-20T16:51:19.000Z,1471306,1890999,2,"Xal'atath's Bargain: Ascendant, Tyrannical, Challenger's Peril, Fortified",每天想旎,Warlock,Demonology,dps,Shadowmoon
1681,328.3,308299022,10,Mists of Tirna Scithe,2024-11-20T16:51:19.000Z,1471306,1890999,2,"Xal'atath's Bargain: Ascendant, Tyrannical, Challenger's Peril, Fortified",鳳凰皇朝,Paladin,Holy,healer,Wrathbringer
1681,328.3,308299022,10,Mists of Tirna Scithe,2024-11-20T16:51:19.000Z,1471306,1890999,2,"Xal'atath's Bargain: Ascendant, Tyrannical, Challenger's Peril, Fortified",牛牛愛哞哞,Paladin,Retribution,dps,Menethil
1681,328.3,308299022,10,Mists of Tirna Scithe,2024-11-20T16:51:19.000Z,1471306,1890999,2,"Xal'atath's Bargain: Ascendant, Tyrannical, Challenger's Peril, Fortified",墨凜,Death Knight,Unholy,dps,Shadowmoon
1681,328.3,308299022,10,Mists of Tirna Scithe,2024-11-20T16:51:19.000Z,1471306,1890999,2,"Xal'atath's Bargain: Ascendant, Tyrannical, Challenger's Peril, Fortified",好同學,Paladin,Protection,tank,Shadowmoon
1682,328.3,303824007,10,Mists of Tirna Scithe,2024-10-29T18:53:27.000Z,1471322,1890999,2,"Xal'atath's Bargain: Ascendant, Fortified, Challenger's Peril, Tyrannical",嗯噗,Shaman,Enhancement,dps,Stormscale
1682,328.3,303824007,10,Mists of Tirna Scithe,2024-10-29T18:53:27.000Z,1471322,1890999,2,"Xal'atath's Bargain: Ascendant, Fortified, Challenger's Peril, Tyrannical",老大,Druid,Guardian,tank,Whisperwind
1682,328.3,303824007,10,Mists of Tirna Scithe,2024-10-29T18:53:27.000Z,1471322,1890999,2,"Xal'atath's Bargain: Ascendant, Fortified, Challenger's Peril, Tyrannical",奧塞里斯,Mage,Arcane,dps,Skywall
1682,328.3,303824007,10,Mists of Tirna Scithe,2024-10-29T18:53:27.000Z,1471322,1890999,2,"Xal'atath's Bargain: Ascendant, Fortified, Challenger's Peril, Tyrannical",一阿姆羅雷一,Paladin,Retribution,dps,Arthas
1682,328.3,303824007,10,Mists of Tirna Scithe,2024-10-29T18:53:27.000Z,1471322,1890999,2,"Xal'atath's Bargain: Ascendant, Fortified, Challenger's Peril, Tyrannical",Lialin,Priest,Discipline,healer,Crystalpine Stinger
1683,328.3,308084994,10,Mists of Tirna Scithe,2024-11-19T15:14:20.000Z,1472025,1890999,2,"Xal'atath's Bargain: Ascendant, Tyrannical, Challenger's Peril, Fortified",Dh,Demon Hunter,Vengeance,tank,Sundown Marsh
1683,328.3,308084994,10,Mists of Tirna Scithe,2024-11-19T15:14:20.000Z,1472025,1890999,2,"Xal'atath's Bargain: Ascendant, Tyrannical, Challenger's Peril, Fortified",電燒祥的兄弟,Paladin,Retribution,dps,Sundown Marsh
1683,328.3,308084994,10,Mists of Tirna Scithe,2024-11-19T15:14:20.000Z,1472025,1890999,2,"Xal'atath's Bargain: Ascendant, Tyrannical, Challenger's Peril, Fortified",魂归幻境,Warrior,Fury,dps,Shadowmoon
1683,328.3,308084994,10,Mists of Tirna Scithe,2024-11-19T15:14:20.000Z,1472025,1890999,2,"Xal'atath's Bargain: Ascendant, Tyrannical, Challenger's Peril, Fortified",魯拉維克斯,Shaman,Restoration,healer,Whisperwind
1683,328.3,308084994,10,Mists of Tirna Scithe,2024-11-19T15:14:20.000Z,1472025,1890999,2,"Xal'atath's Bargain: Ascendant, Tyrannical, Challenger's Peril, Fortified",人間肉便器,Paladin,Retribution,dps,Sundown Marsh
1684,328.3,307181178,10,Mists of Tirna Scithe,2024-11-14T17:03:34.000Z,1472082,1890999,2,"Xal'atath's Bargain: Ascendant, Tyrannical, Challenger's Peril, Fortified",Sephiroth,Demon Hunter,Havoc,dps,Zealot Blade
1684,328.3,307181178,10,Mists of Tirna Scithe,2024-11-14T17:03:34.000Z,1472082,1890999,2,"Xal'atath's Bargain: Ascendant, Tyrannical, Challenger's Peril, Fortified",乳牛小弟,Druid,Guardian,tank,Zealot Blade
1684,328.3,307181178,10,Mists of Tirna Scithe,2024-11-14T17:03:34.000Z,1472082,1890999,2,"Xal'atath's Bargain: Ascendant, Tyrannical, Challenger's Peril, Fortified",全能力一百,Hunter,Beast Mastery,dps,Zealot Blade
1684,328.3,307181178,10,Mists of Tirna Scithe,2024-11-14T17:03:34.000Z,1472082,1890999,2,"Xal'atath's Bargain: Ascendant, Tyrannical, Challenger's Peril, Fortified",時夢有病,Evoker,Preservation,healer,Zealot Blade
1684,328.3,307181178,10,Mists of Tirna Scithe,2024-11-14T17:03:34.000Z,1472082,1890999,2,"Xal'atath's Bargain: Ascendant, Tyrannical, Challenger's Peril, Fortified",夜月小米,Shaman,Enhancement,dps,Hellscream
1685,328.3,303864830,10,Mists of Tirna Scithe,2024-10-30T14:16:28.000Z,1472107,1890999,2,"Xal'atath's Bargain: Ascendant, Fortified, Challenger's Peril, Tyrannical",絢爛紫竹,Priest,Shadow,dps,Stormscale
1685,328.3,303864830,10,Mists of Tirna Scithe,2024-10-30T14:16:28.000Z,1472107,1890999,2,"Xal'atath's Bargain: Ascendant, Fortified, Challenger's Peril, Tyrannical",片霧烈火,Druid,Guardian,tank,Light's Hope
1685,328.3,303864830,10,Mists of Tirna Scithe,2024-10-30T14:16:28.000Z,1472107,1890999,2,"Xal'atath's Bargain: Ascendant, Fortified, Challenger's Peril, Tyrannical",小港八點,Death Knight,Unholy,dps,Stormscale
1685,328.3,303864830,10,Mists of Tirna Scithe,2024-10-30T14:16:28.000Z,1472107,1890999,2,"Xal'atath's Bargain: Ascendant, Fortified, Challenger's Peril, Tyrannical",圖騰亂插大師,Shaman,Restoration,healer,Shadowmoon
1685,328.3,303864830,10,Mists of Tirna Scithe,2024-10-30T14:16:28.000Z,1472107,1890999,2,"Xal'atath's Bargain: Ascendant, Fortified, Challenger's Peril, Tyrannical",呆萌色痞,Paladin,Retribution,dps,Crystalpine Stinger
1686,328.3,307531713,10,Mists of Tirna Scithe,2024-11-16T16:40:20.000Z,1472430,1890999,2,"Xal'atath's Bargain: Ascendant, Tyrannical, Challenger's Peril, Fortified",咒殤,Warlock,Destruction,dps,Whisperwind
1686,328.3,307531713,10,Mists of Tirna Scithe,2024-11-16T16:40:20.000Z,1472430,1890999,2,"Xal'atath's Bargain: Ascendant, Tyrannical, Challenger's Peril, Fortified",默度砂,Shaman,Restoration,healer,World Tree
1686,328.3,307531713,10,Mists of Tirna Scithe,2024-11-16T16:40:20.000Z,1472430,1890999,2,"Xal'atath's Bargain: Ascendant, Tyrannical, Challenger's Peril, Fortified",市長候選人,Warrior,Protection,tank,Shadowmoon
1686,328.3,307531713,10,Mists of Tirna Scithe,2024-11-16T16:40:20.000Z,1472430,1890999,2,"Xal'atath's Bargain: Ascendant, Tyrannical, Challenger's Peril, Fortified",光鑄熊二,Paladin,Retribution,dps,Quel'dorei
1686,328.3,307531713,10,Mists of Tirna Scithe,2024-11-16T16:40:20.000Z,1472430,1890999,2,"Xal'atath's Bargain: Ascendant, Tyrannical, Challenger's Peril, Fortified",Roguexy,Rogue,Assassination,dps,Shadowmoon
1687,328.3,303631015,10,Mists of Tirna Scithe,2024-10-29T13:29:14.000Z,1473181,1890999,2,"Xal'atath's Bargain: Ascendant, Fortified, Challenger's Peril, Tyrannical",顥晨,Druid,Guardian,tank,Spirestone
1687,328.3,303631015,10,Mists of Tirna Scithe,2024-10-29T13:29:14.000Z,1473181,1890999,2,"Xal'atath's Bargain: Ascendant, Fortified, Challenger's Peril, Tyrannical",Angryafrican,Demon Hunter,Havoc,dps,Menethil
1687,328.3,303631015,10,Mists of Tirna Scithe,2024-10-29T13:29:14.000Z,1473181,1890999,2,"Xal'atath's Bargain: Ascendant, Fortified, Challenger's Peril, Tyrannical",Mumraa,Shaman,Restoration,healer,Zealot Blade
1687,328.3,303631015,10,Mists of Tirna Scithe,2024-10-29T13:29:14.000Z,1473181,1890999,2,"Xal'atath's Bargain: Ascendant, Fortified, Challenger's Peril, Tyrannical",Alrischa,Paladin,Retribution,dps,Nightsong
1687,328.3,303631015,10,Mists of Tirna Scithe,2024-10-29T13:29:14.000Z,1473181,1890999,2,"Xal'atath's Bargain: Ascendant, Fortified, Challenger's Peril, Tyrannical",拉薩咪阿,Shaman,Elemental,dps,Spirestone
1688,328.3,302875157,10,Mists of Tirna Scithe,2024-10-26T07:30:15.000Z,1473189,1890999,2,"Xal'atath's Bargain: Ascendant, Fortified, Challenger's Peril, Tyrannical",嘗嘗我的火球,Paladin,Protection,tank,Sundown Marsh
1688,328.3,302875157,10,Mists of Tirna Scithe,2024-10-26T07:30:15.000Z,1473189,1890999,2,"Xal'atath's Bargain: Ascendant, Fortified, Challenger's Peril, Tyrannical",糖可可,Monk,Windwalker,dps,Chillwind Point
1688,328.3,302875157,10,Mists of Tirna Scithe,2024-10-26T07:30:15.000Z,1473189,1890999,2,"Xal'atath's Bargain: Ascendant, Fortified, Challenger's Peril, Tyrannical",戴玉兒,Shaman,Elemental,dps,Skywall
1688,328.3,302875157,10,Mists of Tirna Scithe,2024-10-26T07:30:15.000Z,1473189,1890999,2,"Xal'atath's Bargain: Ascendant, Fortified, Challenger's Peril, Tyrannical",賞歆悅牧,Priest,Holy,healer,Quel'dorei
1688,328.3,302875157,10,Mists of Tirna Scithe,2024-10-26T07:30:15.000Z,1473189,1890999,2,"Xal'atath's Bargain: Ascendant, Fortified, Challenger's Peril, Tyrannical",周小狗,Mage,Arcane,dps,Chillwind Point
1689,328.3,308062667,10,Mists of Tirna Scithe,2024-11-19T09:41:23.000Z,1473190,1890999,2,"Xal'atath's Bargain: Ascendant, Tyrannical, Challenger's Peril, Fortified",Dora,Mage,Frost,dps,Menethil
1689,328.3,308062667,10,Mists of Tirna Scithe,2024-11-19T09:41:23.000Z,1473190,1890999,2,"Xal'atath's Bargain: Ascendant, Tyrannical, Challenger's Peril, Fortified",Tueik,Warrior,Fury,dps,Sundown Marsh
1689,328.3,308062667,10,Mists of Tirna Scithe,2024-11-19T09:41:23.000Z,1473190,1890999,2,"Xal'atath's Bargain: Ascendant, Tyrannical, Challenger's Peril, Fortified",但是要收費,Shaman,Enhancement,dps,Shadowmoon
1689,328.3,308062667,10,Mists of Tirna Scithe,2024-11-19T09:41:23.000Z,1473190,1890999,2,"Xal'atath's Bargain: Ascendant, Tyrannical, Challenger's Peril, Fortified",好想換手機,Monk,Mistweaver,healer,Shadowmoon
1689,328.3,308062667,10,Mists of Tirna Scithe,2024-11-19T09:41:23.000Z,1473190,1890999,2,"Xal'atath's Bargain: Ascendant, Tyrannical, Challenger's Peril, Fortified",何天之衢,Death Knight,Blood,tank,World Tree
1690,328.3,302524432,10,Mists of Tirna Scithe,2024-10-24T18:16:22.000Z,1473494,1890999,2,"Xal'atath's Bargain: Ascendant, Fortified, Challenger's Peril, Tyrannical",神的降臨,Paladin,Retribution,dps,Sundown Marsh
1690,328.3,302524432,10,Mists of Tirna Scithe,2024-10-24T18:16:22.000Z,1473494,1890999,2,"Xal'atath's Bargain: Ascendant, Fortified, Challenger's Peril, Tyrannical",浢浢,Shaman,Restoration,healer,Demon Fall Canyon
1690,328.3,302524432,10,Mists of Tirna Scithe,2024-10-24T18:16:22.000Z,1473494,1890999,2,"Xal'atath's Bargain: Ascendant, Fortified, Challenger's Peril, Tyrannical",裝酒,Warrior,Protection,tank,Menethil
1690,328.3,302524432,10,Mists of Tirna Scithe,2024-10-24T18:16:22.000Z,1473494,1890999,2,"Xal'atath's Bargain: Ascendant, Fortified, Challenger's Peril, Tyrannical",苦命阿勞,Shaman,Elemental,dps,Quel'dorei
1690,328.3,302524432,10,Mists of Tirna Scithe,2024-10-24T18:16:22.000Z,1473494,1890999,2,"Xal'atath's Bargain: Ascendant, Fortified, Challenger's Peril, Tyrannical",剛靈娘,Rogue,Assassination,dps,Whisperwind
1691,328.3,307459596,10,Mists of Tirna Scithe,2024-11-16T06:26:24.000Z,1473510,1890999,2,"Xal'atath's Bargain: Ascendant, Tyrannical, Challenger's Peril, Fortified",Fausd,Paladin,Retribution,dps,Bleeding Hollow
1691,328.3,307459596,10,Mists of Tirna Scithe,2024-11-16T06:26:24.000Z,1473510,1890999,2,"Xal'atath's Bargain: Ascendant, Tyrannical, Challenger's Peril, Fortified",小小魚仔,Mage,Frost,dps,Chillwind Point
1691,328.3,307459596,10,Mists of Tirna Scithe,2024-11-16T06:26:24.000Z,1473510,1890999,2,"Xal'atath's Bargain: Ascendant, Tyrannical, Challenger's Peril, Fortified",直舔易逆舔難,Demon Hunter,Havoc,dps,Whisperwind
1691,328.3,307459596,10,Mists of Tirna Scithe,2024-11-16T06:26:24.000Z,1473510,1890999,2,"Xal'atath's Bargain: Ascendant, Tyrannical, Challenger's Peril, Fortified",桃仙,Priest,Discipline,healer,Silverwing Hold
1691,328.3,307459596,10,Mists of Tirna Scithe,2024-11-16T06:26:24.000Z,1473510,1890999,2,"Xal'atath's Bargain: Ascendant, Tyrannical, Challenger's Peril, Fortified",有沒有戰,Warrior,Protection,tank,Shadowmoon
1692,328.3,302470089,10,Mists of Tirna Scithe,2024-10-24T11:49:02.000Z,1473618,1890999,2,"Xal'atath's Bargain: Ascendant, Fortified, Challenger's Peril, Tyrannical",暴風酒,Monk,Brewmaster,tank,Stormscale
1692,328.3,302470089,10,Mists of Tirna Scithe,2024-10-24T11:49:02.000Z,1473618,1890999,2,"Xal'atath's Bargain: Ascendant, Fortified, Challenger's Peril, Tyrannical",萬俟熙雨,Death Knight,Unholy,dps,Stormscale
1692,328.3,302470089,10,Mists of Tirna Scithe,2024-10-24T11:49:02.000Z,1473618,1890999,2,"Xal'atath's Bargain: Ascendant, Fortified, Challenger's Peril, Tyrannical",戳你的肚臍,Hunter,Beast Mastery,dps,Zealot Blade
1692,328.3,302470089,10,Mists of Tirna Scithe,2024-10-24T11:49:02.000Z,1473618,1890999,2,"Xal'atath's Bargain: Ascendant, Fortified, Challenger's Peril, Tyrannical",蹄妹,Shaman,Restoration,healer,Whisperwind
1692,328.3,302470089,10,Mists of Tirna Scithe,2024-10-24T11:49:02.000Z,1473618,1890999,2,"Xal'atath's Bargain: Ascendant, Fortified, Challenger's Peril, Tyrannical",吃我一發背刺,Rogue,Assassination,dps,World Tree
1693,328.3,307929197,10,Mists of Tirna Scithe,2024-11-18T16:45:15.000Z,1473700,1890999,2,"Xal'atath's Bargain: Ascendant, Tyrannical, Challenger's Peril, Fortified",Anon36BB967,Hunter,Beast Mastery,dps,Anonymous
1693,328.3,307929197,10,Mists of Tirna Scithe,2024-11-18T16:45:15.000Z,1473700,1890999,2,"Xal'atath's Bargain: Ascendant, Tyrannical, Challenger's Peril, Fortified",幼幼班葵班長,Shaman,Restoration,healer,Sundown Marsh
1693,328.3,307929197,10,Mists of Tirna Scithe,2024-11-18T16:45:15.000Z,1473700,1890999,2,"Xal'atath's Bargain: Ascendant, Tyrannical, Challenger's Peril, Fortified",聞起來很香,Paladin,Retribution,dps,Silverwing Hold
1693,328.3,307929197,10,Mists of Tirna Scithe,2024-11-18T16:45:15.000Z,1473700,1890999,2,"Xal'atath's Bargain: Ascendant, Tyrannical, Challenger's Peril, Fortified",格拉迪歐藍斯,Death Knight,Blood,tank,Arthas
1693,328.3,307929197,10,Mists of Tirna Scithe,2024-11-18T16:45:15.000Z,1473700,1890999,2,"Xal'atath's Bargain: Ascendant, Tyrannical, Challenger's Peril, Fortified",Gunku,Rogue,Assassination,dps,Zealot Blade
1694,328.3,307321814,10,Mists of Tirna Scithe,2024-11-15T14:36:44.000Z,1473899,1890999,2,"Xal'atath's Bargain: Ascendant, Tyrannical, Challenger's Peril, Fortified",尼亞,Evoker,Devastation,dps,Sundown Marsh
1694,328.3,307321814,10,Mists of Tirna Scithe,2024-11-15T14:36:44.000Z,1473899,1890999,2,"Xal'atath's Bargain: Ascendant, Tyrannical, Challenger's Peril, Fortified",Viona,Warlock,Destruction,dps,Spirestone
1694,328.3,307321814,10,Mists of Tirna Scithe,2024-11-15T14:36:44.000Z,1473899,1890999,2,"Xal'atath's Bargain: Ascendant, Tyrannical, Challenger's Peril, Fortified",弒魂牧,Priest,Discipline,healer,World Tree
1694,328.3,307321814,10,Mists of Tirna Scithe,2024-11-15T14:36:44.000Z,1473899,1890999,2,"Xal'atath's Bargain: Ascendant, Tyrannical, Challenger's Peril, Fortified",愛尼莫,Paladin,Retribution,dps,Whisperwind
1694,328.3,307321814,10,Mists of Tirna Scithe,2024-11-15T14:36:44.000Z,1473899,1890999,2,"Xal'atath's Bargain: Ascendant, Tyrannical, Challenger's Peril, Fortified",Wikipedia,Paladin,Protection,tank,Wrathbringer
1695,328.3,303849326,10,Mists of Tirna Scithe,2024-10-29T09:52:29.000Z,1473961,1890999,2,"Xal'atath's Bargain: Ascendant, Fortified, Challenger's Peril, Tyrannical",包屁屁的妞妞,Paladin,Protection,tank,Sundown Marsh
1695,328.3,303849326,10,Mists of Tirna Scithe,2024-10-29T09:52:29.000Z,1473961,1890999,2,"Xal'atath's Bargain: Ascendant, Fortified, Challenger's Peril, Tyrannical",小狐仔,Priest,Shadow,dps,Shadowmoon
1695,328.3,303849326,10,Mists of Tirna Scithe,2024-10-29T09:52:29.000Z,1473961,1890999,2,"Xal'atath's Bargain: Ascendant, Fortified, Challenger's Peril, Tyrannical",Ulysses,Rogue,Outlaw,dps,Shadowmoon
1695,328.3,303849326,10,Mists of Tirna Scithe,2024-10-29T09:52:29.000Z,1473961,1890999,2,"Xal'atath's Bargain: Ascendant, Fortified, Challenger's Peril, Tyrannical",算算,Shaman,Restoration,healer,Whisperwind
1695,328.3,303849326,10,Mists of Tirna Scithe,2024-10-29T09:52:29.000Z,1473961,1890999,2,"Xal'atath's Bargain: Ascendant, Fortified, Challenger's Peril, Tyrannical",Leowo,Druid,Balance,dps,Arygos
1696,328.3,303199677,10,Mists of Tirna Scithe,2024-10-27T11:59:32.000Z,1474008,1890999,2,"Xal'atath's Bargain: Ascendant, Fortified, Challenger's Peril, Tyrannical",高山我流,Demon Hunter,Vengeance,tank,Shadowmoon
1696,328.3,303199677,10,Mists of Tirna Scithe,2024-10-27T11:59:32.000Z,1474008,1890999,2,"Xal'atath's Bargain: Ascendant, Fortified, Challenger's Peril, Tyrannical",Elcondorpasa,Shaman,Enhancement,dps,Nightsong
1696,328.3,303199677,10,Mists of Tirna Scithe,2024-10-27T11:59:32.000Z,1474008,1890999,2,"Xal'atath's Bargain: Ascendant, Fortified, Challenger's Peril, Tyrannical",快樂皮皮牛,Paladin,Retribution,dps,Shadowmoon
1696,328.3,303199677,10,Mists of Tirna Scithe,2024-10-27T11:59:32.000Z,1474008,1890999,2,"Xal'atath's Bargain: Ascendant, Fortified, Challenger's Peril, Tyrannical",六道皆幻,Death Knight,Frost,dps,Shadowmoon
1696,328.3,303199677,10,Mists of Tirna Scithe,2024-10-27T11:59:32.000Z,1474008,1890999,2,"Xal'atath's Bargain: Ascendant, Fortified, Challenger's Peril, Tyrannical",小公主吻空想,Shaman,Restoration,healer,Spirestone
1697,328.3,303234520,10,Mists of Tirna Scithe,2024-10-27T15:08:15.000Z,1474017,1890999,2,"Xal'atath's Bargain: Ascendant, Fortified, Challenger's Peril, Tyrannical",山里大叔,Hunter,Beast Mastery,dps,World Tree
1697,328.3,303234520,10,Mists of Tirna Scithe,2024-10-27T15:08:15.000Z,1474017,1890999,2,"Xal'atath's Bargain: Ascendant, Fortified, Challenger's Peril, Tyrannical",楓糖可可,Paladin,Retribution,dps,Bleeding Hollow
1697,328.3,303234520,10,Mists of Tirna Scithe,2024-10-27T15:08:15.000Z,1474017,1890999,2,"Xal'atath's Bargain: Ascendant, Fortified, Challenger's Peril, Tyrannical",Chiasma,Mage,Arcane,dps,Sundown Marsh
1697,328.3,303234520,10,Mists of Tirna Scithe,2024-10-27T15:08:15.000Z,1474017,1890999,2,"Xal'atath's Bargain: Ascendant, Fortified, Challenger's Peril, Tyrannical",火烤就是美味,Warrior,Protection,tank,Frostmane
1697,328.3,303234520,10,Mists of Tirna Scithe,2024-10-27T15:08:15.000Z,1474017,1890999,2,"Xal'atath's Bargain: Ascendant, Fortified, Challenger's Peril, Tyrannical",妞妞德德,Druid,Restoration,healer,World Tree
1698,328.3,308285607,10,Mists of Tirna Scithe,2024-11-20T14:58:48.000Z,1474342,1890999,2,"Xal'atath's Bargain: Ascendant, Tyrannical, Challenger's Peril, Fortified",殺我不會掉寶,Monk,Mistweaver,healer,Quel'dorei
1698,328.3,308285607,10,Mists of Tirna Scithe,2024-11-20T14:58:48.000Z,1474342,1890999,2,"Xal'atath's Bargain: Ascendant, Tyrannical, Challenger's Peril, Fortified",波拉勒斯市民,Shaman,Enhancement,dps,Shadowmoon
1698,328.3,308285607,10,Mists of Tirna Scithe,2024-11-20T14:58:48.000Z,1474342,1890999,2,"Xal'atath's Bargain: Ascendant, Tyrannical, Challenger's Peril, Fortified",市長候選人,Warrior,Protection,tank,Shadowmoon
1698,328.3,308285607,10,Mists of Tirna Scithe,2024-11-20T14:58:48.000Z,1474342,1890999,2,"Xal'atath's Bargain: Ascendant, Tyrannical, Challenger's Peril, Fortified",飛天豬騎士,Paladin,Retribution,dps,Crystalpine Stinger
1698,328.3,308285607,10,Mists of Tirna Scithe,2024-11-20T14:58:48.000Z,1474342,1890999,2,"Xal'atath's Bargain: Ascendant, Tyrannical, Challenger's Peril, Fortified",必安住,Death Knight,Unholy,dps,Bleeding Hollow
1699,328.3,307441472,10,Mists of Tirna Scithe,2024-11-16T03:57:54.000Z,1474687,1890999,2,"Xal'atath's Bargain: Ascendant, Tyrannical, Challenger's Peril, Fortified",願聖光挑逗你,Paladin,Retribution,dps,Shadowmoon
1699,328.3,307441472,10,Mists of Tirna Scithe,2024-11-16T03:57:54.000Z,1474687,1890999,2,"Xal'atath's Bargain: Ascendant, Tyrannical, Challenger's Peril, Fortified",米海爾,Mage,Arcane,dps,Shadowmoon
1699,328.3,307441472,10,Mists of Tirna Scithe,2024-11-16T03:57:54.000Z,1474687,1890999,2,"Xal'atath's Bargain: Ascendant, Tyrannical, Challenger's Peril, Fortified",烏龍水果茶,Paladin,Holy,healer,Silverwing Hold
1699,328.3,307441472,10,Mists of Tirna Scithe,2024-11-16T03:57:54.000Z,1474687,1890999,2,"Xal'atath's Bargain: Ascendant, Tyrannical, Challenger's Peril, Fortified",阿法的小麥草,Warlock,Destruction,dps,Sundown Marsh
1699,328.3,307441472,10,Mists of Tirna Scithe,2024-11-16T03:57:54.000Z,1474687,1890999,2,"Xal'atath's Bargain: Ascendant, Tyrannical, Challenger's Peril, Fortified",冬瓜僧,Monk,Brewmaster,tank,Arthas
1700,328.3,308081323,10,Mists of Tirna Scithe,2024-11-19T14:31:44.000Z,1474719,1890999,2,"Xal'atath's Bargain: Ascendant, Tyrannical, Challenger's Peril, Fortified",聖光亞美蝶,Paladin,Retribution,dps,Shadowmoon
1700,328.3,308081323,10,Mists of Tirna Scithe,2024-11-19T14:31:44.000Z,1474719,1890999,2,"Xal'atath's Bargain: Ascendant, Tyrannical, Challenger's Peril, Fortified",德魯盧魯嚕乳,Druid,Guardian,tank,Shadowmoon
1700,328.3,308081323,10,Mists of Tirna Scithe,2024-11-19T14:31:44.000Z,1474719,1890999,2,"Xal'atath's Bargain: Ascendant, Tyrannical, Challenger's Peril, Fortified",貓太公,Shaman,Restoration,healer,Shadowmoon
1700,328.3,308081323,10,Mists of Tirna Scithe,2024-11-19T14:31:44.000Z,1474719,1890999,2,"Xal'atath's Bargain: Ascendant, Tyrannical, Challenger's Peril, Fortified",Meowow,Shaman,Enhancement,dps,Shadowmoon
1700,328.3,308081323,10,Mists of Tirna Scithe,2024-11-19T14:31:44.000Z,1474719,1890999,2,"Xal'atath's Bargain: Ascendant, Tyrannical, Challenger's Peril, Fortified",月下兔,Paladin,Retribution,dps,Shadowmoon
1701,328.3,303220196,10,Mists of Tirna Scithe,2024-10-27T16:34:23.000Z,1474788,1890999,2,"Xal'atath's Bargain: Ascendant, Fortified, Challenger's Peril, Tyrannical",不死小聖騎,Paladin,Protection,tank,Spirestone
1701,328.3,303220196,10,Mists of Tirna Scithe,2024-10-27T16:34:23.000Z,1474788,1890999,2,"Xal'atath's Bargain: Ascendant, Fortified, Challenger's Peril, Tyrannical",冰紫琉璃,Rogue,Outlaw,dps,Shadowmoon
1701,328.3,303220196,10,Mists of Tirna Scithe,2024-10-27T16:34:23.000Z,1474788,1890999,2,"Xal'atath's Bargain: Ascendant, Fortified, Challenger's Peril, Tyrannical",劻仔,Hunter,Beast Mastery,dps,Dragonmaw
1701,328.3,303220196,10,Mists of Tirna Scithe,2024-10-27T16:34:23.000Z,1474788,1890999,2,"Xal'atath's Bargain: Ascendant, Fortified, Challenger's Peril, Tyrannical",褻瀆榮耀,Mage,Frost,dps,Chillwind Point
1701,328.3,303220196,10,Mists of Tirna Scithe,2024-10-27T16:34:23.000Z,1474788,1890999,2,"Xal'atath's Bargain: Ascendant, Fortified, Challenger's Peril, Tyrannical",若雨彤,Shaman,Restoration,healer,Shadowmoon
1702,328.2,307778342,10,Mists of Tirna Scithe,2024-11-17T19:25:30.000Z,1475095,1890999,2,"Xal'atath's Bargain: Ascendant, Tyrannical, Challenger's Peril, Fortified",三逼八改,Shaman,Enhancement,dps,Demon Fall Canyon
1702,328.2,307778342,10,Mists of Tirna Scithe,2024-11-17T19:25:30.000Z,1475095,1890999,2,"Xal'atath's Bargain: Ascendant, Tyrannical, Challenger's Peril, Fortified",Altria,Paladin,Protection,tank,Demon Fall Canyon
1702,328.2,307778342,10,Mists of Tirna Scithe,2024-11-17T19:25:30.000Z,1475095,1890999,2,"Xal'atath's Bargain: Ascendant, Tyrannical, Challenger's Peril, Fortified",春捲小開,Shaman,Restoration,healer,Wrathbringer
1702,328.2,307778342,10,Mists of Tirna Scithe,2024-11-17T19:25:30.000Z,1475095,1890999,2,"Xal'atath's Bargain: Ascendant, Tyrannical, Challenger's Peril, Fortified",卡茲咚,Mage,Frost,dps,Sundown Marsh
1702,328.2,307778342,10,Mists of Tirna Scithe,2024-11-17T19:25:30.000Z,1475095,1890999,2,"Xal'atath's Bargain: Ascendant, Tyrannical, Challenger's Peril, Fortified",一夜霧雨-228372886,Rogue,Assassination,dps,Sundown Marsh
1703,328.2,307135002,10,Mists of Tirna Scithe,2024-11-14T09:29:34.000Z,1475146,1890999,2,"Xal'atath's Bargain: Ascendant, Tyrannical, Challenger's Peril, Fortified",韓妡妡,Rogue,Assassination,dps,Demon Fall Canyon
1703,328.2,307135002,10,Mists of Tirna Scithe,2024-11-14T09:29:34.000Z,1475146,1890999,2,"Xal'atath's Bargain: Ascendant, Tyrannical, Challenger's Peril, Fortified",皮塔梅拉克,Shaman,Restoration,healer,Arthas
1703,328.2,307135002,10,Mists of Tirna Scithe,2024-11-14T09:29:34.000Z,1475146,1890999,2,"Xal'atath's Bargain: Ascendant, Tyrannical, Challenger's Peril, Fortified",星辰光玩聖騎,Paladin,Retribution,dps,Stormscale
1703,328.2,307135002,10,Mists of Tirna Scithe,2024-11-14T09:29:34.000Z,1475146,1890999,2,"Xal'atath's Bargain: Ascendant, Tyrannical, Challenger's Peril, Fortified",滴水的小母豬,Druid,Balance,dps,Whisperwind
1703,328.2,307135002,10,Mists of Tirna Scithe,2024-11-14T09:29:34.000Z,1475146,1890999,2,"Xal'atath's Bargain: Ascendant, Tyrannical, Challenger's Peril, Fortified",莧陸夬夬,Paladin,Protection,tank,World Tree
1704,328.2,303372999,10,Mists of Tirna Scithe,2024-10-28T04:36:38.000Z,1475166,1890999,2,"Xal'atath's Bargain: Ascendant, Fortified, Challenger's Peril, Tyrannical",一點六一八,Mage,Arcane,dps,World Tree
1704,328.2,303372999,10,Mists of Tirna Scithe,2024-10-28T04:36:38.000Z,1475166,1890999,2,"Xal'atath's Bargain: Ascendant, Fortified, Challenger's Peril, Tyrannical",Siyaa,Paladin,Protection,tank,Shadowmoon
1704,328.2,303372999,10,Mists of Tirna Scithe,2024-10-28T04:36:38.000Z,1475166,1890999,2,"Xal'atath's Bargain: Ascendant, Fortified, Challenger's Peril, Tyrannical",要做個猛男,Paladin,Retribution,dps,Skywall
1704,328.2,303372999,10,Mists of Tirna Scithe,2024-10-28T04:36:38.000Z,1475166,1890999,2,"Xal'atath's Bargain: Ascendant, Fortified, Challenger's Peril, Tyrannical",緋色喵吼,Evoker,Augmentation,dps,Whisperwind
1704,328.2,303372999,10,Mists of Tirna Scithe,2024-10-28T04:36:38.000Z,1475166,1890999,2,"Xal'atath's Bargain: Ascendant, Fortified, Challenger's Peril, Tyrannical",起秋老祖,Shaman,Restoration,healer,Wrathbringer
1705,328.2,303880575,10,Mists of Tirna Scithe,2024-10-30T16:28:53.000Z,1475334,1890999,2,"Xal'atath's Bargain: Ascendant, Fortified, Challenger's Peril, Tyrannical",詩詞歌賦,Priest,Holy,healer,Demon Fall Canyon
1705,328.2,303880575,10,Mists of Tirna Scithe,2024-10-30T16:28:53.000Z,1475334,1890999,2,"Xal'atath's Bargain: Ascendant, Fortified, Challenger's Peril, Tyrannical",殘缺的曖,Monk,Windwalker,dps,Sundown Marsh
1705,328.2,303880575,10,Mists of Tirna Scithe,2024-10-30T16:28:53.000Z,1475334,1890999,2,"Xal'atath's Bargain: Ascendant, Fortified, Challenger's Peril, Tyrannical",純粹,Shaman,Elemental,dps,Sundown Marsh
1705,328.2,303880575,10,Mists of Tirna Scithe,2024-10-30T16:28:53.000Z,1475334,1890999,2,"Xal'atath's Bargain: Ascendant, Fortified, Challenger's Peril, Tyrannical",你是我的翅膀,Paladin,Retribution,dps,Sundown Marsh
1705,328.2,303880575,10,Mists of Tirna Scithe,2024-10-30T16:28:53.000Z,1475334,1890999,2,"Xal'atath's Bargain: Ascendant, Fortified, Challenger's Peril, Tyrannical",乾孫,Paladin,Protection,tank,Arthas
1706,328.2,302511107,10,Mists of Tirna Scithe,2024-10-24T15:06:23.000Z,1475691,1890999,2,"Xal'atath's Bargain: Ascendant, Fortified, Challenger's Peril, Tyrannical",整容,Rogue,Assassination,dps,Arthas
1706,328.2,302511107,10,Mists of Tirna Scithe,2024-10-24T15:06:23.000Z,1475691,1890999,2,"Xal'atath's Bargain: Ascendant, Fortified, Challenger's Peril, Tyrannical",雨果紅茶,Shaman,Restoration,healer,Shadowmoon
1706,328.2,302511107,10,Mists of Tirna Scithe,2024-10-24T15:06:23.000Z,1475691,1890999,2,"Xal'atath's Bargain: Ascendant, Fortified, Challenger's Peril, Tyrannical",亞爾林,Warlock,Destruction,dps,Zealot Blade
1706,328.2,302511107,10,Mists of Tirna Scithe,2024-10-24T15:06:23.000Z,1475691,1890999,2,"Xal'atath's Bargain: Ascendant, Fortified, Challenger's Peril, Tyrannical",閃光蛋蛋,Paladin,Retribution,dps,Sundown Marsh
1706,328.2,302511107,10,Mists of Tirna Scithe,2024-10-24T15:06:23.000Z,1475691,1890999,2,"Xal'atath's Bargain: Ascendant, Fortified, Challenger's Peril, Tyrannical",餓死街頭,Warrior,Protection,tank,Icecrown
1707,328.2,308296886,10,Mists of Tirna Scithe,2024-11-20T16:18:52.000Z,1475830,1890999,2,"Xal'atath's Bargain: Ascendant, Tyrannical, Challenger's Peril, Fortified",蠟筆仔,Warlock,Destruction,dps,Sundown Marsh
1707,328.2,308296886,10,Mists of Tirna Scithe,2024-11-20T16:18:52.000Z,1475830,1890999,2,"Xal'atath's Bargain: Ascendant, Tyrannical, Challenger's Peril, Fortified",Hasagi,Rogue,Assassination,dps,Sundown Marsh
1707,328.2,308296886,10,Mists of Tirna Scithe,2024-11-20T16:18:52.000Z,1475830,1890999,2,"Xal'atath's Bargain: Ascendant, Tyrannical, Challenger's Peril, Fortified",迷途阿戈利羊,Druid,Guardian,tank,Sundown Marsh
1707,328.2,308296886,10,Mists of Tirna Scithe,2024-11-20T16:18:52.000Z,1475830,1890999,2,"Xal'atath's Bargain: Ascendant, Tyrannical, Challenger's Peril, Fortified",丁丁是人才,Shaman,Restoration,healer,Crystalpine Stinger
1707,328.2,308296886,10,Mists of Tirna Scithe,2024-11-20T16:18:52.000Z,1475830,1890999,2,"Xal'atath's Bargain: Ascendant, Tyrannical, Challenger's Peril, Fortified",打咩打呢,Paladin,Retribution,dps,Demon Fall Canyon
1708,328.2,307621036,10,Mists of Tirna Scithe,2024-11-17T00:26:06.000Z,1475957,1890999,2,"Xal'atath's Bargain: Ascendant, Tyrannical, Challenger's Peril, Fortified",雲雁行,Shaman,Enhancement,dps,Sundown Marsh
1708,328.2,307621036,10,Mists of Tirna Scithe,2024-11-17T00:26:06.000Z,1475957,1890999,2,"Xal'atath's Bargain: Ascendant, Tyrannical, Challenger's Peril, Fortified",死亡芭比粉,Paladin,Retribution,dps,Hellscream
1708,328.2,307621036,10,Mists of Tirna Scithe,2024-11-17T00:26:06.000Z,1475957,1890999,2,"Xal'atath's Bargain: Ascendant, Tyrannical, Challenger's Peril, Fortified",何小九,Monk,Mistweaver,healer,Hellscream
1708,328.2,307621036,10,Mists of Tirna Scithe,2024-11-17T00:26:06.000Z,1475957,1890999,2,"Xal'atath's Bargain: Ascendant, Tyrannical, Challenger's Peril, Fortified",Mikayla,Mage,Frost,dps,Shadowmoon
1708,328.2,307621036,10,Mists of Tirna Scithe,2024-11-17T00:26:06.000Z,1475957,1890999,2,"Xal'atath's Bargain: Ascendant, Tyrannical, Challenger's Peril, Fortified",滴胖,Druid,Guardian,tank,Bleeding Hollow
1709,328.2,308290408,10,Mists of Tirna Scithe,2024-11-20T16:09:51.000Z,1476750,1890999,2,"Xal'atath's Bargain: Ascendant, Tyrannical, Challenger's Peril, Fortified",東京熱水器,Priest,Discipline,healer,Light's Hope
1709,328.2,308290408,10,Mists of Tirna Scithe,2024-11-20T16:09:51.000Z,1476750,1890999,2,"Xal'atath's Bargain: Ascendant, Tyrannical, Challenger's Peril, Fortified",菇阿桃,Paladin,Retribution,dps,Crystalpine Stinger
1709,328.2,308290408,10,Mists of Tirna Scithe,2024-11-20T16:09:51.000Z,1476750,1890999,2,"Xal'atath's Bargain: Ascendant, Tyrannical, Challenger's Peril, Fortified",楓葉櫻花,Paladin,Protection,tank,Whisperwind
1709,328.2,308290408,10,Mists of Tirna Scithe,2024-11-20T16:09:51.000Z,1476750,1890999,2,"Xal'atath's Bargain: Ascendant, Tyrannical, Challenger's Peril, Fortified",凝絲竹,Warrior,Fury,dps,Crystalpine Stinger
1709,328.2,308290408,10,Mists of Tirna Scithe,2024-11-20T16:09:51.000Z,1476750,1890999,2,"Xal'atath's Bargain: Ascendant, Tyrannical, Challenger's Peril, Fortified",叭叭,Mage,Arcane,dps,Crystalpine Stinger
1710,328.2,302511207,10,Mists of Tirna Scithe,2024-10-24T16:00:25.000Z,1476884,1890999,2,"Xal'atath's Bargain: Ascendant, Fortified, Challenger's Peril, Tyrannical",似君薄情如刃,Shaman,Elemental,dps,World Tree
1710,328.2,302511207,10,Mists of Tirna Scithe,2024-10-24T16:00:25.000Z,1476884,1890999,2,"Xal'atath's Bargain: Ascendant, Fortified, Challenger's Peril, Tyrannical",Leafage,Mage,Frost,dps,Nightsong
1710,328.2,302511207,10,Mists of Tirna Scithe,2024-10-24T16:00:25.000Z,1476884,1890999,2,"Xal'atath's Bargain: Ascendant, Fortified, Challenger's Peril, Tyrannical",酷拉皮卡,Druid,Balance,dps,Stormscale
1710,328.2,302511207,10,Mists of Tirna Scithe,2024-10-24T16:00:25.000Z,1476884,1890999,2,"Xal'atath's Bargain: Ascendant, Fortified, Challenger's Peril, Tyrannical",湘小雪,Priest,Discipline,healer,Nightsong
1710,328.2,302511207,10,Mists of Tirna Scithe,2024-10-24T16:00:25.000Z,1476884,1890999,2,"Xal'atath's Bargain: Ascendant, Fortified, Challenger's Peril, Tyrannical",Sunjuicee,Warrior,Protection,tank,Nightsong
1711,328.2,308302465,10,Mists of Tirna Scithe,2024-11-20T15:15:19.000Z,1477138,1890999,2,"Xal'atath's Bargain: Ascendant, Tyrannical, Challenger's Peril, Fortified",霜火風暴,Mage,Frost,dps,Shadowmoon
1711,328.2,308302465,10,Mists of Tirna Scithe,2024-11-20T15:15:19.000Z,1477138,1890999,2,"Xal'atath's Bargain: Ascendant, Tyrannical, Challenger's Peril, Fortified",風不留痕,Hunter,Survival,dps,Arygos
1711,328.2,308302465,10,Mists of Tirna Scithe,2024-11-20T15:15:19.000Z,1477138,1890999,2,"Xal'atath's Bargain: Ascendant, Tyrannical, Challenger's Peril, Fortified",小祐祐的戰刃,Demon Hunter,Vengeance,tank,Arygos
1711,328.2,308302465,10,Mists of Tirna Scithe,2024-11-20T15:15:19.000Z,1477138,1890999,2,"Xal'atath's Bargain: Ascendant, Tyrannical, Challenger's Peril, Fortified",春雨喬,Paladin,Retribution,dps,Arygos
1711,328.2,308302465,10,Mists of Tirna Scithe,2024-11-20T15:15:19.000Z,1477138,1890999,2,"Xal'atath's Bargain: Ascendant, Tyrannical, Challenger's Peril, Fortified",貼心小棉襖,Monk,Mistweaver,healer,Whisperwind
1712,328.2,307997368,10,Mists of Tirna Scithe,2024-11-18T16:07:33.000Z,1477585,1890999,2,"Xal'atath's Bargain: Ascendant, Tyrannical, Challenger's Peril, Fortified",哈納澤瓦,Shaman,Enhancement,dps,Bleeding Hollow
1712,328.2,307997368,10,Mists of Tirna Scithe,2024-11-18T16:07:33.000Z,1477585,1890999,2,"Xal'atath's Bargain: Ascendant, Tyrannical, Challenger's Peril, Fortified",風牙祖拉圖,Druid,Balance,dps,Bleeding Hollow
1712,328.2,307997368,10,Mists of Tirna Scithe,2024-11-18T16:07:33.000Z,1477585,1890999,2,"Xal'atath's Bargain: Ascendant, Tyrannical, Challenger's Peril, Fortified",呵呵操盤魚,Monk,Windwalker,dps,Shadowmoon
1712,328.2,307997368,10,Mists of Tirna Scithe,2024-11-18T16:07:33.000Z,1477585,1890999,2,"Xal'atath's Bargain: Ascendant, Tyrannical, Challenger's Peril, Fortified",綠哲,Demon Hunter,Vengeance,tank,Chillwind Point
1712,328.2,307997368,10,Mists of Tirna Scithe,2024-11-18T16:07:33.000Z,1477585,1890999,2,"Xal'atath's Bargain: Ascendant, Tyrannical, Challenger's Peril, Fortified",噗馬太忙,Evoker,Preservation,healer,Icecrown
1713,328.2,307165785,10,Mists of Tirna Scithe,2024-11-14T15:14:18.000Z,1477908,1890999,2,"Xal'atath's Bargain: Ascendant, Tyrannical, Challenger's Peril, Fortified",一价書生,Paladin,Protection,tank,Demon Fall Canyon
1713,328.2,307165785,10,Mists of Tirna Scithe,2024-11-14T15:14:18.000Z,1477908,1890999,2,"Xal'atath's Bargain: Ascendant, Tyrannical, Challenger's Peril, Fortified",血銀,Paladin,Retribution,dps,Shadowmoon
1713,328.2,307165785,10,Mists of Tirna Scithe,2024-11-14T15:14:18.000Z,1477908,1890999,2,"Xal'atath's Bargain: Ascendant, Tyrannical, Challenger's Peril, Fortified",吉米潔爾,Hunter,Survival,dps,Sundown Marsh
1713,328.2,307165785,10,Mists of Tirna Scithe,2024-11-14T15:14:18.000Z,1477908,1890999,2,"Xal'atath's Bargain: Ascendant, Tyrannical, Challenger's Peril, Fortified",暗夜守護者,Shaman,Enhancement,dps,Demon Fall Canyon
1713,328.2,307165785,10,Mists of Tirna Scithe,2024-11-14T15:14:18.000Z,1477908,1890999,2,"Xal'atath's Bargain: Ascendant, Tyrannical, Challenger's Peril, Fortified",水靈冰,Priest,Holy,healer,Demon Fall Canyon
1714,328.2,308421119,10,Mists of Tirna Scithe,2024-11-20T13:12:40.000Z,1478022,1890999,2,"Xal'atath's Bargain: Ascendant, Tyrannical, Challenger's Peril, Fortified",皇絕,Paladin,Retribution,dps,Shadowmoon
1714,328.2,308421119,10,Mists of Tirna Scithe,2024-11-20T13:12:40.000Z,1478022,1890999,2,"Xal'atath's Bargain: Ascendant, Tyrannical, Challenger's Peril, Fortified",烏塔克,Hunter,Beast Mastery,dps,Chillwind Point
1714,328.2,308421119,10,Mists of Tirna Scithe,2024-11-20T13:12:40.000Z,1478022,1890999,2,"Xal'atath's Bargain: Ascendant, Tyrannical, Challenger's Peril, Fortified",AnonD335CE1,Demon Hunter,Vengeance,tank,Anonymous
1714,328.2,308421119,10,Mists of Tirna Scithe,2024-11-20T13:12:40.000Z,1478022,1890999,2,"Xal'atath's Bargain: Ascendant, Tyrannical, Challenger's Peril, Fortified",嗚丫丫,Shaman,Restoration,healer,Shadowmoon
1714,328.2,308421119,10,Mists of Tirna Scithe,2024-11-20T13:12:40.000Z,1478022,1890999,2,"Xal'atath's Bargain: Ascendant, Tyrannical, Challenger's Peril, Fortified",洛星紫,Paladin,Retribution,dps,Shadowmoon
1715,328.2,307107117,10,Mists of Tirna Scithe,2024-11-14T03:41:23.000Z,1478114,1890999,2,"Xal'atath's Bargain: Ascendant, Tyrannical, Challenger's Peril, Fortified",胖丁,Monk,Brewmaster,tank,Shadowmoon
1715,328.2,307107117,10,Mists of Tirna Scithe,2024-11-14T03:41:23.000Z,1478114,1890999,2,"Xal'atath's Bargain: Ascendant, Tyrannical, Challenger's Peril, Fortified",貓貓德,Druid,Restoration,healer,Sundown Marsh
1715,328.2,307107117,10,Mists of Tirna Scithe,2024-11-14T03:41:23.000Z,1478114,1890999,2,"Xal'atath's Bargain: Ascendant, Tyrannical, Challenger's Peril, Fortified",Iwamihina,Evoker,Augmentation,dps,Shadowmoon
1715,328.2,307107117,10,Mists of Tirna Scithe,2024-11-14T03:41:23.000Z,1478114,1890999,2,"Xal'atath's Bargain: Ascendant, Tyrannical, Challenger's Peril, Fortified",霜刃影歌,Death Knight,Frost,dps,Arthas
1715,328.2,307107117,10,Mists of Tirna Scithe,2024-11-14T03:41:23.000Z,1478114,1890999,2,"Xal'atath's Bargain: Ascendant, Tyrannical, Challenger's Peril, Fortified",純情二世,Rogue,Assassination,dps,World Tree
1716,328.2,303641471,10,Mists of Tirna Scithe,2024-10-29T11:51:45.000Z,1478128,1890999,2,"Xal'atath's Bargain: Ascendant, Fortified, Challenger's Peril, Tyrannical",我沒喝綠豆湯,Warrior,Protection,tank,Arthas
1716,328.2,303641471,10,Mists of Tirna Scithe,2024-10-29T11:51:45.000Z,1478128,1890999,2,"Xal'atath's Bargain: Ascendant, Fortified, Challenger's Peril, Tyrannical",阿蕯斯,Death Knight,Frost,dps,Silverwing Hold
1716,328.2,303641471,10,Mists of Tirna Scithe,2024-10-29T11:51:45.000Z,1478128,1890999,2,"Xal'atath's Bargain: Ascendant, Fortified, Challenger's Peril, Tyrannical",你爹,Mage,Arcane,dps,Silverwing Hold
1716,328.2,303641471,10,Mists of Tirna Scithe,2024-10-29T11:51:45.000Z,1478128,1890999,2,"Xal'atath's Bargain: Ascendant, Fortified, Challenger's Peril, Tyrannical",尤爾薩克,Shaman,Restoration,healer,Silverwing Hold
1716,328.2,303641471,10,Mists of Tirna Scithe,2024-10-29T11:51:45.000Z,1478128,1890999,2,"Xal'atath's Bargain: Ascendant, Fortified, Challenger's Peril, Tyrannical",阿希爾,Paladin,Retribution,dps,Quel'dorei
1717,328.2,307754738,10,Mists of Tirna Scithe,2024-11-17T17:27:37.000Z,1478241,1890999,2,"Xal'atath's Bargain: Ascendant, Tyrannical, Challenger's Peril, Fortified",山姆壹號機,Demon Hunter,Vengeance,tank,Arthas
1717,328.2,307754738,10,Mists of Tirna Scithe,2024-11-17T17:27:37.000Z,1478241,1890999,2,"Xal'atath's Bargain: Ascendant, Tyrannical, Challenger's Peril, Fortified",秋憶楓嵐,Rogue,Assassination,dps,Arthas
1717,328.2,307754738,10,Mists of Tirna Scithe,2024-11-17T17:27:37.000Z,1478241,1890999,2,"Xal'atath's Bargain: Ascendant, Tyrannical, Challenger's Peril, Fortified",小乖是一隻貓,Mage,Fire,dps,Chillwind Point
1717,328.2,307754738,10,Mists of Tirna Scithe,2024-11-17T17:27:37.000Z,1478241,1890999,2,"Xal'atath's Bargain: Ascendant, Tyrannical, Challenger's Peril, Fortified",斷羽天使,Priest,Discipline,healer,Chillwind Point
1717,328.2,307754738,10,Mists of Tirna Scithe,2024-11-17T17:27:37.000Z,1478241,1890999,2,"Xal'atath's Bargain: Ascendant, Tyrannical, Challenger's Peril, Fortified",Popcoke,Death Knight,Frost,dps,Chillwind Point
1718,328.2,307890207,10,Mists of Tirna Scithe,2024-11-17T15:42:31.000Z,1478314,1890999,2,"Xal'atath's Bargain: Ascendant, Tyrannical, Challenger's Peril, Fortified",狂犬病喜拿狗,Warlock,Demonology,dps,Shadowmoon
1718,328.2,307890207,10,Mists of Tirna Scithe,2024-11-17T15:42:31.000Z,1478314,1890999,2,"Xal'atath's Bargain: Ascendant, Tyrannical, Challenger's Peril, Fortified",小叉叉,Druid,Feral,dps,Whisperwind
1718,328.2,307890207,10,Mists of Tirna Scithe,2024-11-17T15:42:31.000Z,1478314,1890999,2,"Xal'atath's Bargain: Ascendant, Tyrannical, Challenger's Peril, Fortified",提亞瑪特,Evoker,Preservation,healer,Shadowmoon
1718,328.2,307890207,10,Mists of Tirna Scithe,2024-11-17T15:42:31.000Z,1478314,1890999,2,"Xal'atath's Bargain: Ascendant, Tyrannical, Challenger's Peril, Fortified",伊瑟瑞爾,Paladin,Protection,tank,Shadowmoon
1718,328.2,307890207,10,Mists of Tirna Scithe,2024-11-17T15:42:31.000Z,1478314,1890999,2,"Xal'atath's Bargain: Ascendant, Tyrannical, Challenger's Peril, Fortified",伊瑞莉雅,Hunter,Beast Mastery,dps,Shadowmoon
1719,328.2,303429112,10,Mists of Tirna Scithe,2024-10-28T15:15:49.000Z,1479273,1890999,2,"Xal'atath's Bargain: Ascendant, Fortified, Challenger's Peril, Tyrannical",電閃雷鳴,Shaman,Restoration,healer,Hellscream
1719,328.2,303429112,10,Mists of Tirna Scithe,2024-10-28T15:15:49.000Z,1479273,1890999,2,"Xal'atath's Bargain: Ascendant, Fortified, Challenger's Peril, Tyrannical",丟丟雪球,Mage,Arcane,dps,Crystalpine Stinger
1719,328.2,303429112,10,Mists of Tirna Scithe,2024-10-28T15:15:49.000Z,1479273,1890999,2,"Xal'atath's Bargain: Ascendant, Fortified, Challenger's Peril, Tyrannical",艾斯蒙德,Druid,Guardian,tank,Shadowmoon
1719,328.2,303429112,10,Mists of Tirna Scithe,2024-10-28T15:15:49.000Z,1479273,1890999,2,"Xal'atath's Bargain: Ascendant, Fortified, Challenger's Peril, Tyrannical",Cozy,Druid,Balance,dps,Sundown Marsh
1719,328.2,303429112,10,Mists of Tirna Scithe,2024-10-28T15:15:49.000Z,1479273,1890999,2,"Xal'atath's Bargain: Ascendant, Fortified, Challenger's Peril, Tyrannical",Ggpaladin,Paladin,Retribution,dps,Shadowmoon
1720,328.2,307323001,10,Mists of Tirna Scithe,2024-11-15T15:09:00.000Z,1479684,1890999,2,"Xal'atath's Bargain: Ascendant, Tyrannical, Challenger's Peril, Fortified",你狗叫什麼,Druid,Restoration,healer,Chillwind Point
1720,328.2,307323001,10,Mists of Tirna Scithe,2024-11-15T15:09:00.000Z,1479684,1890999,2,"Xal'atath's Bargain: Ascendant, Tyrannical, Challenger's Peril, Fortified",我忍妳很久了,Death Knight,Blood,tank,Nightsong
1720,328.2,307323001,10,Mists of Tirna Scithe,2024-11-15T15:09:00.000Z,1479684,1890999,2,"Xal'atath's Bargain: Ascendant, Tyrannical, Challenger's Peril, Fortified",笑笑努,Paladin,Retribution,dps,Arygos
1720,328.2,307323001,10,Mists of Tirna Scithe,2024-11-15T15:09:00.000Z,1479684,1890999,2,"Xal'atath's Bargain: Ascendant, Tyrannical, Challenger's Peril, Fortified",Jqlove,Mage,Arcane,dps,Wrathbringer
1720,328.2,307323001,10,Mists of Tirna Scithe,2024-11-15T15:09:00.000Z,1479684,1890999,2,"Xal'atath's Bargain: Ascendant, Tyrannical, Challenger's Peril, Fortified",幽魂舞步,Rogue,Assassination,dps,Wrathbringer
1721,328.1,303066506,10,Mists of Tirna Scithe,2024-10-26T16:47:32.000Z,1480567,1890999,2,"Xal'atath's Bargain: Ascendant, Fortified, Challenger's Peril, Tyrannical",雷霆小白,Warrior,Protection,tank,Sundown Marsh
1721,328.1,303066506,10,Mists of Tirna Scithe,2024-10-26T16:47:32.000Z,1480567,1890999,2,"Xal'atath's Bargain: Ascendant, Fortified, Challenger's Peril, Tyrannical",血聖靈,Paladin,Retribution,dps,Nightsong
1721,328.1,303066506,10,Mists of Tirna Scithe,2024-10-26T16:47:32.000Z,1480567,1890999,2,"Xal'atath's Bargain: Ascendant, Fortified, Challenger's Peril, Tyrannical",亂玩小牧,Priest,Discipline,healer,Sundown Marsh
1721,328.1,303066506,10,Mists of Tirna Scithe,2024-10-26T16:47:32.000Z,1480567,1890999,2,"Xal'atath's Bargain: Ascendant, Fortified, Challenger's Peril, Tyrannical",圖騰雞,Shaman,Elemental,dps,Stormscale
1721,328.1,303066506,10,Mists of Tirna Scithe,2024-10-26T16:47:32.000Z,1480567,1890999,2,"Xal'atath's Bargain: Ascendant, Fortified, Challenger's Peril, Tyrannical",枺玥,Hunter,Survival,dps,Demon Fall Canyon
1722,328.1,308291048,10,Mists of Tirna Scithe,2024-11-20T16:27:35.000Z,1480649,1890999,2,"Xal'atath's Bargain: Ascendant, Tyrannical, Challenger's Peril, Fortified",阿姆斯特朗砲,Shaman,Restoration,healer,Chillwind Point
1722,328.1,308291048,10,Mists of Tirna Scithe,2024-11-20T16:27:35.000Z,1480649,1890999,2,"Xal'atath's Bargain: Ascendant, Tyrannical, Challenger's Peril, Fortified",想想都氣噗噗,Hunter,Survival,dps,Arthas
1722,328.1,308291048,10,Mists of Tirna Scithe,2024-11-20T16:27:35.000Z,1480649,1890999,2,"Xal'atath's Bargain: Ascendant, Tyrannical, Challenger's Peril, Fortified",沒事槌槌,Paladin,Protection,tank,Shadowmoon
1722,328.1,308291048,10,Mists of Tirna Scithe,2024-11-20T16:27:35.000Z,1480649,1890999,2,"Xal'atath's Bargain: Ascendant, Tyrannical, Challenger's Peril, Fortified",馱目人間,Paladin,Retribution,dps,Shadowmoon
1722,328.1,308291048,10,Mists of Tirna Scithe,2024-11-20T16:27:35.000Z,1480649,1890999,2,"Xal'atath's Bargain: Ascendant, Tyrannical, Challenger's Peril, Fortified",美味海苔,Warlock,Destruction,dps,Shadowmoon
1723,328.1,307716097,10,Mists of Tirna Scithe,2024-11-17T10:45:16.000Z,1480697,1890999,2,"Xal'atath's Bargain: Ascendant, Tyrannical, Challenger's Peril, Fortified",聖騎禮讚,Paladin,Retribution,dps,Nightsong
1723,328.1,307716097,10,Mists of Tirna Scithe,2024-11-17T10:45:16.000Z,1480697,1890999,2,"Xal'atath's Bargain: Ascendant, Tyrannical, Challenger's Peril, Fortified",月巴舟亢,Rogue,Outlaw,dps,World Tree
1723,328.1,307716097,10,Mists of Tirna Scithe,2024-11-17T10:45:16.000Z,1480697,1890999,2,"Xal'atath's Bargain: Ascendant, Tyrannical, Challenger's Peril, Fortified",阿捏龍武后,Evoker,Preservation,healer,Nightsong
1723,328.1,307716097,10,Mists of Tirna Scithe,2024-11-17T10:45:16.000Z,1480697,1890999,2,"Xal'atath's Bargain: Ascendant, Tyrannical, Challenger's Peril, Fortified",Muerta,Demon Hunter,Vengeance,tank,World Tree
1723,328.1,307716097,10,Mists of Tirna Scithe,2024-11-17T10:45:16.000Z,1480697,1890999,2,"Xal'atath's Bargain: Ascendant, Tyrannical, Challenger's Peril, Fortified",地通拿,Warlock,Affliction,dps,Shadowmoon
1724,328.1,303787863,10,Mists of Tirna Scithe,2024-10-30T04:01:05.000Z,1481484,1890999,2,"Xal'atath's Bargain: Ascendant, Fortified, Challenger's Peril, Tyrannical",伊菈絲,Hunter,Beast Mastery,dps,Zealot Blade
1724,328.1,303787863,10,Mists of Tirna Scithe,2024-10-30T04:01:05.000Z,1481484,1890999,2,"Xal'atath's Bargain: Ascendant, Fortified, Challenger's Peril, Tyrannical",冬仔,Monk,Mistweaver,healer,Silverwing Hold
1724,328.1,303787863,10,Mists of Tirna Scithe,2024-10-30T04:01:05.000Z,1481484,1890999,2,"Xal'atath's Bargain: Ascendant, Fortified, Challenger's Peril, Tyrannical",看我七十二變,Druid,Guardian,tank,Light's Hope
1724,328.1,303787863,10,Mists of Tirna Scithe,2024-10-30T04:01:05.000Z,1481484,1890999,2,"Xal'atath's Bargain: Ascendant, Fortified, Challenger's Peril, Tyrannical",寒星玥影,Paladin,Retribution,dps,Crystalpine Stinger
1724,328.1,303787863,10,Mists of Tirna Scithe,2024-10-30T04:01:05.000Z,1481484,1890999,2,"Xal'atath's Bargain: Ascendant, Fortified, Challenger's Peril, Tyrannical",陌九,Druid,Balance,dps,Frostmane
1725,328.1,307321897,10,Mists of Tirna Scithe,2024-11-15T15:29:52.000Z,1482040,1890999,2,"Xal'atath's Bargain: Ascendant, Tyrannical, Challenger's Peril, Fortified",幕斯,Priest,Shadow,dps,Quel'dorei
1725,328.1,307321897,10,Mists of Tirna Scithe,2024-11-15T15:29:52.000Z,1482040,1890999,2,"Xal'atath's Bargain: Ascendant, Tyrannical, Challenger's Peril, Fortified",乂白殿乂,Paladin,Protection,tank,Arthas
1725,328.1,307321897,10,Mists of Tirna Scithe,2024-11-15T15:29:52.000Z,1482040,1890999,2,"Xal'atath's Bargain: Ascendant, Tyrannical, Challenger's Peril, Fortified",奈飛天,Hunter,Beast Mastery,dps,Crystalpine Stinger
1725,328.1,307321897,10,Mists of Tirna Scithe,2024-11-15T15:29:52.000Z,1482040,1890999,2,"Xal'atath's Bargain: Ascendant, Tyrannical, Challenger's Peril, Fortified",Sylents,Priest,Discipline,healer,Crystalpine Stinger
1725,328.1,307321897,10,Mists of Tirna Scithe,2024-11-15T15:29:52.000Z,1482040,1890999,2,"Xal'atath's Bargain: Ascendant, Tyrannical, Challenger's Peril, Fortified",Cecily,Warlock,Demonology,dps,Shadowmoon
1726,328.1,307334142,10,Mists of Tirna Scithe,2024-11-15T16:28:38.000Z,1482846,1890999,2,"Xal'atath's Bargain: Ascendant, Tyrannical, Challenger's Peril, Fortified",狒鷥鵲蚵,Mage,Fire,dps,Shadowmoon
1726,328.1,307334142,10,Mists of Tirna Scithe,2024-11-15T16:28:38.000Z,1482846,1890999,2,"Xal'atath's Bargain: Ascendant, Tyrannical, Challenger's Peril, Fortified",白酒香草肋排,Paladin,Retribution,dps,Spirestone
1726,328.1,307334142,10,Mists of Tirna Scithe,2024-11-15T16:28:38.000Z,1482846,1890999,2,"Xal'atath's Bargain: Ascendant, Tyrannical, Challenger's Peril, Fortified",肯恰拿,Death Knight,Blood,tank,Shadowmoon
1726,328.1,307334142,10,Mists of Tirna Scithe,2024-11-15T16:28:38.000Z,1482846,1890999,2,"Xal'atath's Bargain: Ascendant, Tyrannical, Challenger's Peril, Fortified",你真的沒救了,Shaman,Restoration,healer,Spirestone
1726,328.1,307334142,10,Mists of Tirna Scithe,2024-11-15T16:28:38.000Z,1482846,1890999,2,"Xal'atath's Bargain: Ascendant, Tyrannical, Challenger's Peril, Fortified",九陶郎,Mage,Frost,dps,Frostmane
1727,328.1,302492888,10,Mists of Tirna Scithe,2024-10-24T14:58:29.000Z,1483004,1890999,2,"Xal'atath's Bargain: Ascendant, Fortified, Challenger's Peril, Tyrannical",稚氣小杰,Hunter,Marksmanship,dps,Whisperwind
1727,328.1,302492888,10,Mists of Tirna Scithe,2024-10-24T14:58:29.000Z,1483004,1890999,2,"Xal'atath's Bargain: Ascendant, Fortified, Challenger's Peril, Tyrannical",肥嘟嘟左偉門,Druid,Restoration,healer,Whisperwind
1727,328.1,302492888,10,Mists of Tirna Scithe,2024-10-24T14:58:29.000Z,1483004,1890999,2,"Xal'atath's Bargain: Ascendant, Fortified, Challenger's Peril, Tyrannical",香瓜果凍,Hunter,Beast Mastery,dps,Whisperwind
1727,328.1,302492888,10,Mists of Tirna Scithe,2024-10-24T14:58:29.000Z,1483004,1890999,2,"Xal'atath's Bargain: Ascendant, Fortified, Challenger's Peril, Tyrannical",Aieiyouwei,Druid,Guardian,tank,Whisperwind
1727,328.1,302492888,10,Mists of Tirna Scithe,2024-10-24T14:58:29.000Z,1483004,1890999,2,"Xal'atath's Bargain: Ascendant, Fortified, Challenger's Peril, Tyrannical",Eschofae,Warlock,Demonology,dps,Shadowmoon
1728,328.1,294081964,10,Mists of Tirna Scithe,2024-10-24T15:06:38.000Z,1483028,1890999,2,"Xal'atath's Bargain: Ascendant, Fortified, Challenger's Peril, Tyrannical",屁屁體操,Druid,Restoration,healer,Wrathbringer
1728,328.1,294081964,10,Mists of Tirna Scithe,2024-10-24T15:06:38.000Z,1483028,1890999,2,"Xal'atath's Bargain: Ascendant, Fortified, Challenger's Peril, Tyrannical",化羽隨風,Death Knight,Blood,tank,Wrathbringer
1728,328.1,294081964,10,Mists of Tirna Scithe,2024-10-24T15:06:38.000Z,1483028,1890999,2,"Xal'atath's Bargain: Ascendant, Fortified, Challenger's Peril, Tyrannical",Phiona,Paladin,Retribution,dps,Wrathbringer
1728,328.1,294081964,10,Mists of Tirna Scithe,2024-10-24T15:06:38.000Z,1483028,1890999,2,"Xal'atath's Bargain: Ascendant, Fortified, Challenger's Peril, Tyrannical",咒語唱不完,Mage,Frost,dps,Frostmane
1728,328.1,294081964,10,Mists of Tirna Scithe,2024-10-24T15:06:38.000Z,1483028,1890999,2,"Xal'atath's Bargain: Ascendant, Fortified, Challenger's Peril, Tyrannical",Shenhe,Paladin,Retribution,dps,Wrathbringer
1729,328.1,307309181,10,Mists of Tirna Scithe,2024-11-15T12:57:33.000Z,1483034,1890999,2,"Xal'atath's Bargain: Ascendant, Tyrannical, Challenger's Peril, Fortified",地瓜綠,Priest,Holy,healer,Menethil
1729,328.1,307309181,10,Mists of Tirna Scithe,2024-11-15T12:57:33.000Z,1483034,1890999,2,"Xal'atath's Bargain: Ascendant, Tyrannical, Challenger's Peril, Fortified",昏倒,Paladin,Retribution,dps,Zealot Blade
1729,328.1,307309181,10,Mists of Tirna Scithe,2024-11-15T12:57:33.000Z,1483034,1890999,2,"Xal'atath's Bargain: Ascendant, Tyrannical, Challenger's Peril, Fortified",灵晔,Hunter,Beast Mastery,dps,World Tree
1729,328.1,307309181,10,Mists of Tirna Scithe,2024-11-15T12:57:33.000Z,1483034,1890999,2,"Xal'atath's Bargain: Ascendant, Tyrannical, Challenger's Peril, Fortified",Logosh,Demon Hunter,Havoc,dps,Shadowmoon
1729,328.1,307309181,10,Mists of Tirna Scithe,2024-11-15T12:57:33.000Z,1483034,1890999,2,"Xal'atath's Bargain: Ascendant, Tyrannical, Challenger's Peril, Fortified",真紅眼火龍,Warrior,Protection,tank,Arygos
1730,328.1,303421106,10,Mists of Tirna Scithe,2024-10-27T08:47:52.000Z,1483157,1890999,2,"Xal'atath's Bargain: Ascendant, Fortified, Challenger's Peril, Tyrannical",獵藝,Hunter,Beast Mastery,dps,Shadowmoon
1730,328.1,303421106,10,Mists of Tirna Scithe,2024-10-27T08:47:52.000Z,1483157,1890999,2,"Xal'atath's Bargain: Ascendant, Fortified, Challenger's Peril, Tyrannical",雅紗,Shaman,Restoration,healer,Whisperwind
1730,328.1,303421106,10,Mists of Tirna Scithe,2024-10-27T08:47:52.000Z,1483157,1890999,2,"Xal'atath's Bargain: Ascendant, Fortified, Challenger's Peril, Tyrannical",長橋顧馬,Paladin,Protection,tank,Silverwing Hold
1730,328.1,303421106,10,Mists of Tirna Scithe,2024-10-27T08:47:52.000Z,1483157,1890999,2,"Xal'atath's Bargain: Ascendant, Fortified, Challenger's Peril, Tyrannical",Zoecide,Rogue,Assassination,dps,Shadowmoon
1730,328.1,303421106,10,Mists of Tirna Scithe,2024-10-27T08:47:52.000Z,1483157,1890999,2,"Xal'atath's Bargain: Ascendant, Fortified, Challenger's Peril, Tyrannical",長離,Mage,Frost,dps,Nightsong
1731,328.1,308263505,10,Mists of Tirna Scithe,2024-11-20T11:09:19.000Z,1483282,1890999,2,"Xal'atath's Bargain: Ascendant, Tyrannical, Challenger's Peril, Fortified",菜菜子,Warrior,Fury,dps,World Tree
1731,328.1,308263505,10,Mists of Tirna Scithe,2024-11-20T11:09:19.000Z,1483282,1890999,2,"Xal'atath's Bargain: Ascendant, Tyrannical, Challenger's Peril, Fortified",雲影靜,Priest,Discipline,healer,World Tree
1731,328.1,308263505,10,Mists of Tirna Scithe,2024-11-20T11:09:19.000Z,1483282,1890999,2,"Xal'atath's Bargain: Ascendant, Tyrannical, Challenger's Peril, Fortified",Gettoher,Mage,Arcane,dps,Arygos
1731,328.1,308263505,10,Mists of Tirna Scithe,2024-11-20T11:09:19.000Z,1483282,1890999,2,"Xal'atath's Bargain: Ascendant, Tyrannical, Challenger's Peril, Fortified",麻吉啪啦叮,Paladin,Protection,tank,Demon Fall Canyon
1731,328.1,308263505,10,Mists of Tirna Scithe,2024-11-20T11:09:19.000Z,1483282,1890999,2,"Xal'atath's Bargain: Ascendant, Tyrannical, Challenger's Peril, Fortified",熙婆婆,Shaman,Enhancement,dps,World Tree
1732,328.1,307687733,10,Mists of Tirna Scithe,2024-11-17T08:23:24.000Z,1483891,1890999,2,"Xal'atath's Bargain: Ascendant, Tyrannical, Challenger's Peril, Fortified",晦暗的圣光,Paladin,Protection,tank,Crystalpine Stinger
1732,328.1,307687733,10,Mists of Tirna Scithe,2024-11-17T08:23:24.000Z,1483891,1890999,2,"Xal'atath's Bargain: Ascendant, Tyrannical, Challenger's Peril, Fortified",桂花浮玉,Priest,Holy,healer,Demon Fall Canyon
1732,328.1,307687733,10,Mists of Tirna Scithe,2024-11-17T08:23:24.000Z,1483891,1890999,2,"Xal'atath's Bargain: Ascendant, Tyrannical, Challenger's Peril, Fortified",兔田之下,Mage,Frost,dps,Shadowmoon
1732,328.1,307687733,10,Mists of Tirna Scithe,2024-11-17T08:23:24.000Z,1483891,1890999,2,"Xal'atath's Bargain: Ascendant, Tyrannical, Challenger's Peril, Fortified",Enfp,Hunter,Beast Mastery,dps,Shadowmoon
1732,328.1,307687733,10,Mists of Tirna Scithe,2024-11-17T08:23:24.000Z,1483891,1890999,2,"Xal'atath's Bargain: Ascendant, Tyrannical, Challenger's Peril, Fortified",觀月里紗,Warrior,Fury,dps,Shadowmoon
1733,328.1,307674324,10,Mists of Tirna Scithe,2024-11-17T07:44:04.000Z,1484211,1890999,2,"Xal'atath's Bargain: Ascendant, Tyrannical, Challenger's Peril, Fortified",乂幽月乂,Druid,Guardian,tank,Quel'dorei
1733,328.1,307674324,10,Mists of Tirna Scithe,2024-11-17T07:44:04.000Z,1484211,1890999,2,"Xal'atath's Bargain: Ascendant, Tyrannical, Challenger's Peril, Fortified",冒牌貨,Priest,Holy,healer,Zealot Blade
1733,328.1,307674324,10,Mists of Tirna Scithe,2024-11-17T07:44:04.000Z,1484211,1890999,2,"Xal'atath's Bargain: Ascendant, Tyrannical, Challenger's Peril, Fortified",寞世遊俠,Hunter,Beast Mastery,dps,Skywall
1733,328.1,307674324,10,Mists of Tirna Scithe,2024-11-17T07:44:04.000Z,1484211,1890999,2,"Xal'atath's Bargain: Ascendant, Tyrannical, Challenger's Peril, Fortified",大耳喵,Death Knight,Frost,dps,Crystalpine Stinger
1733,328.1,307674324,10,Mists of Tirna Scithe,2024-11-17T07:44:04.000Z,1484211,1890999,2,"Xal'atath's Bargain: Ascendant, Tyrannical, Challenger's Peril, Fortified",大瘦貝,Paladin,Retribution,dps,Crystalpine Stinger
1734,328.1,302480630,10,Mists of Tirna Scithe,2024-10-24T14:04:15.000Z,1484288,1890999,2,"Xal'atath's Bargain: Ascendant, Fortified, Challenger's Peril, Tyrannical",滿月之詠,Death Knight,Unholy,dps,Shadowmoon
1734,328.1,302480630,10,Mists of Tirna Scithe,2024-10-24T14:04:15.000Z,1484288,1890999,2,"Xal'atath's Bargain: Ascendant, Fortified, Challenger's Peril, Tyrannical",Tiffblue,Shaman,Restoration,healer,Shadowmoon
1734,328.1,302480630,10,Mists of Tirna Scithe,2024-10-24T14:04:15.000Z,1484288,1890999,2,"Xal'atath's Bargain: Ascendant, Fortified, Challenger's Peril, Tyrannical",流砂,Hunter,Beast Mastery,dps,Shadowmoon
1734,328.1,302480630,10,Mists of Tirna Scithe,2024-10-24T14:04:15.000Z,1484288,1890999,2,"Xal'atath's Bargain: Ascendant, Fortified, Challenger's Peril, Tyrannical",Cycdragon-115050903,Evoker,Augmentation,dps,Sundown Marsh
1734,328.1,302480630,10,Mists of Tirna Scithe,2024-10-24T14:04:15.000Z,1484288,1890999,2,"Xal'atath's Bargain: Ascendant, Fortified, Challenger's Peril, Tyrannical",吸濕大笨象,Druid,Guardian,tank,Shadowmoon
1735,328.1,303129626,10,Mists of Tirna Scithe,2024-10-27T07:04:11.000Z,1484443,1890999,2,"Xal'atath's Bargain: Ascendant, Fortified, Challenger's Peril, Tyrannical",牛角散,Druid,Balance,dps,Chillwind Point
1735,328.1,303129626,10,Mists of Tirna Scithe,2024-10-27T07:04:11.000Z,1484443,1890999,2,"Xal'atath's Bargain: Ascendant, Fortified, Challenger's Peril, Tyrannical",伊利蛋疼,Demon Hunter,Havoc,dps,Zealot Blade
1735,328.1,303129626,10,Mists of Tirna Scithe,2024-10-27T07:04:11.000Z,1484443,1890999,2,"Xal'atath's Bargain: Ascendant, Fortified, Challenger's Peril, Tyrannical",Skydk,Death Knight,Blood,tank,Shadowmoon
1735,328.1,303129626,10,Mists of Tirna Scithe,2024-10-27T07:04:11.000Z,1484443,1890999,2,"Xal'atath's Bargain: Ascendant, Fortified, Challenger's Peril, Tyrannical",鐵頭叁號,Shaman,Restoration,healer,World Tree
1735,328.1,303129626,10,Mists of Tirna Scithe,2024-10-27T07:04:11.000Z,1484443,1890999,2,"Xal'atath's Bargain: Ascendant, Fortified, Challenger's Peril, Tyrannical",阿希爾,Paladin,Retribution,dps,Quel'dorei
1736,328.1,302511174,10,Mists of Tirna Scithe,2024-10-24T16:56:10.000Z,1484951,1890999,2,"Xal'atath's Bargain: Ascendant, Fortified, Challenger's Peril, Tyrannical",秋憶楓嵐,Rogue,Assassination,dps,Arthas
1736,328.1,302511174,10,Mists of Tirna Scithe,2024-10-24T16:56:10.000Z,1484951,1890999,2,"Xal'atath's Bargain: Ascendant, Fortified, Challenger's Peril, Tyrannical",叫你阿罵出來,Paladin,Protection,tank,Chillwind Point
1736,328.1,302511174,10,Mists of Tirna Scithe,2024-10-24T16:56:10.000Z,1484951,1890999,2,"Xal'atath's Bargain: Ascendant, Fortified, Challenger's Peril, Tyrannical",斷羽天使,Priest,Discipline,healer,Chillwind Point
1736,328.1,302511174,10,Mists of Tirna Scithe,2024-10-24T16:56:10.000Z,1484951,1890999,2,"Xal'atath's Bargain: Ascendant, Fortified, Challenger's Peril, Tyrannical",已放棄治療,Shaman,Elemental,dps,Crystalpine Stinger
1736,328.1,302511174,10,Mists of Tirna Scithe,2024-10-24T16:56:10.000Z,1484951,1890999,2,"Xal'atath's Bargain: Ascendant, Fortified, Challenger's Peril, Tyrannical",Popcoke,Death Knight,Frost,dps,Chillwind Point
1737,328.1,307198726,10,Mists of Tirna Scithe,2024-11-14T19:42:31.000Z,1484990,1890999,2,"Xal'atath's Bargain: Ascendant, Tyrannical, Challenger's Peril, Fortified",海苔壽司,Paladin,Holy,healer,Whisperwind
1737,328.1,307198726,10,Mists of Tirna Scithe,2024-11-14T19:42:31.000Z,1484990,1890999,2,"Xal'atath's Bargain: Ascendant, Tyrannical, Challenger's Peril, Fortified",阿卡迪亞,Mage,Fire,dps,Arthas
1737,328.1,307198726,10,Mists of Tirna Scithe,2024-11-14T19:42:31.000Z,1484990,1890999,2,"Xal'atath's Bargain: Ascendant, Tyrannical, Challenger's Peril, Fortified",巨人症哥布林,Hunter,Survival,dps,Arygos
1737,328.1,307198726,10,Mists of Tirna Scithe,2024-11-14T19:42:31.000Z,1484990,1890999,2,"Xal'atath's Bargain: Ascendant, Tyrannical, Challenger's Peril, Fortified",一幸運小草一,Hunter,Beast Mastery,dps,Arthas
1737,328.1,307198726,10,Mists of Tirna Scithe,2024-11-14T19:42:31.000Z,1484990,1890999,2,"Xal'atath's Bargain: Ascendant, Tyrannical, Challenger's Peril, Fortified",Guan,Warrior,Protection,tank,Arygos
1738,328,303821193,10,Mists of Tirna Scithe,2024-10-29T16:41:39.000Z,1485463,1890999,2,"Xal'atath's Bargain: Ascendant, Fortified, Challenger's Peril, Tyrannical",森里螢一,Paladin,Protection,tank,Crystalpine Stinger
1738,328,303821193,10,Mists of Tirna Scithe,2024-10-29T16:41:39.000Z,1485463,1890999,2,"Xal'atath's Bargain: Ascendant, Fortified, Challenger's Peril, Tyrannical",風冥殺神,Shaman,Restoration,healer,Crystalpine Stinger
1738,328,303821193,10,Mists of Tirna Scithe,2024-10-29T16:41:39.000Z,1485463,1890999,2,"Xal'atath's Bargain: Ascendant, Fortified, Challenger's Peril, Tyrannical",漓樂,Death Knight,Frost,dps,Crystalpine Stinger
1738,328,303821193,10,Mists of Tirna Scithe,2024-10-29T16:41:39.000Z,1485463,1890999,2,"Xal'atath's Bargain: Ascendant, Fortified, Challenger's Peril, Tyrannical",薩基路加,Shaman,Elemental,dps,Sundown Marsh
1738,328,303821193,10,Mists of Tirna Scithe,2024-10-29T16:41:39.000Z,1485463,1890999,2,"Xal'atath's Bargain: Ascendant, Fortified, Challenger's Peril, Tyrannical",Patawild-230180128,Shaman,Elemental,dps,Shadowmoon
1739,328,303436291,10,Mists of Tirna Scithe,2024-10-28T16:10:19.000Z,1485479,1890999,2,"Xal'atath's Bargain: Ascendant, Fortified, Challenger's Peril, Tyrannical",小小水花,Paladin,Holy,healer,Sundown Marsh
1739,328,303436291,10,Mists of Tirna Scithe,2024-10-28T16:10:19.000Z,1485479,1890999,2,"Xal'atath's Bargain: Ascendant, Fortified, Challenger's Peril, Tyrannical",核動力輪椅,Death Knight,Blood,tank,Demon Fall Canyon
1739,328,303436291,10,Mists of Tirna Scithe,2024-10-28T16:10:19.000Z,1485479,1890999,2,"Xal'atath's Bargain: Ascendant, Fortified, Challenger's Peril, Tyrannical",卡比不獸控,Evoker,Devastation,dps,Sundown Marsh
1739,328,303436291,10,Mists of Tirna Scithe,2024-10-28T16:10:19.000Z,1485479,1890999,2,"Xal'atath's Bargain: Ascendant, Fortified, Challenger's Peril, Tyrannical",Gumayusi,Hunter,Survival,dps,Spirestone
1739,328,303436291,10,Mists of Tirna Scithe,2024-10-28T16:10:19.000Z,1485479,1890999,2,"Xal'atath's Bargain: Ascendant, Fortified, Challenger's Peril, Tyrannical",飛願-227222602,Death Knight,Frost,dps,Demon Fall Canyon
1740,328,302451673,10,Mists of Tirna Scithe,2024-10-24T08:34:57.000Z,1485560,1890999,2,"Xal'atath's Bargain: Ascendant, Fortified, Challenger's Peril, Tyrannical",蝴蝶酥,Death Knight,Frost,dps,Shadowmoon
1740,328,302451673,10,Mists of Tirna Scithe,2024-10-24T08:34:57.000Z,1485560,1890999,2,"Xal'atath's Bargain: Ascendant, Fortified, Challenger's Peril, Tyrannical",小傑呀,Demon Hunter,Vengeance,tank,Shadowmoon
1740,328,302451673,10,Mists of Tirna Scithe,2024-10-24T08:34:57.000Z,1485560,1890999,2,"Xal'atath's Bargain: Ascendant, Fortified, Challenger's Peril, Tyrannical",黑白日暮,Shaman,Elemental,dps,Shadowmoon
1740,328,302451673,10,Mists of Tirna Scithe,2024-10-24T08:34:57.000Z,1485560,1890999,2,"Xal'atath's Bargain: Ascendant, Fortified, Challenger's Peril, Tyrannical",Destinyend,Druid,Balance,dps,Shadowmoon
1740,328,302451673,10,Mists of Tirna Scithe,2024-10-24T08:34:57.000Z,1485560,1890999,2,"Xal'atath's Bargain: Ascendant, Fortified, Challenger's Peril, Tyrannical",一溟伢一,Druid,Restoration,healer,Shadowmoon
1741,328,307519101,10,Mists of Tirna Scithe,2024-11-16T15:08:14.000Z,1485870,1890999,2,"Xal'atath's Bargain: Ascendant, Tyrannical, Challenger's Peril, Fortified",酥烤紐約克,Hunter,Beast Mastery,dps,Crystalpine Stinger
1741,328,307519101,10,Mists of Tirna Scithe,2024-11-16T15:08:14.000Z,1485870,1890999,2,"Xal'atath's Bargain: Ascendant, Tyrannical, Challenger's Peril, Fortified",Targaryen,Evoker,Augmentation,dps,Wrathbringer
1741,328,307519101,10,Mists of Tirna Scithe,2024-11-16T15:08:14.000Z,1485870,1890999,2,"Xal'atath's Bargain: Ascendant, Tyrannical, Challenger's Peril, Fortified",二隊薩滿,Evoker,Preservation,healer,Wrathbringer
1741,328,307519101,10,Mists of Tirna Scithe,2024-11-16T15:08:14.000Z,1485870,1890999,2,"Xal'atath's Bargain: Ascendant, Tyrannical, Challenger's Peril, Fortified",Leejieun,Death Knight,Blood,tank,Wrathbringer
1741,328,307519101,10,Mists of Tirna Scithe,2024-11-16T15:08:14.000Z,1485870,1890999,2,"Xal'atath's Bargain: Ascendant, Tyrannical, Challenger's Peril, Fortified",神秘的聾子,Warlock,Destruction,dps,Sundown Marsh
1742,328,303802583,10,Mists of Tirna Scithe,2024-10-29T13:42:56.000Z,1486090,1890999,2,"Xal'atath's Bargain: Ascendant, Fortified, Challenger's Peril, Tyrannical",瑪爾利斯,Priest,Discipline,healer,Sundown Marsh
1742,328,303802583,10,Mists of Tirna Scithe,2024-10-29T13:42:56.000Z,1486090,1890999,2,"Xal'atath's Bargain: Ascendant, Fortified, Challenger's Peril, Tyrannical",妞妞獵手,Demon Hunter,Vengeance,tank,World Tree
1742,328,303802583,10,Mists of Tirna Scithe,2024-10-29T13:42:56.000Z,1486090,1890999,2,"Xal'atath's Bargain: Ascendant, Fortified, Challenger's Peril, Tyrannical",铁锤无敌,Paladin,Retribution,dps,Whisperwind
1742,328,303802583,10,Mists of Tirna Scithe,2024-10-29T13:42:56.000Z,1486090,1890999,2,"Xal'atath's Bargain: Ascendant, Fortified, Challenger's Peril, Tyrannical",殘兵陌路,Shaman,Enhancement,dps,Whisperwind
1742,328,303802583,10,Mists of Tirna Scithe,2024-10-29T13:42:56.000Z,1486090,1890999,2,"Xal'atath's Bargain: Ascendant, Fortified, Challenger's Peril, Tyrannical",焦糖伯爵奶茶,Rogue,Assassination,dps,Zealot Blade
1743,328,303484927,10,Mists of Tirna Scithe,2024-10-28T19:58:58.000Z,1486163,1890999,2,"Xal'atath's Bargain: Ascendant, Fortified, Challenger's Peril, Tyrannical",渡小咕,Warlock,Demonology,dps,Hellscream
1743,328,303484927,10,Mists of Tirna Scithe,2024-10-28T19:58:58.000Z,1486163,1890999,2,"Xal'atath's Bargain: Ascendant, Fortified, Challenger's Peril, Tyrannical",艾默瑞斯,Hunter,Survival,dps,Nightsong
1743,328,303484927,10,Mists of Tirna Scithe,2024-10-28T19:58:58.000Z,1486163,1890999,2,"Xal'atath's Bargain: Ascendant, Fortified, Challenger's Peril, Tyrannical",太陽花的傻笑,Priest,Shadow,dps,Nightsong
1743,328,303484927,10,Mists of Tirna Scithe,2024-10-28T19:58:58.000Z,1486163,1890999,2,"Xal'atath's Bargain: Ascendant, Fortified, Challenger's Peril, Tyrannical",到底又要幹嘛,Priest,Discipline,healer,Nightsong
1743,328,303484927,10,Mists of Tirna Scithe,2024-10-28T19:58:58.000Z,1486163,1890999,2,"Xal'atath's Bargain: Ascendant, Fortified, Challenger's Peril, Tyrannical",槐安,Paladin,Protection,tank,Light's Hope
1744,328,302874898,10,Mists of Tirna Scithe,2024-10-26T08:24:44.000Z,1486516,1890999,2,"Xal'atath's Bargain: Ascendant, Fortified, Challenger's Peril, Tyrannical",墨希,Warrior,Protection,tank,Dragonmaw
1744,328,302874898,10,Mists of Tirna Scithe,2024-10-26T08:24:44.000Z,1486516,1890999,2,"Xal'atath's Bargain: Ascendant, Fortified, Challenger's Peril, Tyrannical",剎鬼爻牙,Paladin,Retribution,dps,Crystalpine Stinger
1744,328,302874898,10,Mists of Tirna Scithe,2024-10-26T08:24:44.000Z,1486516,1890999,2,"Xal'atath's Bargain: Ascendant, Fortified, Challenger's Peril, Tyrannical",乳雌動人,Shaman,Restoration,healer,Chillwind Point
1744,328,302874898,10,Mists of Tirna Scithe,2024-10-26T08:24:44.000Z,1486516,1890999,2,"Xal'atath's Bargain: Ascendant, Fortified, Challenger's Peril, Tyrannical",比你帥不是罪,Paladin,Retribution,dps,Icecrown
1744,328,302874898,10,Mists of Tirna Scithe,2024-10-26T08:24:44.000Z,1486516,1890999,2,"Xal'atath's Bargain: Ascendant, Fortified, Challenger's Peril, Tyrannical",拉貝卡,Shaman,Elemental,dps,Wrathbringer
1745,328,307508936,10,Mists of Tirna Scithe,2024-11-16T14:05:12.000Z,1486519,1890999,2,"Xal'atath's Bargain: Ascendant, Tyrannical, Challenger's Peril, Fortified",櫻緋玥,Shaman,Restoration,healer,Bleeding Hollow
1745,328,307508936,10,Mists of Tirna Scithe,2024-11-16T14:05:12.000Z,1486519,1890999,2,"Xal'atath's Bargain: Ascendant, Tyrannical, Challenger's Peril, Fortified",亞爾維特,Hunter,Beast Mastery,dps,Bleeding Hollow
1745,328,307508936,10,Mists of Tirna Scithe,2024-11-16T14:05:12.000Z,1486519,1890999,2,"Xal'atath's Bargain: Ascendant, Tyrannical, Challenger's Peril, Fortified",斷霞,Paladin,Protection,tank,Frostmane
1745,328,307508936,10,Mists of Tirna Scithe,2024-11-16T14:05:12.000Z,1486519,1890999,2,"Xal'atath's Bargain: Ascendant, Tyrannical, Challenger's Peril, Fortified",艾霄偑,Monk,Windwalker,dps,Sundown Marsh
1745,328,307508936,10,Mists of Tirna Scithe,2024-11-16T14:05:12.000Z,1486519,1890999,2,"Xal'atath's Bargain: Ascendant, Tyrannical, Challenger's Peril, Fortified",聖騎禮讚,Paladin,Retribution,dps,Nightsong
1746,328,303270794,10,Mists of Tirna Scithe,2024-10-27T11:12:14.000Z,1486692,1890999,2,"Xal'atath's Bargain: Ascendant, Fortified, Challenger's Peril, Tyrannical",賴清德拉諾,Rogue,Assassination,dps,Spirestone
1746,328,303270794,10,Mists of Tirna Scithe,2024-10-27T11:12:14.000Z,1486692,1890999,2,"Xal'atath's Bargain: Ascendant, Fortified, Challenger's Peril, Tyrannical",七月半的荊棘,Hunter,Survival,dps,Shadowmoon
1746,328,303270794,10,Mists of Tirna Scithe,2024-10-27T11:12:14.000Z,1486692,1890999,2,"Xal'atath's Bargain: Ascendant, Fortified, Challenger's Peril, Tyrannical",Anon726105D,Priest,Holy,healer,Anonymous
1746,328,303270794,10,Mists of Tirna Scithe,2024-10-27T11:12:14.000Z,1486692,1890999,2,"Xal'atath's Bargain: Ascendant, Fortified, Challenger's Peril, Tyrannical",Nekojira,Paladin,Protection,tank,Wrathbringer
1746,328,303270794,10,Mists of Tirna Scithe,2024-10-27T11:12:14.000Z,1486692,1890999,2,"Xal'atath's Bargain: Ascendant, Fortified, Challenger's Peril, Tyrannical",聖光波波,Paladin,Retribution,dps,Shadowmoon
1747,328,308079969,10,Mists of Tirna Scithe,2024-11-19T14:29:59.000Z,1486916,1890999,2,"Xal'atath's Bargain: Ascendant, Tyrannical, Challenger's Peril, Fortified",佐克伊爾法,Druid,Restoration,healer,Dragonmaw
1747,328,308079969,10,Mists of Tirna Scithe,2024-11-19T14:29:59.000Z,1486916,1890999,2,"Xal'atath's Bargain: Ascendant, Tyrannical, Challenger's Peril, Fortified",我也略懂,Priest,Shadow,dps,Nightsong
1747,328,308079969,10,Mists of Tirna Scithe,2024-11-19T14:29:59.000Z,1486916,1890999,2,"Xal'atath's Bargain: Ascendant, Tyrannical, Challenger's Peril, Fortified",聖莓,Paladin,Retribution,dps,Nightsong
1747,328,308079969,10,Mists of Tirna Scithe,2024-11-19T14:29:59.000Z,1486916,1890999,2,"Xal'atath's Bargain: Ascendant, Tyrannical, Challenger's Peril, Fortified",紫菁,Paladin,Protection,tank,Nightsong
1747,328,308079969,10,Mists of Tirna Scithe,2024-11-19T14:29:59.000Z,1486916,1890999,2,"Xal'atath's Bargain: Ascendant, Tyrannical, Challenger's Peril, Fortified",違者卡夫卡,Druid,Balance,dps,Nightsong
1748,328,303830954,10,Mists of Tirna Scithe,2024-10-30T12:26:59.000Z,1487014,1890999,2,"Xal'atath's Bargain: Ascendant, Fortified, Challenger's Peril, Tyrannical",Fbk,Hunter,Beast Mastery,dps,Nightsong
1748,328,303830954,10,Mists of Tirna Scithe,2024-10-30T12:26:59.000Z,1487014,1890999,2,"Xal'atath's Bargain: Ascendant, Fortified, Challenger's Peril, Tyrannical",跳舞吧洛麗塔,Druid,Guardian,tank,Dragonmaw
1748,328,303830954,10,Mists of Tirna Scithe,2024-10-30T12:26:59.000Z,1487014,1890999,2,"Xal'atath's Bargain: Ascendant, Fortified, Challenger's Peril, Tyrannical",哞牛柳,Shaman,Elemental,dps,Wrathbringer
1748,328,303830954,10,Mists of Tirna Scithe,2024-10-30T12:26:59.000Z,1487014,1890999,2,"Xal'atath's Bargain: Ascendant, Fortified, Challenger's Peril, Tyrannical",Royz,Priest,Discipline,healer,Light's Hope
1748,328,303830954,10,Mists of Tirna Scithe,2024-10-30T12:26:59.000Z,1487014,1890999,2,"Xal'atath's Bargain: Ascendant, Fortified, Challenger's Peril, Tyrannical",自殺熊,Shaman,Enhancement,dps,Sundown Marsh
1749,328,302673635,10,Mists of Tirna Scithe,2024-10-25T13:08:44.000Z,1487047,1890999,2,"Xal'atath's Bargain: Ascendant, Fortified, Challenger's Peril, Tyrannical",昏倒,Paladin,Retribution,dps,Zealot Blade
1749,328,302673635,10,Mists of Tirna Scithe,2024-10-25T13:08:44.000Z,1487047,1890999,2,"Xal'atath's Bargain: Ascendant, Fortified, Challenger's Peril, Tyrannical",糕佳瑜,Demon Hunter,Vengeance,tank,Sundown Marsh
1749,328,302673635,10,Mists of Tirna Scithe,2024-10-25T13:08:44.000Z,1487047,1890999,2,"Xal'atath's Bargain: Ascendant, Fortified, Challenger's Peril, Tyrannical",凌风,Warrior,Fury,dps,Sundown Marsh
1749,328,302673635,10,Mists of Tirna Scithe,2024-10-25T13:08:44.000Z,1487047,1890999,2,"Xal'atath's Bargain: Ascendant, Fortified, Challenger's Peril, Tyrannical",一元布丁,Rogue,Assassination,dps,Crystalpine Stinger
1749,328,302673635,10,Mists of Tirna Scithe,2024-10-25T13:08:44.000Z,1487047,1890999,2,"Xal'atath's Bargain: Ascendant, Fortified, Challenger's Peril, Tyrannical",珍愛嚕志呻,Monk,Mistweaver,healer,Sundown Marsh
1750,328,307344763,10,Mists of Tirna Scithe,2024-11-15T17:06:57.000Z,1487342,1890999,2,"Xal'atath's Bargain: Ascendant, Tyrannical, Challenger's Peril, Fortified",尼特爵士,Warlock,Destruction,dps,Bleeding Hollow
1750,328,307344763,10,Mists of Tirna Scithe,2024-11-15T17:06:57.000Z,1487342,1890999,2,"Xal'atath's Bargain: Ascendant, Tyrannical, Challenger's Peril, Fortified",涅法,Mage,Frost,dps,Wrathbringer
1750,328,307344763,10,Mists of Tirna Scithe,2024-11-15T17:06:57.000Z,1487342,1890999,2,"Xal'atath's Bargain: Ascendant, Tyrannical, Challenger's Peril, Fortified",諡桀,Paladin,Holy,healer,Light's Hope
1750,328,307344763,10,Mists of Tirna Scithe,2024-11-15T17:06:57.000Z,1487342,1890999,2,"Xal'atath's Bargain: Ascendant, Tyrannical, Challenger's Peril, Fortified",Yohosmile,Demon Hunter,Vengeance,tank,Bleeding Hollow
1750,328,307344763,10,Mists of Tirna Scithe,2024-11-15T17:06:57.000Z,1487342,1890999,2,"Xal'atath's Bargain: Ascendant, Tyrannical, Challenger's Peril, Fortified",夕陽武士,Warrior,Fury,dps,Bleeding Hollow
1751,328,302711342,10,Mists of Tirna Scithe,2024-10-25T05:32:47.000Z,1487498,1890999,2,"Xal'atath's Bargain: Ascendant, Fortified, Challenger's Peril, Tyrannical",后雅妮絲,Warlock,Destruction,dps,World Tree
1751,328,302711342,10,Mists of Tirna Scithe,2024-10-25T05:32:47.000Z,1487498,1890999,2,"Xal'atath's Bargain: Ascendant, Fortified, Challenger's Peril, Tyrannical",暴躁小貓,Paladin,Retribution,dps,Shadowmoon
1751,328,302711342,10,Mists of Tirna Scithe,2024-10-25T05:32:47.000Z,1487498,1890999,2,"Xal'atath's Bargain: Ascendant, Fortified, Challenger's Peril, Tyrannical",愛莉絲,Shaman,Restoration,healer,Spirestone
1751,328,302711342,10,Mists of Tirna Scithe,2024-10-25T05:32:47.000Z,1487498,1890999,2,"Xal'atath's Bargain: Ascendant, Fortified, Challenger's Peril, Tyrannical",菜刀瞎砍,Demon Hunter,Vengeance,tank,Shadowmoon
1751,328,302711342,10,Mists of Tirna Scithe,2024-10-25T05:32:47.000Z,1487498,1890999,2,"Xal'atath's Bargain: Ascendant, Fortified, Challenger's Peril, Tyrannical",Shiang,Mage,Arcane,dps,Icecrown
1752,328,307669993,10,Mists of Tirna Scithe,2024-11-17T06:59:28.000Z,1487719,1890999,2,"Xal'atath's Bargain: Ascendant, Tyrannical, Challenger's Peril, Fortified",梅子可樂冰沙,Shaman,Restoration,healer,Sundown Marsh
1752,328,307669993,10,Mists of Tirna Scithe,2024-11-17T06:59:28.000Z,1487719,1890999,2,"Xal'atath's Bargain: Ascendant, Tyrannical, Challenger's Peril, Fortified",自然的印和闐,Druid,Guardian,tank,Sundown Marsh
1752,328,307669993,10,Mists of Tirna Scithe,2024-11-17T06:59:28.000Z,1487719,1890999,2,"Xal'atath's Bargain: Ascendant, Tyrannical, Challenger's Peril, Fortified",希里吉薇艾兒,Demon Hunter,Havoc,dps,Arygos
1752,328,307669993,10,Mists of Tirna Scithe,2024-11-17T06:59:28.000Z,1487719,1890999,2,"Xal'atath's Bargain: Ascendant, Tyrannical, Challenger's Peril, Fortified",銀懸,Shaman,Elemental,dps,Wrathbringer
1752,328,307669993,10,Mists of Tirna Scithe,2024-11-17T06:59:28.000Z,1487719,1890999,2,"Xal'atath's Bargain: Ascendant, Tyrannical, Challenger's Peril, Fortified",神说要有光,Paladin,Retribution,dps,Nightsong
1753,328,303187240,10,Mists of Tirna Scithe,2024-10-27T14:05:21.000Z,1487804,1890999,2,"Xal'atath's Bargain: Ascendant, Fortified, Challenger's Peril, Tyrannical",Dior,Mage,Arcane,dps,Dragonmaw
1753,328,303187240,10,Mists of Tirna Scithe,2024-10-27T14:05:21.000Z,1487804,1890999,2,"Xal'atath's Bargain: Ascendant, Fortified, Challenger's Peril, Tyrannical",殘神歸位,Paladin,Retribution,dps,Silverwing Hold
1753,328,303187240,10,Mists of Tirna Scithe,2024-10-27T14:05:21.000Z,1487804,1890999,2,"Xal'atath's Bargain: Ascendant, Fortified, Challenger's Peril, Tyrannical",Bkulmo-110146523,Rogue,Subtlety,dps,Hellscream
1753,328,303187240,10,Mists of Tirna Scithe,2024-10-27T14:05:21.000Z,1487804,1890999,2,"Xal'atath's Bargain: Ascendant, Fortified, Challenger's Peril, Tyrannical",Etro,Demon Hunter,Vengeance,tank,Light's Hope
1753,328,303187240,10,Mists of Tirna Scithe,2024-10-27T14:05:21.000Z,1487804,1890999,2,"Xal'atath's Bargain: Ascendant, Fortified, Challenger's Peril, Tyrannical",風怒,Shaman,Restoration,healer,Dragonmaw
1754,328,307713083,10,Mists of Tirna Scithe,2024-11-17T13:27:08.000Z,1487849,1890999,2,"Xal'atath's Bargain: Ascendant, Tyrannical, Challenger's Peril, Fortified",凱風快晴,Hunter,Survival,dps,Whisperwind
1754,328,307713083,10,Mists of Tirna Scithe,2024-11-17T13:27:08.000Z,1487849,1890999,2,"Xal'atath's Bargain: Ascendant, Tyrannical, Challenger's Peril, Fortified",緋花似夢,Warlock,Destruction,dps,Shadowmoon
1754,328,307713083,10,Mists of Tirna Scithe,2024-11-17T13:27:08.000Z,1487849,1890999,2,"Xal'atath's Bargain: Ascendant, Tyrannical, Challenger's Peril, Fortified",歐洲天皇,Demon Hunter,Vengeance,tank,Shadowmoon
1754,328,307713083,10,Mists of Tirna Scithe,2024-11-17T13:27:08.000Z,1487849,1890999,2,"Xal'atath's Bargain: Ascendant, Tyrannical, Challenger's Peril, Fortified",不學無術,Warlock,Destruction,dps,Shadowmoon
1754,328,307713083,10,Mists of Tirna Scithe,2024-11-17T13:27:08.000Z,1487849,1890999,2,"Xal'atath's Bargain: Ascendant, Tyrannical, Challenger's Peril, Fortified",劍影無蹤,Shaman,Restoration,healer,Whisperwind
1755,328,302506745,10,Mists of Tirna Scithe,2024-10-24T16:14:03.000Z,1487895,1890999,2,"Xal'atath's Bargain: Ascendant, Fortified, Challenger's Peril, Tyrannical",薩三小,Shaman,Restoration,healer,Crystalpine Stinger
1755,328,302506745,10,Mists of Tirna Scithe,2024-10-24T16:14:03.000Z,1487895,1890999,2,"Xal'atath's Bargain: Ascendant, Fortified, Challenger's Peril, Tyrannical",包包袋,Paladin,Protection,tank,Sundown Marsh
1755,328,302506745,10,Mists of Tirna Scithe,2024-10-24T16:14:03.000Z,1487895,1890999,2,"Xal'atath's Bargain: Ascendant, Fortified, Challenger's Peril, Tyrannical",泰瑞爾光誓,Paladin,Retribution,dps,Nightsong
1755,328,302506745,10,Mists of Tirna Scithe,2024-10-24T16:14:03.000Z,1487895,1890999,2,"Xal'atath's Bargain: Ascendant, Fortified, Challenger's Peril, Tyrannical",Noonkamshama,Shaman,Elemental,dps,Chillwind Point
1755,328,302506745,10,Mists of Tirna Scithe,2024-10-24T16:14:03.000Z,1487895,1890999,2,"Xal'atath's Bargain: Ascendant, Fortified, Challenger's Peril, Tyrannical",滅盡龍,Evoker,Augmentation,dps,Crystalpine Stinger
1756,328,308290557,10,Mists of Tirna Scithe,2024-11-20T15:41:11.000Z,1487941,1890999,2,"Xal'atath's Bargain: Ascendant, Tyrannical, Challenger's Peril, Fortified",亞由亞由,Priest,Discipline,healer,Chillwind Point
1756,328,308290557,10,Mists of Tirna Scithe,2024-11-20T15:41:11.000Z,1487941,1890999,2,"Xal'atath's Bargain: Ascendant, Tyrannical, Challenger's Peril, Fortified",我好興奮呀,Hunter,Survival,dps,Icecrown
1756,328,308290557,10,Mists of Tirna Scithe,2024-11-20T15:41:11.000Z,1487941,1890999,2,"Xal'atath's Bargain: Ascendant, Tyrannical, Challenger's Peril, Fortified",拜因斐倫丁,Paladin,Protection,tank,Icecrown
1756,328,308290557,10,Mists of Tirna Scithe,2024-11-20T15:41:11.000Z,1487941,1890999,2,"Xal'atath's Bargain: Ascendant, Tyrannical, Challenger's Peril, Fortified",比基尼魔王,Warlock,Destruction,dps,Chillwind Point
1756,328,308290557,10,Mists of Tirna Scithe,2024-11-20T15:41:11.000Z,1487941,1890999,2,"Xal'atath's Bargain: Ascendant, Tyrannical, Challenger's Peril, Fortified",吸毒人生,Warlock,Demonology,dps,Icecrown
1757,328,307669295,10,Mists of Tirna Scithe,2024-11-17T06:17:51.000Z,1488080,1890999,2,"Xal'atath's Bargain: Ascendant, Tyrannical, Challenger's Peril, Fortified",哈囉吉蒂,Demon Hunter,Vengeance,tank,Frostmane
1757,328,307669295,10,Mists of Tirna Scithe,2024-11-17T06:17:51.000Z,1488080,1890999,2,"Xal'atath's Bargain: Ascendant, Tyrannical, Challenger's Peril, Fortified",Lightningi,Mage,Frost,dps,Arygos
1757,328,307669295,10,Mists of Tirna Scithe,2024-11-17T06:17:51.000Z,1488080,1890999,2,"Xal'atath's Bargain: Ascendant, Tyrannical, Challenger's Peril, Fortified",Kuyuru,Priest,Discipline,healer,Bleeding Hollow
1757,328,307669295,10,Mists of Tirna Scithe,2024-11-17T06:17:51.000Z,1488080,1890999,2,"Xal'atath's Bargain: Ascendant, Tyrannical, Challenger's Peril, Fortified",大家不要慌,Shaman,Enhancement,dps,Hellscream
1757,328,307669295,10,Mists of Tirna Scithe,2024-11-17T06:17:51.000Z,1488080,1890999,2,"Xal'atath's Bargain: Ascendant, Tyrannical, Challenger's Peril, Fortified",小雨傘,Paladin,Retribution,dps,Arthas
1758,328,303669588,10,Mists of Tirna Scithe,2024-10-29T17:54:57.000Z,1488210,1890999,2,"Xal'atath's Bargain: Ascendant, Fortified, Challenger's Peril, Tyrannical",娃的傳說,Paladin,Protection,tank,Sundown Marsh
1758,328,303669588,10,Mists of Tirna Scithe,2024-10-29T17:54:57.000Z,1488210,1890999,2,"Xal'atath's Bargain: Ascendant, Fortified, Challenger's Peril, Tyrannical",岳禾,Druid,Restoration,healer,Arthas
1758,328,303669588,10,Mists of Tirna Scithe,2024-10-29T17:54:57.000Z,1488210,1890999,2,"Xal'atath's Bargain: Ascendant, Fortified, Challenger's Peril, Tyrannical",凱特悲情薩,Shaman,Enhancement,dps,Arthas
1758,328,303669588,10,Mists of Tirna Scithe,2024-10-29T17:54:57.000Z,1488210,1890999,2,"Xal'atath's Bargain: Ascendant, Fortified, Challenger's Peril, Tyrannical",Randolf,Hunter,Survival,dps,Arthas
1758,328,303669588,10,Mists of Tirna Scithe,2024-10-29T17:54:57.000Z,1488210,1890999,2,"Xal'atath's Bargain: Ascendant, Fortified, Challenger's Peril, Tyrannical",瀧藝天,Shaman,Elemental,dps,Spirestone
1759,328,302707097,10,Mists of Tirna Scithe,2024-10-25T16:48:08.000Z,1488402,1890999,2,"Xal'atath's Bargain: Ascendant, Fortified, Challenger's Peril, Tyrannical",果籽,Druid,Balance,dps,Crystalpine Stinger
1759,328,302707097,10,Mists of Tirna Scithe,2024-10-25T16:48:08.000Z,1488402,1890999,2,"Xal'atath's Bargain: Ascendant, Fortified, Challenger's Peril, Tyrannical",星空蝸牛,Druid,Guardian,tank,Crystalpine Stinger
1759,328,302707097,10,Mists of Tirna Scithe,2024-10-25T16:48:08.000Z,1488402,1890999,2,"Xal'atath's Bargain: Ascendant, Fortified, Challenger's Peril, Tyrannical",夜血鳳,Warlock,Affliction,dps,Sundown Marsh
1759,328,302707097,10,Mists of Tirna Scithe,2024-10-25T16:48:08.000Z,1488402,1890999,2,"Xal'atath's Bargain: Ascendant, Fortified, Challenger's Peril, Tyrannical",菜刀薩,Shaman,Restoration,healer,Sundown Marsh
1759,328,302707097,10,Mists of Tirna Scithe,2024-10-25T16:48:08.000Z,1488402,1890999,2,"Xal'atath's Bargain: Ascendant, Fortified, Challenger's Peril, Tyrannical",洛青蒼,Paladin,Retribution,dps,Dragonmaw
1760,328,307540344,10,Mists of Tirna Scithe,2024-11-16T17:43:58.000Z,1488818,1890999,2,"Xal'atath's Bargain: Ascendant, Tyrannical, Challenger's Peril, Fortified",冰小艾,Paladin,Retribution,dps,Sundown Marsh
1760,328,307540344,10,Mists of Tirna Scithe,2024-11-16T17:43:58.000Z,1488818,1890999,2,"Xal'atath's Bargain: Ascendant, Tyrannical, Challenger's Peril, Fortified",笋笋,Mage,Frost,dps,Whisperwind
1760,328,307540344,10,Mists of Tirna Scithe,2024-11-16T17:43:58.000Z,1488818,1890999,2,"Xal'atath's Bargain: Ascendant, Tyrannical, Challenger's Peril, Fortified",駕駕皮皮德,Hunter,Survival,dps,Whisperwind
1760,328,307540344,10,Mists of Tirna Scithe,2024-11-16T17:43:58.000Z,1488818,1890999,2,"Xal'atath's Bargain: Ascendant, Tyrannical, Challenger's Peril, Fortified",亞雯暮星,Priest,Holy,healer,Sundown Marsh
1760,328,307540344,10,Mists of Tirna Scithe,2024-11-16T17:43:58.000Z,1488818,1890999,2,"Xal'atath's Bargain: Ascendant, Tyrannical, Challenger's Peril, Fortified",小红手雏田,Warrior,Protection,tank,Shadowmoon
1761,328,307519035,10,Mists of Tirna Scithe,2024-11-16T16:28:56.000Z,1488894,1890999,2,"Xal'atath's Bargain: Ascendant, Tyrannical, Challenger's Peril, Fortified",大刀開墮,Warrior,Fury,dps,Whisperwind
1761,328,307519035,10,Mists of Tirna Scithe,2024-11-16T16:28:56.000Z,1488894,1890999,2,"Xal'atath's Bargain: Ascendant, Tyrannical, Challenger's Peril, Fortified",Haachama,Hunter,Survival,dps,Shadowmoon
1761,328,307519035,10,Mists of Tirna Scithe,2024-11-16T16:28:56.000Z,1488894,1890999,2,"Xal'atath's Bargain: Ascendant, Tyrannical, Challenger's Peril, Fortified",Elitemiko,Death Knight,Blood,tank,Shadowmoon
1761,328,307519035,10,Mists of Tirna Scithe,2024-11-16T16:28:56.000Z,1488894,1890999,2,"Xal'atath's Bargain: Ascendant, Tyrannical, Challenger's Peril, Fortified",Suicyann,Shaman,Restoration,healer,Shadowmoon
1761,328,307519035,10,Mists of Tirna Scithe,2024-11-16T16:28:56.000Z,1488894,1890999,2,"Xal'atath's Bargain: Ascendant, Tyrannical, Challenger's Peril, Fortified",秋天的雨,Death Knight,Frost,dps,Shadowmoon
1762,328,303692641,10,Mists of Tirna Scithe,2024-10-29T15:48:53.000Z,1488922,1890999,2,"Xal'atath's Bargain: Ascendant, Fortified, Challenger's Peril, Tyrannical",孤傲噬夜,Demon Hunter,Vengeance,tank,Crystalpine Stinger
1762,328,303692641,10,Mists of Tirna Scithe,2024-10-29T15:48:53.000Z,1488922,1890999,2,"Xal'atath's Bargain: Ascendant, Fortified, Challenger's Peril, Tyrannical",Axiall,Druid,Restoration,healer,Wrathbringer
1762,328,303692641,10,Mists of Tirna Scithe,2024-10-29T15:48:53.000Z,1488922,1890999,2,"Xal'atath's Bargain: Ascendant, Fortified, Challenger's Peril, Tyrannical",我有狗,Paladin,Retribution,dps,Nightsong
1762,328,303692641,10,Mists of Tirna Scithe,2024-10-29T15:48:53.000Z,1488922,1890999,2,"Xal'atath's Bargain: Ascendant, Fortified, Challenger's Peril, Tyrannical",搖滾不死,Death Knight,Frost,dps,Shadowmoon
1762,328,303692641,10,Mists of Tirna Scithe,2024-10-29T15:48:53.000Z,1488922,1890999,2,"Xal'atath's Bargain: Ascendant, Fortified, Challenger's Peril, Tyrannical",Velkhana,Mage,Frost,dps,Frostmane
1763,328,281984446,10,Mists of Tirna Scithe,2024-11-16T14:45:24.000Z,1489121,1890999,2,"Xal'atath's Bargain: Ascendant, Tyrannical, Challenger's Peril, Fortified",乂火雲邪神乂,Warrior,Fury,dps,Nightsong
1763,328,281984446,10,Mists of Tirna Scithe,2024-11-16T14:45:24.000Z,1489121,1890999,2,"Xal'atath's Bargain: Ascendant, Tyrannical, Challenger's Peril, Fortified",伊拉諾,Shaman,Restoration,healer,Dragonmaw
1763,328,281984446,10,Mists of Tirna Scithe,2024-11-16T14:45:24.000Z,1489121,1890999,2,"Xal'atath's Bargain: Ascendant, Tyrannical, Challenger's Peril, Fortified",風起,Demon Hunter,Havoc,dps,Crystalpine Stinger
1763,328,281984446,10,Mists of Tirna Scithe,2024-11-16T14:45:24.000Z,1489121,1890999,2,"Xal'atath's Bargain: Ascendant, Tyrannical, Challenger's Peril, Fortified",元帥豬八戒,Paladin,Protection,tank,Stormscale
1763,328,281984446,10,Mists of Tirna Scithe,2024-11-16T14:45:24.000Z,1489121,1890999,2,"Xal'atath's Bargain: Ascendant, Tyrannical, Challenger's Peril, Fortified",沐辰菲雪,Warlock,Demonology,dps,Dragonmaw
1764,328,308300751,10,Mists of Tirna Scithe,2024-11-20T11:33:54.000Z,1489497,1890999,2,"Xal'atath's Bargain: Ascendant, Tyrannical, Challenger's Peril, Fortified",Twjean,Paladin,Retribution,dps,Chillwind Point
1764,328,308300751,10,Mists of Tirna Scithe,2024-11-20T11:33:54.000Z,1489497,1890999,2,"Xal'atath's Bargain: Ascendant, Tyrannical, Challenger's Peril, Fortified",性感渣男-56561632,Death Knight,Frost,dps,Shadowmoon
1764,328,308300751,10,Mists of Tirna Scithe,2024-11-20T11:33:54.000Z,1489497,1890999,2,"Xal'atath's Bargain: Ascendant, Tyrannical, Challenger's Peril, Fortified",林祖公咖好,Death Knight,Blood,tank,Spirestone
1764,328,308300751,10,Mists of Tirna Scithe,2024-11-20T11:33:54.000Z,1489497,1890999,2,"Xal'atath's Bargain: Ascendant, Tyrannical, Challenger's Peril, Fortified",大子緯,Hunter,Survival,dps,Shadowmoon
1764,328,308300751,10,Mists of Tirna Scithe,2024-11-20T11:33:54.000Z,1489497,1890999,2,"Xal'atath's Bargain: Ascendant, Tyrannical, Challenger's Peril, Fortified",國際懶惰日,Shaman,Restoration,healer,Shadowmoon
1765,328,303414561,10,Mists of Tirna Scithe,2024-10-28T13:06:18.000Z,1489547,1890999,2,"Xal'atath's Bargain: Ascendant, Fortified, Challenger's Peril, Tyrannical",霜雪繽紛,Druid,Restoration,healer,World Tree
1765,328,303414561,10,Mists of Tirna Scithe,2024-10-28T13:06:18.000Z,1489547,1890999,2,"Xal'atath's Bargain: Ascendant, Fortified, Challenger's Peril, Tyrannical",撼天神雷,Shaman,Enhancement,dps,World Tree
1765,328,303414561,10,Mists of Tirna Scithe,2024-10-28T13:06:18.000Z,1489547,1890999,2,"Xal'atath's Bargain: Ascendant, Fortified, Challenger's Peril, Tyrannical",大貓阿魯,Hunter,Beast Mastery,dps,World Tree
1765,328,303414561,10,Mists of Tirna Scithe,2024-10-28T13:06:18.000Z,1489547,1890999,2,"Xal'atath's Bargain: Ascendant, Fortified, Challenger's Peril, Tyrannical",一彩虹盒子一,Paladin,Protection,tank,Quel'dorei
1765,328,303414561,10,Mists of Tirna Scithe,2024-10-28T13:06:18.000Z,1489547,1890999,2,"Xal'atath's Bargain: Ascendant, Fortified, Challenger's Peril, Tyrannical",雲卷,Death Knight,Frost,dps,Arygos
1766,328,303446354,10,Mists of Tirna Scithe,2024-10-28T16:31:42.000Z,1489794,1890999,2,"Xal'atath's Bargain: Ascendant, Fortified, Challenger's Peril, Tyrannical",Anon36055D7,Death Knight,Frost,dps,Anonymous
1766,328,303446354,10,Mists of Tirna Scithe,2024-10-28T16:31:42.000Z,1489794,1890999,2,"Xal'atath's Bargain: Ascendant, Fortified, Challenger's Peril, Tyrannical",卅颯薩,Shaman,Restoration,healer,Shadowmoon
1766,328,303446354,10,Mists of Tirna Scithe,2024-10-28T16:31:42.000Z,1489794,1890999,2,"Xal'atath's Bargain: Ascendant, Fortified, Challenger's Peril, Tyrannical",Dgstepbro,Paladin,Protection,tank,Nightsong
1766,328,303446354,10,Mists of Tirna Scithe,2024-10-28T16:31:42.000Z,1489794,1890999,2,"Xal'atath's Bargain: Ascendant, Fortified, Challenger's Peril, Tyrannical",翎小兔,Warrior,Fury,dps,Frostmane
1766,328,303446354,10,Mists of Tirna Scithe,2024-10-28T16:31:42.000Z,1489794,1890999,2,"Xal'atath's Bargain: Ascendant, Fortified, Challenger's Peril, Tyrannical",Galaxywow,Monk,Windwalker,dps,World Tree
1767,328,302470178,10,Mists of Tirna Scithe,2024-10-27T14:29:41.000Z,1489833,1890999,2,"Xal'atath's Bargain: Ascendant, Fortified, Challenger's Peril, Tyrannical",霧醉琥,Monk,Windwalker,dps,Dragonmaw
1767,328,302470178,10,Mists of Tirna Scithe,2024-10-27T14:29:41.000Z,1489833,1890999,2,"Xal'atath's Bargain: Ascendant, Fortified, Challenger's Peril, Tyrannical",雷比歐娜,Shaman,Restoration,healer,Whisperwind
1767,328,302470178,10,Mists of Tirna Scithe,2024-10-27T14:29:41.000Z,1489833,1890999,2,"Xal'atath's Bargain: Ascendant, Fortified, Challenger's Peril, Tyrannical",不獸控制,Evoker,Devastation,dps,Whisperwind
1767,328,302470178,10,Mists of Tirna Scithe,2024-10-27T14:29:41.000Z,1489833,1890999,2,"Xal'atath's Bargain: Ascendant, Fortified, Challenger's Peril, Tyrannical",惡魔流星,Demon Hunter,Vengeance,tank,Whisperwind
1767,328,302470178,10,Mists of Tirna Scithe,2024-10-27T14:29:41.000Z,1489833,1890999,2,"Xal'atath's Bargain: Ascendant, Fortified, Challenger's Peril, Tyrannical",嘎啦旮旯,Hunter,Beast Mastery,dps,Dragonmaw
1768,327.9,302502904,10,Mists of Tirna Scithe,2024-10-24T15:16:09.000Z,1490434,1890999,2,"Xal'atath's Bargain: Ascendant, Fortified, Challenger's Peril, Tyrannical",暴風霜狼,Death Knight,Unholy,dps,Shadowmoon
1768,327.9,302502904,10,Mists of Tirna Scithe,2024-10-24T15:16:09.000Z,1490434,1890999,2,"Xal'atath's Bargain: Ascendant, Fortified, Challenger's Peril, Tyrannical",Anlyia,Druid,Restoration,healer,Spirestone
1768,327.9,302502904,10,Mists of Tirna Scithe,2024-10-24T15:16:09.000Z,1490434,1890999,2,"Xal'atath's Bargain: Ascendant, Fortified, Challenger's Peril, Tyrannical",我是源式,Demon Hunter,Vengeance,tank,Shadowmoon
1768,327.9,302502904,10,Mists of Tirna Scithe,2024-10-24T15:16:09.000Z,1490434,1890999,2,"Xal'atath's Bargain: Ascendant, Fortified, Challenger's Peril, Tyrannical",魔法小豬,Mage,Arcane,dps,Shadowmoon
1768,327.9,302502904,10,Mists of Tirna Scithe,2024-10-24T15:16:09.000Z,1490434,1890999,2,"Xal'atath's Bargain: Ascendant, Fortified, Challenger's Peril, Tyrannical",奈菲莉安,Warlock,Destruction,dps,Shadowmoon
1769,327.9,308090124,10,Mists of Tirna Scithe,2024-11-19T16:01:53.000Z,1490677,1890999,2,"Xal'atath's Bargain: Ascendant, Tyrannical, Challenger's Peril, Fortified",小乞痴,Priest,Holy,healer,Frostmane
1769,327.9,308090124,10,Mists of Tirna Scithe,2024-11-19T16:01:53.000Z,1490677,1890999,2,"Xal'atath's Bargain: Ascendant, Tyrannical, Challenger's Peril, Fortified",料理仔仔,Warrior,Fury,dps,Hellscream
1769,327.9,308090124,10,Mists of Tirna Scithe,2024-11-19T16:01:53.000Z,1490677,1890999,2,"Xal'atath's Bargain: Ascendant, Tyrannical, Challenger's Peril, Fortified",海棉體寶寶,Warlock,Affliction,dps,Hellscream
1769,327.9,308090124,10,Mists of Tirna Scithe,2024-11-19T16:01:53.000Z,1490677,1890999,2,"Xal'atath's Bargain: Ascendant, Tyrannical, Challenger's Peril, Fortified",筆氏惡魔獵人,Demon Hunter,Vengeance,tank,Arthas
1769,327.9,308090124,10,Mists of Tirna Scithe,2024-11-19T16:01:53.000Z,1490677,1890999,2,"Xal'atath's Bargain: Ascendant, Tyrannical, Challenger's Peril, Fortified",林奠死全家,Hunter,Survival,dps,Arthas
1770,327.9,293156062,10,Mists of Tirna Scithe,2024-10-28T14:45:22.000Z,1490843,1890999,2,"Xal'atath's Bargain: Ascendant, Fortified, Challenger's Peril, Tyrannical",妖楓,Paladin,Protection,tank,Sundown Marsh
1770,327.9,293156062,10,Mists of Tirna Scithe,2024-10-28T14:45:22.000Z,1490843,1890999,2,"Xal'atath's Bargain: Ascendant, Fortified, Challenger's Peril, Tyrannical",Papamatcha,Hunter,Survival,dps,Crystalpine Stinger
1770,327.9,293156062,10,Mists of Tirna Scithe,2024-10-28T14:45:22.000Z,1490843,1890999,2,"Xal'atath's Bargain: Ascendant, Fortified, Challenger's Peril, Tyrannical",曼特寧佐茶,Warlock,Affliction,dps,Demon Fall Canyon
1770,327.9,293156062,10,Mists of Tirna Scithe,2024-10-28T14:45:22.000Z,1490843,1890999,2,"Xal'atath's Bargain: Ascendant, Fortified, Challenger's Peril, Tyrannical",雪野,Warrior,Fury,dps,Demon Fall Canyon
1770,327.9,293156062,10,Mists of Tirna Scithe,2024-10-28T14:45:22.000Z,1490843,1890999,2,"Xal'atath's Bargain: Ascendant, Fortified, Challenger's Peril, Tyrannical",帕爾提娜,Priest,Holy,healer,Demon Fall Canyon
1771,327.9,303896034,10,Mists of Tirna Scithe,2024-10-30T15:16:54.000Z,1490974,1890999,2,"Xal'atath's Bargain: Ascendant, Fortified, Challenger's Peril, Tyrannical",阿雞飛快點,Druid,Balance,dps,Order of the Cloud Serpent
1771,327.9,303896034,10,Mists of Tirna Scithe,2024-10-30T15:16:54.000Z,1490974,1890999,2,"Xal'atath's Bargain: Ascendant, Fortified, Challenger's Peril, Tyrannical",Rawbeef,Mage,Frost,dps,Order of the Cloud Serpent
1771,327.9,303896034,10,Mists of Tirna Scithe,2024-10-30T15:16:54.000Z,1490974,1890999,2,"Xal'atath's Bargain: Ascendant, Fortified, Challenger's Peril, Tyrannical",江雪花,Shaman,Restoration,healer,World Tree
1771,327.9,303896034,10,Mists of Tirna Scithe,2024-10-30T15:16:54.000Z,1490974,1890999,2,"Xal'atath's Bargain: Ascendant, Fortified, Challenger's Peril, Tyrannical",下里巴熊,Demon Hunter,Havoc,dps,Arygos
1771,327.9,303896034,10,Mists of Tirna Scithe,2024-10-30T15:16:54.000Z,1490974,1890999,2,"Xal'atath's Bargain: Ascendant, Fortified, Challenger's Peril, Tyrannical",Alecdk,Death Knight,Blood,tank,Arygos
1772,327.9,307160930,10,Mists of Tirna Scithe,2024-11-14T14:01:31.000Z,1491111,1890999,2,"Xal'atath's Bargain: Ascendant, Tyrannical, Challenger's Peril, Fortified",幼幼班葵班長,Shaman,Restoration,healer,Sundown Marsh
1772,327.9,307160930,10,Mists of Tirna Scithe,2024-11-14T14:01:31.000Z,1491111,1890999,2,"Xal'atath's Bargain: Ascendant, Tyrannical, Challenger's Peril, Fortified",素肚與雞情,Mage,Frost,dps,Spirestone
1772,327.9,307160930,10,Mists of Tirna Scithe,2024-11-14T14:01:31.000Z,1491111,1890999,2,"Xal'atath's Bargain: Ascendant, Tyrannical, Challenger's Peril, Fortified",Walkerdk,Death Knight,Blood,tank,World Tree
1772,327.9,307160930,10,Mists of Tirna Scithe,2024-11-14T14:01:31.000Z,1491111,1890999,2,"Xal'atath's Bargain: Ascendant, Tyrannical, Challenger's Peril, Fortified",四宮輝夜,Warlock,Destruction,dps,Sundown Marsh
1772,327.9,307160930,10,Mists of Tirna Scithe,2024-11-14T14:01:31.000Z,1491111,1890999,2,"Xal'atath's Bargain: Ascendant, Tyrannical, Challenger's Peril, Fortified",灰燼甦醒,Paladin,Retribution,dps,Wrathbringer
1773,327.9,302511182,10,Mists of Tirna Scithe,2024-10-24T15:20:42.000Z,1491161,1890999,2,"Xal'atath's Bargain: Ascendant, Fortified, Challenger's Peril, Tyrannical",血蹄村書記,Warrior,Protection,tank,Sundown Marsh
1773,327.9,302511182,10,Mists of Tirna Scithe,2024-10-24T15:20:42.000Z,1491161,1890999,2,"Xal'atath's Bargain: Ascendant, Fortified, Challenger's Peril, Tyrannical",歐絡因,Mage,Arcane,dps,Arygos
1773,327.9,302511182,10,Mists of Tirna Scithe,2024-10-24T15:20:42.000Z,1491161,1890999,2,"Xal'atath's Bargain: Ascendant, Fortified, Challenger's Peril, Tyrannical",Bonetrench,Shaman,Restoration,healer,Arygos
1773,327.9,302511182,10,Mists of Tirna Scithe,2024-10-24T15:20:42.000Z,1491161,1890999,2,"Xal'atath's Bargain: Ascendant, Fortified, Challenger's Peril, Tyrannical",快樂皮皮牛,Paladin,Retribution,dps,Shadowmoon
1773,327.9,302511182,10,Mists of Tirna Scithe,2024-10-24T15:20:42.000Z,1491161,1890999,2,"Xal'atath's Bargain: Ascendant, Fortified, Challenger's Peril, Tyrannical",術石,Warlock,Affliction,dps,Shadowmoon
1774,327.9,302713632,10,Mists of Tirna Scithe,2024-10-25T17:09:37.000Z,1491252,1890999,2,"Xal'atath's Bargain: Ascendant, Fortified, Challenger's Peril, Tyrannical",Gaussz,Warrior,Protection,tank,Nightsong
1774,327.9,302713632,10,Mists of Tirna Scithe,2024-10-25T17:09:37.000Z,1491252,1890999,2,"Xal'atath's Bargain: Ascendant, Fortified, Challenger's Peril, Tyrannical",生可可,Evoker,Preservation,healer,Nightsong
1774,327.9,302713632,10,Mists of Tirna Scithe,2024-10-25T17:09:37.000Z,1491252,1890999,2,"Xal'atath's Bargain: Ascendant, Fortified, Challenger's Peril, Tyrannical",Vth,Hunter,Beast Mastery,dps,Nightsong
1774,327.9,302713632,10,Mists of Tirna Scithe,2024-10-25T17:09:37.000Z,1491252,1890999,2,"Xal'atath's Bargain: Ascendant, Fortified, Challenger's Peril, Tyrannical",Yeeii,Paladin,Retribution,dps,Wrathbringer
1774,327.9,302713632,10,Mists of Tirna Scithe,2024-10-25T17:09:37.000Z,1491252,1890999,2,"Xal'atath's Bargain: Ascendant, Fortified, Challenger's Peril, Tyrannical",高倉健,Shaman,Elemental,dps,Dragonmaw
1775,327.9,307884366,10,Mists of Tirna Scithe,2024-11-17T17:41:26.000Z,1491718,1890999,2,"Xal'atath's Bargain: Ascendant, Tyrannical, Challenger's Peril, Fortified",荃灣古天樂,Druid,Balance,dps,Dragonmaw
1775,327.9,307884366,10,Mists of Tirna Scithe,2024-11-17T17:41:26.000Z,1491718,1890999,2,"Xal'atath's Bargain: Ascendant, Tyrannical, Challenger's Peril, Fortified",Pi,Priest,Discipline,healer,Arygos
1775,327.9,307884366,10,Mists of Tirna Scithe,2024-11-17T17:41:26.000Z,1491718,1890999,2,"Xal'atath's Bargain: Ascendant, Tyrannical, Challenger's Peril, Fortified",Vthre,Hunter,Beast Mastery,dps,Stormscale
1775,327.9,307884366,10,Mists of Tirna Scithe,2024-11-17T17:41:26.000Z,1491718,1890999,2,"Xal'atath's Bargain: Ascendant, Tyrannical, Challenger's Peril, Fortified",痛定思痛,Demon Hunter,Havoc,dps,Nightsong
1775,327.9,307884366,10,Mists of Tirna Scithe,2024-11-17T17:41:26.000Z,1491718,1890999,2,"Xal'atath's Bargain: Ascendant, Tyrannical, Challenger's Peril, Fortified",Herschel,Paladin,Protection,tank,Nightsong
1776,327.9,303405749,10,Mists of Tirna Scithe,2024-10-28T12:19:07.000Z,1491757,1890999,2,"Xal'atath's Bargain: Ascendant, Fortified, Challenger's Peril, Tyrannical",輻射,Hunter,Beast Mastery,dps,Sundown Marsh
1776,327.9,303405749,10,Mists of Tirna Scithe,2024-10-28T12:19:07.000Z,1491757,1890999,2,"Xal'atath's Bargain: Ascendant, Fortified, Challenger's Peril, Tyrannical",松井,Shaman,Restoration,healer,Crystalpine Stinger
1776,327.9,303405749,10,Mists of Tirna Scithe,2024-10-28T12:19:07.000Z,1491757,1890999,2,"Xal'atath's Bargain: Ascendant, Fortified, Challenger's Peril, Tyrannical",霜凝水鏡,Mage,Frost,dps,World Tree
1776,327.9,303405749,10,Mists of Tirna Scithe,2024-10-28T12:19:07.000Z,1491757,1890999,2,"Xal'atath's Bargain: Ascendant, Fortified, Challenger's Peril, Tyrannical",墨染璃瞳,Warrior,Protection,tank,Shadowmoon
1776,327.9,303405749,10,Mists of Tirna Scithe,2024-10-28T12:19:07.000Z,1491757,1890999,2,"Xal'atath's Bargain: Ascendant, Fortified, Challenger's Peril, Tyrannical",雲瀾時鏡-227646653,Rogue,Assassination,dps,World Tree
1777,327.9,307174835,10,Mists of Tirna Scithe,2024-11-14T16:04:55.000Z,1491802,1890999,2,"Xal'atath's Bargain: Ascendant, Tyrannical, Challenger's Peril, Fortified",Stanley,Warlock,Affliction,dps,Arthas
1777,327.9,307174835,10,Mists of Tirna Scithe,2024-11-14T16:04:55.000Z,1491802,1890999,2,"Xal'atath's Bargain: Ascendant, Tyrannical, Challenger's Peril, Fortified",Vveye,Paladin,Retribution,dps,Arthas
1777,327.9,307174835,10,Mists of Tirna Scithe,2024-11-14T16:04:55.000Z,1491802,1890999,2,"Xal'atath's Bargain: Ascendant, Tyrannical, Challenger's Peril, Fortified",薩安,Shaman,Elemental,dps,Arthas
1777,327.9,307174835,10,Mists of Tirna Scithe,2024-11-14T16:04:55.000Z,1491802,1890999,2,"Xal'atath's Bargain: Ascendant, Tyrannical, Challenger's Peril, Fortified",Whitelotus,Paladin,Protection,tank,Arygos
1777,327.9,307174835,10,Mists of Tirna Scithe,2024-11-14T16:04:55.000Z,1491802,1890999,2,"Xal'atath's Bargain: Ascendant, Tyrannical, Challenger's Peril, Fortified",七米米鳥,Priest,Discipline,healer,Arygos
1778,327.9,307463475,10,Mists of Tirna Scithe,2024-11-16T07:14:47.000Z,1491961,1890999,2,"Xal'atath's Bargain: Ascendant, Tyrannical, Challenger's Peril, Fortified",百變大熊貓,Druid,Balance,dps,Light's Hope
1778,327.9,307463475,10,Mists of Tirna Scithe,2024-11-16T07:14:47.000Z,1491961,1890999,2,"Xal'atath's Bargain: Ascendant, Tyrannical, Challenger's Peril, Fortified",妍妍,Paladin,Retribution,dps,Frostmane
1778,327.9,307463475,10,Mists of Tirna Scithe,2024-11-16T07:14:47.000Z,1491961,1890999,2,"Xal'atath's Bargain: Ascendant, Tyrannical, Challenger's Peril, Fortified",Angeralastor,Demon Hunter,Vengeance,tank,Icecrown
1778,327.9,307463475,10,Mists of Tirna Scithe,2024-11-16T07:14:47.000Z,1491961,1890999,2,"Xal'atath's Bargain: Ascendant, Tyrannical, Challenger's Peril, Fortified",蜜迪亞,Shaman,Restoration,healer,Sundown Marsh
1778,327.9,307463475,10,Mists of Tirna Scithe,2024-11-16T07:14:47.000Z,1491961,1890999,2,"Xal'atath's Bargain: Ascendant, Tyrannical, Challenger's Peril, Fortified",布萊克微氪,Warrior,Fury,dps,Arthas
1779,327.9,303154311,10,Mists of Tirna Scithe,2024-10-27T10:07:57.000Z,1491968,1890999,2,"Xal'atath's Bargain: Ascendant, Fortified, Challenger's Peril, Tyrannical",凜雪鴉,Hunter,Beast Mastery,dps,Quel'dorei
1779,327.9,303154311,10,Mists of Tirna Scithe,2024-10-27T10:07:57.000Z,1491968,1890999,2,"Xal'atath's Bargain: Ascendant, Fortified, Challenger's Peril, Tyrannical",Soulhammer,Paladin,Protection,tank,Shadowmoon
1779,327.9,303154311,10,Mists of Tirna Scithe,2024-10-27T10:07:57.000Z,1491968,1890999,2,"Xal'atath's Bargain: Ascendant, Fortified, Challenger's Peril, Tyrannical",馥嬡允,Mage,Frost,dps,Whisperwind
1779,327.9,303154311,10,Mists of Tirna Scithe,2024-10-27T10:07:57.000Z,1491968,1890999,2,"Xal'atath's Bargain: Ascendant, Fortified, Challenger's Peril, Tyrannical",Polydeuces,Druid,Balance,dps,Quel'dorei
1779,327.9,303154311,10,Mists of Tirna Scithe,2024-10-27T10:07:57.000Z,1491968,1890999,2,"Xal'atath's Bargain: Ascendant, Fortified, Challenger's Peril, Tyrannical",朱赤緹狐,Monk,Mistweaver,healer,Arygos
1780,327.9,308256912,10,Mists of Tirna Scithe,2024-11-20T07:50:40.000Z,1492160,1890999,2,"Xal'atath's Bargain: Ascendant, Tyrannical, Challenger's Peril, Fortified",諸葛風,Shaman,Restoration,healer,Wrathbringer
1780,327.9,308256912,10,Mists of Tirna Scithe,2024-11-20T07:50:40.000Z,1492160,1890999,2,"Xal'atath's Bargain: Ascendant, Tyrannical, Challenger's Peril, Fortified",呆拿獸,Death Knight,Frost,dps,World Tree
1780,327.9,308256912,10,Mists of Tirna Scithe,2024-11-20T07:50:40.000Z,1492160,1890999,2,"Xal'atath's Bargain: Ascendant, Tyrannical, Challenger's Peril, Fortified",Kylisa,Druid,Guardian,tank,Shadowmoon
1780,327.9,308256912,10,Mists of Tirna Scithe,2024-11-20T07:50:40.000Z,1492160,1890999,2,"Xal'atath's Bargain: Ascendant, Tyrannical, Challenger's Peril, Fortified",蒼雨穹星,Warlock,Destruction,dps,Sundown Marsh
1780,327.9,308256912,10,Mists of Tirna Scithe,2024-11-20T07:50:40.000Z,1492160,1890999,2,"Xal'atath's Bargain: Ascendant, Tyrannical, Challenger's Peril, Fortified",小粉紅,Paladin,Retribution,dps,Wrathbringer
1781,327.9,307531721,10,Mists of Tirna Scithe,2024-11-16T16:43:44.000Z,1492351,1890999,2,"Xal'atath's Bargain: Ascendant, Tyrannical, Challenger's Peril, Fortified",冰靈魂舞,Mage,Arcane,dps,Arygos
1781,327.9,307531721,10,Mists of Tirna Scithe,2024-11-16T16:43:44.000Z,1492351,1890999,2,"Xal'atath's Bargain: Ascendant, Tyrannical, Challenger's Peril, Fortified",睚眥必報,Rogue,Assassination,dps,Chillwind Point
1781,327.9,307531721,10,Mists of Tirna Scithe,2024-11-16T16:43:44.000Z,1492351,1890999,2,"Xal'atath's Bargain: Ascendant, Tyrannical, Challenger's Peril, Fortified",偷倩小妹妹,Paladin,Protection,tank,Zealot Blade
1781,327.9,307531721,10,Mists of Tirna Scithe,2024-11-16T16:43:44.000Z,1492351,1890999,2,"Xal'atath's Bargain: Ascendant, Tyrannical, Challenger's Peril, Fortified",滅寂凋零,Death Knight,Frost,dps,Sundown Marsh
1781,327.9,307531721,10,Mists of Tirna Scithe,2024-11-16T16:43:44.000Z,1492351,1890999,2,"Xal'atath's Bargain: Ascendant, Tyrannical, Challenger's Peril, Fortified",哈梅内伊,Shaman,Restoration,healer,Icecrown
1782,327.9,303194476,10,Mists of Tirna Scithe,2024-10-27T14:11:19.000Z,1492877,1890999,2,"Xal'atath's Bargain: Ascendant, Fortified, Challenger's Peril, Tyrannical",魘塵,Hunter,Beast Mastery,dps,Quel'dorei
1782,327.9,303194476,10,Mists of Tirna Scithe,2024-10-27T14:11:19.000Z,1492877,1890999,2,"Xal'atath's Bargain: Ascendant, Fortified, Challenger's Peril, Tyrannical",Peachwarrior,Warrior,Fury,dps,Light's Hope
1782,327.9,303194476,10,Mists of Tirna Scithe,2024-10-27T14:11:19.000Z,1492877,1890999,2,"Xal'atath's Bargain: Ascendant, Fortified, Challenger's Peril, Tyrannical",腹黑波士,Druid,Guardian,tank,Light's Hope
1782,327.9,303194476,10,Mists of Tirna Scithe,2024-10-27T14:11:19.000Z,1492877,1890999,2,"Xal'atath's Bargain: Ascendant, Fortified, Challenger's Peril, Tyrannical",逢坂大河,Paladin,Retribution,dps,Light's Hope
1782,327.9,303194476,10,Mists of Tirna Scithe,2024-10-27T14:11:19.000Z,1492877,1890999,2,"Xal'atath's Bargain: Ascendant, Fortified, Challenger's Peril, Tyrannical",聖保羅黑獸改,Shaman,Restoration,healer,Arthas
1783,327.9,308128107,10,Mists of Tirna Scithe,2024-11-19T18:33:50.000Z,1492883,1890999,2,"Xal'atath's Bargain: Ascendant, Tyrannical, Challenger's Peril, Fortified",楓筱晴,Paladin,Retribution,dps,Wrathbringer
1783,327.9,308128107,10,Mists of Tirna Scithe,2024-11-19T18:33:50.000Z,1492883,1890999,2,"Xal'atath's Bargain: Ascendant, Tyrannical, Challenger's Peril, Fortified",天羽流星,Evoker,Devastation,dps,Wrathbringer
1783,327.9,308128107,10,Mists of Tirna Scithe,2024-11-19T18:33:50.000Z,1492883,1890999,2,"Xal'atath's Bargain: Ascendant, Tyrannical, Challenger's Peril, Fortified",Ruisikii,Priest,Discipline,healer,Chillwind Point
1783,327.9,308128107,10,Mists of Tirna Scithe,2024-11-19T18:33:50.000Z,1492883,1890999,2,"Xal'atath's Bargain: Ascendant, Tyrannical, Challenger's Peril, Fortified",奶味藍,Shaman,Elemental,dps,Demon Fall Canyon
1783,327.9,308128107,10,Mists of Tirna Scithe,2024-11-19T18:33:50.000Z,1492883,1890999,2,"Xal'atath's Bargain: Ascendant, Tyrannical, Challenger's Peril, Fortified",小墨汁,Death Knight,Blood,tank,Wrathbringer
1784,327.9,303143737,10,Mists of Tirna Scithe,2024-10-27T09:43:11.000Z,1492990,1890999,2,"Xal'atath's Bargain: Ascendant, Fortified, Challenger's Peril, Tyrannical",卡恩,Paladin,Retribution,dps,Wrathbringer
1784,327.9,303143737,10,Mists of Tirna Scithe,2024-10-27T09:43:11.000Z,1492990,1890999,2,"Xal'atath's Bargain: Ascendant, Fortified, Challenger's Peril, Tyrannical",瀧壺,Shaman,Restoration,healer,Hellscream
1784,327.9,303143737,10,Mists of Tirna Scithe,2024-10-27T09:43:11.000Z,1492990,1890999,2,"Xal'atath's Bargain: Ascendant, Fortified, Challenger's Peril, Tyrannical",請與我共存,Death Knight,Frost,dps,Light's Hope
1784,327.9,303143737,10,Mists of Tirna Scithe,2024-10-27T09:43:11.000Z,1492990,1890999,2,"Xal'atath's Bargain: Ascendant, Fortified, Challenger's Peril, Tyrannical",執明真武真君,Monk,Brewmaster,tank,Sundown Marsh
1784,327.9,303143737,10,Mists of Tirna Scithe,2024-10-27T09:43:11.000Z,1492990,1890999,2,"Xal'atath's Bargain: Ascendant, Fortified, Challenger's Peril, Tyrannical",女神米歇爾,Warlock,Demonology,dps,Sundown Marsh
1785,327.9,302859301,10,Mists of Tirna Scithe,2024-10-26T06:19:08.000Z,1493081,1890999,2,"Xal'atath's Bargain: Ascendant, Fortified, Challenger's Peril, Tyrannical",Iwl,Shaman,Restoration,healer,Wrathbringer
1785,327.9,302859301,10,Mists of Tirna Scithe,2024-10-26T06:19:08.000Z,1493081,1890999,2,"Xal'atath's Bargain: Ascendant, Fortified, Challenger's Peril, Tyrannical",Rommy,Rogue,Assassination,dps,Wrathbringer
1785,327.9,302859301,10,Mists of Tirna Scithe,2024-10-26T06:19:08.000Z,1493081,1890999,2,"Xal'atath's Bargain: Ascendant, Fortified, Challenger's Peril, Tyrannical",巴貝里奇,Druid,Guardian,tank,Wrathbringer
1785,327.9,302859301,10,Mists of Tirna Scithe,2024-10-26T06:19:08.000Z,1493081,1890999,2,"Xal'atath's Bargain: Ascendant, Fortified, Challenger's Peril, Tyrannical",Pymastr,Mage,Arcane,dps,Sundown Marsh
1785,327.9,302859301,10,Mists of Tirna Scithe,2024-10-26T06:19:08.000Z,1493081,1890999,2,"Xal'atath's Bargain: Ascendant, Fortified, Challenger's Peril, Tyrannical",曾經活過,Death Knight,Frost,dps,Sundown Marsh
1786,327.9,303413189,10,Mists of Tirna Scithe,2024-10-28T13:41:34.000Z,1493208,1890999,2,"Xal'atath's Bargain: Ascendant, Fortified, Challenger's Peril, Tyrannical",電閃雷鳴,Shaman,Restoration,healer,Hellscream
1786,327.9,303413189,10,Mists of Tirna Scithe,2024-10-28T13:41:34.000Z,1493208,1890999,2,"Xal'atath's Bargain: Ascendant, Fortified, Challenger's Peril, Tyrannical",夜之魔王,Druid,Balance,dps,Bleeding Hollow
1786,327.9,303413189,10,Mists of Tirna Scithe,2024-10-28T13:41:34.000Z,1493208,1890999,2,"Xal'atath's Bargain: Ascendant, Fortified, Challenger's Peril, Tyrannical",霜凝水鏡,Mage,Frost,dps,World Tree
1786,327.9,303413189,10,Mists of Tirna Scithe,2024-10-28T13:41:34.000Z,1493208,1890999,2,"Xal'atath's Bargain: Ascendant, Fortified, Challenger's Peril, Tyrannical",云元,Warlock,Demonology,dps,World Tree
1786,327.9,303413189,10,Mists of Tirna Scithe,2024-10-28T13:41:34.000Z,1493208,1890999,2,"Xal'atath's Bargain: Ascendant, Fortified, Challenger's Peril, Tyrannical",墨染璃瞳,Warrior,Protection,tank,Shadowmoon
1787,327.9,303621162,10,Mists of Tirna Scithe,2024-10-29T11:03:09.000Z,1493447,1890999,2,"Xal'atath's Bargain: Ascendant, Fortified, Challenger's Peril, Tyrannical",捏捏大兔大,Druid,Restoration,healer,Whisperwind
1787,327.9,303621162,10,Mists of Tirna Scithe,2024-10-29T11:03:09.000Z,1493447,1890999,2,"Xal'atath's Bargain: Ascendant, Fortified, Challenger's Peril, Tyrannical",你會愛我,Mage,Frost,dps,Shadowmoon
1787,327.9,303621162,10,Mists of Tirna Scithe,2024-10-29T11:03:09.000Z,1493447,1890999,2,"Xal'atath's Bargain: Ascendant, Fortified, Challenger's Peril, Tyrannical",Xjbb,Hunter,Survival,dps,Shadowmoon
1787,327.9,303621162,10,Mists of Tirna Scithe,2024-10-29T11:03:09.000Z,1493447,1890999,2,"Xal'atath's Bargain: Ascendant, Fortified, Challenger's Peril, Tyrannical",九轉末鹿,Druid,Guardian,tank,Shadowmoon
1787,327.9,303621162,10,Mists of Tirna Scithe,2024-10-29T11:03:09.000Z,1493447,1890999,2,"Xal'atath's Bargain: Ascendant, Fortified, Challenger's Peril, Tyrannical",霜風殘月,Death Knight,Frost,dps,Whisperwind
1788,327.9,303201954,10,Mists of Tirna Scithe,2024-10-27T15:14:37.000Z,1493696,1890999,2,"Xal'atath's Bargain: Ascendant, Fortified, Challenger's Peril, Tyrannical",西瓜法師,Mage,Fire,dps,Nightsong
1788,327.9,303201954,10,Mists of Tirna Scithe,2024-10-27T15:14:37.000Z,1493696,1890999,2,"Xal'atath's Bargain: Ascendant, Fortified, Challenger's Peril, Tyrannical",秘蜜情人,Priest,Holy,healer,Frostmane
1788,327.9,303201954,10,Mists of Tirna Scithe,2024-10-27T15:14:37.000Z,1493696,1890999,2,"Xal'atath's Bargain: Ascendant, Fortified, Challenger's Peril, Tyrannical",可燃性烏龍茶,Shaman,Elemental,dps,Nightsong
1788,327.9,303201954,10,Mists of Tirna Scithe,2024-10-27T15:14:37.000Z,1493696,1890999,2,"Xal'atath's Bargain: Ascendant, Fortified, Challenger's Peril, Tyrannical",Bradylol,Shaman,Elemental,dps,Frostmane
1788,327.9,303201954,10,Mists of Tirna Scithe,2024-10-27T15:14:37.000Z,1493696,1890999,2,"Xal'atath's Bargain: Ascendant, Fortified, Challenger's Peril, Tyrannical",慢慢喜歡妳,Paladin,Protection,tank,Frostmane
1789,327.9,303849751,10,Mists of Tirna Scithe,2024-10-29T15:36:29.000Z,1493697,1890999,2,"Xal'atath's Bargain: Ascendant, Fortified, Challenger's Peril, Tyrannical",雜色馬,Death Knight,Blood,tank,Zealot Blade
1789,327.9,303849751,10,Mists of Tirna Scithe,2024-10-29T15:36:29.000Z,1493697,1890999,2,"Xal'atath's Bargain: Ascendant, Fortified, Challenger's Peril, Tyrannical",櫻之小龍女,Shaman,Restoration,healer,Zealot Blade
1789,327.9,303849751,10,Mists of Tirna Scithe,2024-10-29T15:36:29.000Z,1493697,1890999,2,"Xal'atath's Bargain: Ascendant, Fortified, Challenger's Peril, Tyrannical",Lightningme,Shaman,Elemental,dps,Arthas
1789,327.9,303849751,10,Mists of Tirna Scithe,2024-10-29T15:36:29.000Z,1493697,1890999,2,"Xal'atath's Bargain: Ascendant, Fortified, Challenger's Peril, Tyrannical",Winnerian,Evoker,Devastation,dps,Sundown Marsh
1789,327.9,303849751,10,Mists of Tirna Scithe,2024-10-29T15:36:29.000Z,1493697,1890999,2,"Xal'atath's Bargain: Ascendant, Fortified, Challenger's Peril, Tyrannical",波波雞,Druid,Balance,dps,Dragonmaw
1790,327.9,302859111,10,Mists of Tirna Scithe,2024-10-26T06:44:18.000Z,1493699,1890999,2,"Xal'atath's Bargain: Ascendant, Fortified, Challenger's Peril, Tyrannical",抓賊押,Rogue,Assassination,dps,Sundown Marsh
1790,327.9,302859111,10,Mists of Tirna Scithe,2024-10-26T06:44:18.000Z,1493699,1890999,2,"Xal'atath's Bargain: Ascendant, Fortified, Challenger's Peril, Tyrannical",三爺,Shaman,Enhancement,dps,Zealot Blade
1790,327.9,302859111,10,Mists of Tirna Scithe,2024-10-26T06:44:18.000Z,1493699,1890999,2,"Xal'atath's Bargain: Ascendant, Fortified, Challenger's Peril, Tyrannical",Anchelle,Priest,Discipline,healer,Chillwind Point
1790,327.9,302859111,10,Mists of Tirna Scithe,2024-10-26T06:44:18.000Z,1493699,1890999,2,"Xal'atath's Bargain: Ascendant, Fortified, Challenger's Peril, Tyrannical",肛莖,Death Knight,Frost,dps,Arthas
1790,327.9,302859111,10,Mists of Tirna Scithe,2024-10-26T06:44:18.000Z,1493699,1890999,2,"Xal'atath's Bargain: Ascendant, Fortified, Challenger's Peril, Tyrannical",Algar,Death Knight,Blood,tank,Zealot Blade
1791,327.9,307518495,10,Mists of Tirna Scithe,2024-11-16T15:49:33.000Z,1493999,1890999,2,"Xal'atath's Bargain: Ascendant, Tyrannical, Challenger's Peril, Fortified",一霜燃一,Death Knight,Blood,tank,Arthas
1791,327.9,307518495,10,Mists of Tirna Scithe,2024-11-16T15:49:33.000Z,1493999,1890999,2,"Xal'atath's Bargain: Ascendant, Tyrannical, Challenger's Peril, Fortified",怎麼那麼矮,Shaman,Elemental,dps,Frostmane
1791,327.9,307518495,10,Mists of Tirna Scithe,2024-11-16T15:49:33.000Z,1493999,1890999,2,"Xal'atath's Bargain: Ascendant, Tyrannical, Challenger's Peril, Fortified",湮滅女王,Paladin,Retribution,dps,Arthas
1791,327.9,307518495,10,Mists of Tirna Scithe,2024-11-16T15:49:33.000Z,1493999,1890999,2,"Xal'atath's Bargain: Ascendant, Tyrannical, Challenger's Peril, Fortified",一艾維娜一,Priest,Discipline,healer,Arthas
1791,327.9,307518495,10,Mists of Tirna Scithe,2024-11-16T15:49:33.000Z,1493999,1890999,2,"Xal'atath's Bargain: Ascendant, Tyrannical, Challenger's Peril, Fortified",承影之痕,Evoker,Augmentation,dps,Zealot Blade
1792,327.9,307920613,10,Mists of Tirna Scithe,2024-11-18T15:33:49.000Z,1494315,1890999,2,"Xal'atath's Bargain: Ascendant, Tyrannical, Challenger's Peril, Fortified",安安唷,Hunter,Beast Mastery,dps,Hellscream
1792,327.9,307920613,10,Mists of Tirna Scithe,2024-11-18T15:33:49.000Z,1494315,1890999,2,"Xal'atath's Bargain: Ascendant, Tyrannical, Challenger's Peril, Fortified",鵠樆鶄,Shaman,Restoration,healer,Wrathbringer
1792,327.9,307920613,10,Mists of Tirna Scithe,2024-11-18T15:33:49.000Z,1494315,1890999,2,"Xal'atath's Bargain: Ascendant, Tyrannical, Challenger's Peril, Fortified",小多莉,Warrior,Protection,tank,Skywall
1792,327.9,307920613,10,Mists of Tirna Scithe,2024-11-18T15:33:49.000Z,1494315,1890999,2,"Xal'atath's Bargain: Ascendant, Tyrannical, Challenger's Peril, Fortified",浵笙驁風,Evoker,Augmentation,dps,Quel'dorei
1792,327.9,307920613,10,Mists of Tirna Scithe,2024-11-18T15:33:49.000Z,1494315,1890999,2,"Xal'atath's Bargain: Ascendant, Tyrannical, Challenger's Peril, Fortified",八月香,Warrior,Fury,dps,Hellscream
1793,327.8,307749498,10,Mists of Tirna Scithe,2024-11-17T17:00:25.000Z,1495283,1890999,2,"Xal'atath's Bargain: Ascendant, Tyrannical, Challenger's Peril, Fortified",咩咩,Priest,Holy,healer,Shadowmoon
1793,327.8,307749498,10,Mists of Tirna Scithe,2024-11-17T17:00:25.000Z,1495283,1890999,2,"Xal'atath's Bargain: Ascendant, Tyrannical, Challenger's Peril, Fortified",哈囉吉蒂,Demon Hunter,Vengeance,tank,Frostmane
1793,327.8,307749498,10,Mists of Tirna Scithe,2024-11-17T17:00:25.000Z,1495283,1890999,2,"Xal'atath's Bargain: Ascendant, Tyrannical, Challenger's Peril, Fortified",七期陳老爺,Warlock,Demonology,dps,Frostmane
1793,327.8,307749498,10,Mists of Tirna Scithe,2024-11-17T17:00:25.000Z,1495283,1890999,2,"Xal'atath's Bargain: Ascendant, Tyrannical, Challenger's Peril, Fortified",Takushu,Death Knight,Unholy,dps,Arthas
1793,327.8,307749498,10,Mists of Tirna Scithe,2024-11-17T17:00:25.000Z,1495283,1890999,2,"Xal'atath's Bargain: Ascendant, Tyrannical, Challenger's Peril, Fortified",小雷狐型狗-231229790,Shaman,Elemental,dps,Arygos
1794,327.8,302640950,10,Mists of Tirna Scithe,2024-10-25T09:32:27.000Z,1495426,1890999,2,"Xal'atath's Bargain: Ascendant, Fortified, Challenger's Peril, Tyrannical",Cheryll,Warrior,Protection,tank,Sundown Marsh
1794,327.8,302640950,10,Mists of Tirna Scithe,2024-10-25T09:32:27.000Z,1495426,1890999,2,"Xal'atath's Bargain: Ascendant, Fortified, Challenger's Peril, Tyrannical",丸丸仔,Monk,Mistweaver,healer,Whisperwind
1794,327.8,302640950,10,Mists of Tirna Scithe,2024-10-25T09:32:27.000Z,1495426,1890999,2,"Xal'atath's Bargain: Ascendant, Fortified, Challenger's Peril, Tyrannical",Anon687EAAD,Paladin,Retribution,dps,Anonymous
1794,327.8,302640950,10,Mists of Tirna Scithe,2024-10-25T09:32:27.000Z,1495426,1890999,2,"Xal'atath's Bargain: Ascendant, Fortified, Challenger's Peril, Tyrannical",落煙霞,Hunter,Survival,dps,Quel'dorei
1794,327.8,302640950,10,Mists of Tirna Scithe,2024-10-25T09:32:27.000Z,1495426,1890999,2,"Xal'atath's Bargain: Ascendant, Fortified, Challenger's Peril, Tyrannical",Nekojira,Paladin,Retribution,dps,Wrathbringer
1795,327.8,302713040,10,Mists of Tirna Scithe,2024-10-25T16:12:18.000Z,1495497,1890999,2,"Xal'atath's Bargain: Ascendant, Fortified, Challenger's Peril, Tyrannical",國服沒了,Shaman,Elemental,dps,Arthas
1795,327.8,302713040,10,Mists of Tirna Scithe,2024-10-25T16:12:18.000Z,1495497,1890999,2,"Xal'atath's Bargain: Ascendant, Fortified, Challenger's Peril, Tyrannical",沙拉骨,Druid,Balance,dps,Hellscream
1795,327.8,302713040,10,Mists of Tirna Scithe,2024-10-25T16:12:18.000Z,1495497,1890999,2,"Xal'atath's Bargain: Ascendant, Fortified, Challenger's Peril, Tyrannical",清蕉,Paladin,Protection,tank,Arthas
1795,327.8,302713040,10,Mists of Tirna Scithe,2024-10-25T16:12:18.000Z,1495497,1890999,2,"Xal'atath's Bargain: Ascendant, Fortified, Challenger's Peril, Tyrannical",鬼頭明里,Evoker,Augmentation,dps,Wrathbringer
1795,327.8,302713040,10,Mists of Tirna Scithe,2024-10-25T16:12:18.000Z,1495497,1890999,2,"Xal'atath's Bargain: Ascendant, Fortified, Challenger's Peril, Tyrannical",有條尾巴,Shaman,Restoration,healer,Arthas
1796,327.8,307148758,10,Mists of Tirna Scithe,2024-11-14T12:05:34.000Z,1495793,1890999,2,"Xal'atath's Bargain: Ascendant, Tyrannical, Challenger's Peril, Fortified",丟個球球,Paladin,Retribution,dps,Wrathbringer
1796,327.8,307148758,10,Mists of Tirna Scithe,2024-11-14T12:05:34.000Z,1495793,1890999,2,"Xal'atath's Bargain: Ascendant, Tyrannical, Challenger's Peril, Fortified",Jibril,Demon Hunter,Vengeance,tank,Sundown Marsh
1796,327.8,307148758,10,Mists of Tirna Scithe,2024-11-14T12:05:34.000Z,1495793,1890999,2,"Xal'atath's Bargain: Ascendant, Tyrannical, Challenger's Peril, Fortified",凱小琦,Evoker,Preservation,healer,Hellscream
1796,327.8,307148758,10,Mists of Tirna Scithe,2024-11-14T12:05:34.000Z,1495793,1890999,2,"Xal'atath's Bargain: Ascendant, Tyrannical, Challenger's Peril, Fortified",吃不到圖騰,Shaman,Elemental,dps,Hellscream
1796,327.8,307148758,10,Mists of Tirna Scithe,2024-11-14T12:05:34.000Z,1495793,1890999,2,"Xal'atath's Bargain: Ascendant, Tyrannical, Challenger's Peril, Fortified",湊友希那,Evoker,Augmentation,dps,Hellscream
1797,327.8,302959495,10,Mists of Tirna Scithe,2024-10-26T15:47:10.000Z,1495907,1890999,2,"Xal'atath's Bargain: Ascendant, Fortified, Challenger's Peril, Tyrannical",Lun,Druid,Balance,dps,Hellscream
1797,327.8,302959495,10,Mists of Tirna Scithe,2024-10-26T15:47:10.000Z,1495907,1890999,2,"Xal'atath's Bargain: Ascendant, Fortified, Challenger's Peril, Tyrannical",化學無敵,Paladin,Protection,tank,Crystalpine Stinger
1797,327.8,302959495,10,Mists of Tirna Scithe,2024-10-26T15:47:10.000Z,1495907,1890999,2,"Xal'atath's Bargain: Ascendant, Fortified, Challenger's Peril, Tyrannical",Thanatosi,Shaman,Restoration,healer,Crystalpine Stinger
1797,327.8,302959495,10,Mists of Tirna Scithe,2024-10-26T15:47:10.000Z,1495907,1890999,2,"Xal'atath's Bargain: Ascendant, Fortified, Challenger's Peril, Tyrannical",Harveydk,Death Knight,Unholy,dps,Shadowmoon
1797,327.8,302959495,10,Mists of Tirna Scithe,2024-10-26T15:47:10.000Z,1495907,1890999,2,"Xal'atath's Bargain: Ascendant, Fortified, Challenger's Peril, Tyrannical",雕塑時光,Paladin,Retribution,dps,Crystalpine Stinger
1798,327.8,302492732,10,Mists of Tirna Scithe,2024-10-24T14:36:59.000Z,1495994,1890999,2,"Xal'atath's Bargain: Ascendant, Fortified, Challenger's Peril, Tyrannical",哈娜比,Shaman,Restoration,healer,Nightsong
1798,327.8,302492732,10,Mists of Tirna Scithe,2024-10-24T14:36:59.000Z,1495994,1890999,2,"Xal'atath's Bargain: Ascendant, Fortified, Challenger's Peril, Tyrannical",冰釀香米茶,Paladin,Protection,tank,Crystalpine Stinger
1798,327.8,302492732,10,Mists of Tirna Scithe,2024-10-24T14:36:59.000Z,1495994,1890999,2,"Xal'atath's Bargain: Ascendant, Fortified, Challenger's Peril, Tyrannical",月夜情風,Druid,Balance,dps,Shadowmoon
1798,327.8,302492732,10,Mists of Tirna Scithe,2024-10-24T14:36:59.000Z,1495994,1890999,2,"Xal'atath's Bargain: Ascendant, Fortified, Challenger's Peril, Tyrannical",翼颯天,Shaman,Elemental,dps,Shadowmoon
1798,327.8,302492732,10,Mists of Tirna Scithe,2024-10-24T14:36:59.000Z,1495994,1890999,2,"Xal'atath's Bargain: Ascendant, Fortified, Challenger's Peril, Tyrannical",星辰光玩聖騎,Paladin,Retribution,dps,Stormscale
1799,327.8,302882903,10,Mists of Tirna Scithe,2024-10-26T09:59:43.000Z,1496353,1890999,2,"Xal'atath's Bargain: Ascendant, Fortified, Challenger's Peril, Tyrannical",王語嫣,Shaman,Restoration,healer,Stormscale
1799,327.8,302882903,10,Mists of Tirna Scithe,2024-10-26T09:59:43.000Z,1496353,1890999,2,"Xal'atath's Bargain: Ascendant, Fortified, Challenger's Peril, Tyrannical",天破,Mage,Frost,dps,Bleeding Hollow
1799,327.8,302882903,10,Mists of Tirna Scithe,2024-10-26T09:59:43.000Z,1496353,1890999,2,"Xal'atath's Bargain: Ascendant, Fortified, Challenger's Peril, Tyrannical",性感渣男-56561632,Death Knight,Frost,dps,Shadowmoon
1799,327.8,302882903,10,Mists of Tirna Scithe,2024-10-26T09:59:43.000Z,1496353,1890999,2,"Xal'atath's Bargain: Ascendant, Fortified, Challenger's Peril, Tyrannical",劍心,Warrior,Protection,tank,Arthas
1799,327.8,302882903,10,Mists of Tirna Scithe,2024-10-26T09:59:43.000Z,1496353,1890999,2,"Xal'atath's Bargain: Ascendant, Fortified, Challenger's Peril, Tyrannical",阿非正傳,Paladin,Retribution,dps,Sundown Marsh
1800,327.8,307884702,10,Mists of Tirna Scithe,2024-11-18T08:52:41.000Z,1496415,1890999,2,"Xal'atath's Bargain: Ascendant, Tyrannical, Challenger's Peril, Fortified",戀咩,Priest,Holy,healer,Nightsong
1800,327.8,307884702,10,Mists of Tirna Scithe,2024-11-18T08:52:41.000Z,1496415,1890999,2,"Xal'atath's Bargain: Ascendant, Tyrannical, Challenger's Peril, Fortified",肥貓貓,Mage,Frost,dps,Stormscale
1800,327.8,307884702,10,Mists of Tirna Scithe,2024-11-18T08:52:41.000Z,1496415,1890999,2,"Xal'atath's Bargain: Ascendant, Tyrannical, Challenger's Peril, Fortified",騎士精神,Warrior,Protection,tank,Nightsong
1800,327.8,307884702,10,Mists of Tirna Scithe,2024-11-18T08:52:41.000Z,1496415,1890999,2,"Xal'atath's Bargain: Ascendant, Tyrannical, Challenger's Peril, Fortified",Theundead,Mage,Frost,dps,Nightsong
1800,327.8,307884702,10,Mists of Tirna Scithe,2024-11-18T08:52:41.000Z,1496415,1890999,2,"Xal'atath's Bargain: Ascendant, Tyrannical, Challenger's Peril, Fortified",伯利恆之星,Paladin,Retribution,dps,Silverwing Hold
1801,327.8,307510457,10,Mists of Tirna Scithe,2024-11-16T14:31:56.000Z,1496508,1890999,2,"Xal'atath's Bargain: Ascendant, Tyrannical, Challenger's Peril, Fortified",豫曉楓,Druid,Guardian,tank,Crystalpine Stinger
1801,327.8,307510457,10,Mists of Tirna Scithe,2024-11-16T14:31:56.000Z,1496508,1890999,2,"Xal'atath's Bargain: Ascendant, Tyrannical, Challenger's Peril, Fortified",黑娟,Mage,Fire,dps,Sundown Marsh
1801,327.8,307510457,10,Mists of Tirna Scithe,2024-11-16T14:31:56.000Z,1496508,1890999,2,"Xal'atath's Bargain: Ascendant, Tyrannical, Challenger's Peril, Fortified",卡特哞吘,Druid,Balance,dps,Wrathbringer
1801,327.8,307510457,10,Mists of Tirna Scithe,2024-11-16T14:31:56.000Z,1496508,1890999,2,"Xal'atath's Bargain: Ascendant, Tyrannical, Challenger's Peril, Fortified",Yungg-220374521,Death Knight,Frost,dps,Old Blanchy
1801,327.8,307510457,10,Mists of Tirna Scithe,2024-11-16T14:31:56.000Z,1496508,1890999,2,"Xal'atath's Bargain: Ascendant, Tyrannical, Challenger's Peril, Fortified",Lilylin-220824458,Priest,Holy,healer,Old Blanchy
1802,327.8,302452792,10,Mists of Tirna Scithe,2024-10-24T09:14:10.000Z,1496520,1890999,2,"Xal'atath's Bargain: Ascendant, Fortified, Challenger's Peril, Tyrannical",高雄最帥男神-139790223,Paladin,Retribution,dps,Hellscream
1802,327.8,302452792,10,Mists of Tirna Scithe,2024-10-24T09:14:10.000Z,1496520,1890999,2,"Xal'atath's Bargain: Ascendant, Fortified, Challenger's Peril, Tyrannical",宸宸吃貢丸,Mage,Frost,dps,Skywall
1802,327.8,302452792,10,Mists of Tirna Scithe,2024-10-24T09:14:10.000Z,1496520,1890999,2,"Xal'atath's Bargain: Ascendant, Fortified, Challenger's Peril, Tyrannical",Skywar,Warrior,Protection,tank,Shadowmoon
1802,327.8,302452792,10,Mists of Tirna Scithe,2024-10-24T09:14:10.000Z,1496520,1890999,2,"Xal'atath's Bargain: Ascendant, Fortified, Challenger's Peril, Tyrannical",Ega,Shaman,Restoration,healer,Shadowmoon
1802,327.8,302452792,10,Mists of Tirna Scithe,2024-10-24T09:14:10.000Z,1496520,1890999,2,"Xal'atath's Bargain: Ascendant, Fortified, Challenger's Peril, Tyrannical",卡碰卡碰,Warlock,Destruction,dps,Frostmane
1803,327.8,303412953,10,Mists of Tirna Scithe,2024-10-28T13:37:08.000Z,1496968,1890999,2,"Xal'atath's Bargain: Ascendant, Fortified, Challenger's Peril, Tyrannical",穢邪路路,Death Knight,Unholy,dps,Arygos
1803,327.8,303412953,10,Mists of Tirna Scithe,2024-10-28T13:37:08.000Z,1496968,1890999,2,"Xal'atath's Bargain: Ascendant, Fortified, Challenger's Peril, Tyrannical",荒石城的蕳妮,Hunter,Marksmanship,dps,Crystalpine Stinger
1803,327.8,303412953,10,Mists of Tirna Scithe,2024-10-28T13:37:08.000Z,1496968,1890999,2,"Xal'atath's Bargain: Ascendant, Fortified, Challenger's Peril, Tyrannical",雨霖飛凌,Shaman,Restoration,healer,World Tree
1803,327.8,303412953,10,Mists of Tirna Scithe,2024-10-28T13:37:08.000Z,1496968,1890999,2,"Xal'atath's Bargain: Ascendant, Fortified, Challenger's Peril, Tyrannical",Gettoher,Mage,Arcane,dps,Arygos
1803,327.8,303412953,10,Mists of Tirna Scithe,2024-10-28T13:37:08.000Z,1496968,1890999,2,"Xal'atath's Bargain: Ascendant, Fortified, Challenger's Peril, Tyrannical",吾愛冬天約會,Warrior,Protection,tank,Crystalpine Stinger
1804,327.8,307157656,10,Mists of Tirna Scithe,2024-11-14T13:58:20.000Z,1497187,1890999,2,"Xal'atath's Bargain: Ascendant, Tyrannical, Challenger's Peril, Fortified",地瓜綠,Priest,Holy,healer,Menethil
1804,327.8,307157656,10,Mists of Tirna Scithe,2024-11-14T13:58:20.000Z,1497187,1890999,2,"Xal'atath's Bargain: Ascendant, Tyrannical, Challenger's Peril, Fortified",Massdivine,Paladin,Retribution,dps,Arthas
1804,327.8,307157656,10,Mists of Tirna Scithe,2024-11-14T13:58:20.000Z,1497187,1890999,2,"Xal'atath's Bargain: Ascendant, Tyrannical, Challenger's Peril, Fortified",哈茲丁狗,Warlock,Destruction,dps,Arthas
1804,327.8,307157656,10,Mists of Tirna Scithe,2024-11-14T13:58:20.000Z,1497187,1890999,2,"Xal'atath's Bargain: Ascendant, Tyrannical, Challenger's Peril, Fortified",超霸氣,Death Knight,Unholy,dps,Demon Fall Canyon
1804,327.8,307157656,10,Mists of Tirna Scithe,2024-11-14T13:58:20.000Z,1497187,1890999,2,"Xal'atath's Bargain: Ascendant, Tyrannical, Challenger's Peril, Fortified",天啊你真大,Demon Hunter,Vengeance,tank,Hellscream
1805,327.8,301123294,10,Mists of Tirna Scithe,2024-10-29T17:52:19.000Z,1497255,1890999,2,"Xal'atath's Bargain: Ascendant, Fortified, Challenger's Peril, Tyrannical",粗奶玩,Hunter,Beast Mastery,dps,Skywall
1805,327.8,301123294,10,Mists of Tirna Scithe,2024-10-29T17:52:19.000Z,1497255,1890999,2,"Xal'atath's Bargain: Ascendant, Fortified, Challenger's Peril, Tyrannical",歌功頌德魯伊,Druid,Guardian,tank,Sundown Marsh
1805,327.8,301123294,10,Mists of Tirna Scithe,2024-10-29T17:52:19.000Z,1497255,1890999,2,"Xal'atath's Bargain: Ascendant, Fortified, Challenger's Peril, Tyrannical",老毛怪,Druid,Balance,dps,Demon Fall Canyon
1805,327.8,301123294,10,Mists of Tirna Scithe,2024-10-29T17:52:19.000Z,1497255,1890999,2,"Xal'atath's Bargain: Ascendant, Fortified, Challenger's Peril, Tyrannical",寂玉的薩滿,Shaman,Restoration,healer,Skywall
1805,327.8,301123294,10,Mists of Tirna Scithe,2024-10-29T17:52:19.000Z,1497255,1890999,2,"Xal'atath's Bargain: Ascendant, Fortified, Challenger's Peril, Tyrannical",Nilzombie,Death Knight,Frost,dps,Sundown Marsh
1806,327.8,307169293,10,Mists of Tirna Scithe,2024-11-14T15:49:50.000Z,1497270,1890999,2,"Xal'atath's Bargain: Ascendant, Tyrannical, Challenger's Peril, Fortified",Mayin,Mage,Frost,dps,Light's Hope
1806,327.8,307169293,10,Mists of Tirna Scithe,2024-11-14T15:49:50.000Z,1497270,1890999,2,"Xal'atath's Bargain: Ascendant, Tyrannical, Challenger's Peril, Fortified",圖騰亂插大師,Shaman,Restoration,healer,Shadowmoon
1806,327.8,307169293,10,Mists of Tirna Scithe,2024-11-14T15:49:50.000Z,1497270,1890999,2,"Xal'atath's Bargain: Ascendant, Tyrannical, Challenger's Peril, Fortified",我先泡杯咖啡,Priest,Shadow,dps,Light's Hope
1806,327.8,307169293,10,Mists of Tirna Scithe,2024-11-14T15:49:50.000Z,1497270,1890999,2,"Xal'atath's Bargain: Ascendant, Tyrannical, Challenger's Peril, Fortified",Nataliee,Warlock,Destruction,dps,Light's Hope
1806,327.8,307169293,10,Mists of Tirna Scithe,2024-11-14T15:49:50.000Z,1497270,1890999,2,"Xal'atath's Bargain: Ascendant, Tyrannical, Challenger's Peril, Fortified",鬼月教科書,Paladin,Protection,tank,Light's Hope
1807,327.8,302934549,10,Mists of Tirna Scithe,2024-10-26T12:43:54.000Z,1497417,1890999,2,"Xal'atath's Bargain: Ascendant, Fortified, Challenger's Peril, Tyrannical",子銘,Priest,Discipline,healer,Skywall
1807,327.8,302934549,10,Mists of Tirna Scithe,2024-10-26T12:43:54.000Z,1497417,1890999,2,"Xal'atath's Bargain: Ascendant, Fortified, Challenger's Peril, Tyrannical",塚丈錯了嗎,Paladin,Protection,tank,Arthas
1807,327.8,302934549,10,Mists of Tirna Scithe,2024-10-26T12:43:54.000Z,1497417,1890999,2,"Xal'atath's Bargain: Ascendant, Fortified, Challenger's Peril, Tyrannical",暮雨輕櫻,Death Knight,Frost,dps,Skywall
1807,327.8,302934549,10,Mists of Tirna Scithe,2024-10-26T12:43:54.000Z,1497417,1890999,2,"Xal'atath's Bargain: Ascendant, Fortified, Challenger's Peril, Tyrannical",Anon70BA0F8,Warlock,Demonology,dps,Anonymous
1807,327.8,302934549,10,Mists of Tirna Scithe,2024-10-26T12:43:54.000Z,1497417,1890999,2,"Xal'atath's Bargain: Ascendant, Fortified, Challenger's Peril, Tyrannical",扒褲亂擼,Shaman,Elemental,dps,Sundown Marsh
1808,327.8,305817869,10,Mists of Tirna Scithe,2024-11-15T15:27:02.000Z,1497462,1890999,2,"Xal'atath's Bargain: Ascendant, Tyrannical, Challenger's Peril, Fortified",轉角遇名單,Monk,Windwalker,dps,Crystalpine Stinger
1808,327.8,305817869,10,Mists of Tirna Scithe,2024-11-15T15:27:02.000Z,1497462,1890999,2,"Xal'atath's Bargain: Ascendant, Tyrannical, Challenger's Peril, Fortified",穆殤之雪,Death Knight,Blood,tank,World Tree
1808,327.8,305817869,10,Mists of Tirna Scithe,2024-11-15T15:27:02.000Z,1497462,1890999,2,"Xal'atath's Bargain: Ascendant, Tyrannical, Challenger's Peril, Fortified",力量,Warrior,Arms,dps,Sundown Marsh
1808,327.8,305817869,10,Mists of Tirna Scithe,2024-11-15T15:27:02.000Z,1497462,1890999,2,"Xal'atath's Bargain: Ascendant, Tyrannical, Challenger's Peril, Fortified",稻妻娘,Priest,Discipline,healer,Wrathbringer
1808,327.8,305817869,10,Mists of Tirna Scithe,2024-11-15T15:27:02.000Z,1497462,1890999,2,"Xal'atath's Bargain: Ascendant, Tyrannical, Challenger's Peril, Fortified",Jcs,Druid,Feral,dps,Sundown Marsh
1809,327.8,302634285,10,Mists of Tirna Scithe,2024-10-25T07:59:18.000Z,1497772,1890999,2,"Xal'atath's Bargain: Ascendant, Fortified, Challenger's Peril, Tyrannical",理音,Paladin,Retribution,dps,Sundown Marsh
1809,327.8,302634285,10,Mists of Tirna Scithe,2024-10-25T07:59:18.000Z,1497772,1890999,2,"Xal'atath's Bargain: Ascendant, Fortified, Challenger's Peril, Tyrannical",聖小獵,Paladin,Retribution,dps,Sundown Marsh
1809,327.8,302634285,10,Mists of Tirna Scithe,2024-10-25T07:59:18.000Z,1497772,1890999,2,"Xal'atath's Bargain: Ascendant, Fortified, Challenger's Peril, Tyrannical",Hiimdennis,Mage,Arcane,dps,Shadowmoon
1809,327.8,302634285,10,Mists of Tirna Scithe,2024-10-25T07:59:18.000Z,1497772,1890999,2,"Xal'atath's Bargain: Ascendant, Fortified, Challenger's Peril, Tyrannical",夜月輓歌,Death Knight,Blood,tank,Sundown Marsh
1809,327.8,302634285,10,Mists of Tirna Scithe,2024-10-25T07:59:18.000Z,1497772,1890999,2,"Xal'atath's Bargain: Ascendant, Fortified, Challenger's Peril, Tyrannical",颯漫漫的飯,Shaman,Restoration,healer,Sundown Marsh
1810,327.8,308080889,10,Mists of Tirna Scithe,2024-11-19T14:50:21.000Z,1498186,1890999,2,"Xal'atath's Bargain: Ascendant, Tyrannical, Challenger's Peril, Fortified",絕望奇蒼,Shaman,Restoration,healer,Icecrown
1810,327.8,308080889,10,Mists of Tirna Scithe,2024-11-19T14:50:21.000Z,1498186,1890999,2,"Xal'atath's Bargain: Ascendant, Tyrannical, Challenger's Peril, Fortified",北極小白熊,Monk,Windwalker,dps,Frostmane
1810,327.8,308080889,10,Mists of Tirna Scithe,2024-11-19T14:50:21.000Z,1498186,1890999,2,"Xal'atath's Bargain: Ascendant, Tyrannical, Challenger's Peril, Fortified",Loserfer,Hunter,Beast Mastery,dps,Frostmane
1810,327.8,308080889,10,Mists of Tirna Scithe,2024-11-19T14:50:21.000Z,1498186,1890999,2,"Xal'atath's Bargain: Ascendant, Tyrannical, Challenger's Peril, Fortified",我是阿尼,Monk,Windwalker,dps,Menethil
1810,327.8,308080889,10,Mists of Tirna Scithe,2024-11-19T14:50:21.000Z,1498186,1890999,2,"Xal'atath's Bargain: Ascendant, Tyrannical, Challenger's Peril, Fortified",Dæmonmedown,Demon Hunter,Vengeance,tank,Arthas
1811,327.8,307901684,10,Mists of Tirna Scithe,2024-11-18T12:08:40.000Z,1498298,1890999,2,"Xal'atath's Bargain: Ascendant, Tyrannical, Challenger's Peril, Fortified",Cthonic-48420295,Warlock,Destruction,dps,Sundown Marsh
1811,327.8,307901684,10,Mists of Tirna Scithe,2024-11-18T12:08:40.000Z,1498298,1890999,2,"Xal'atath's Bargain: Ascendant, Tyrannical, Challenger's Peril, Fortified",功夫龍貓,Monk,Mistweaver,healer,Silverwing Hold
1811,327.8,307901684,10,Mists of Tirna Scithe,2024-11-18T12:08:40.000Z,1498298,1890999,2,"Xal'atath's Bargain: Ascendant, Tyrannical, Challenger's Peril, Fortified",木魚水心,Mage,Frost,dps,Chillwind Point
1811,327.8,307901684,10,Mists of Tirna Scithe,2024-11-18T12:08:40.000Z,1498298,1890999,2,"Xal'atath's Bargain: Ascendant, Tyrannical, Challenger's Peril, Fortified",櫻桃鴨鴨,Hunter,Survival,dps,Skywall
1811,327.8,307901684,10,Mists of Tirna Scithe,2024-11-18T12:08:40.000Z,1498298,1890999,2,"Xal'atath's Bargain: Ascendant, Tyrannical, Challenger's Peril, Fortified",戰士芭樂,Warrior,Protection,tank,Skywall
1812,327.8,302497078,10,Mists of Tirna Scithe,2024-10-24T15:20:15.000Z,1498442,1890999,2,"Xal'atath's Bargain: Ascendant, Fortified, Challenger's Peril, Tyrannical",走得快好世界,Shaman,Elemental,dps,Whisperwind
1812,327.8,302497078,10,Mists of Tirna Scithe,2024-10-24T15:20:15.000Z,1498442,1890999,2,"Xal'atath's Bargain: Ascendant, Fortified, Challenger's Peril, Tyrannical",睚眥必報,Rogue,Assassination,dps,Chillwind Point
1812,327.8,302497078,10,Mists of Tirna Scithe,2024-10-24T15:20:15.000Z,1498442,1890999,2,"Xal'atath's Bargain: Ascendant, Fortified, Challenger's Peril, Tyrannical",萌奇滴莽夫,Druid,Guardian,tank,Crystalpine Stinger
1812,327.8,302497078,10,Mists of Tirna Scithe,2024-10-24T15:20:15.000Z,1498442,1890999,2,"Xal'atath's Bargain: Ascendant, Fortified, Challenger's Peril, Tyrannical",禹大爺,Shaman,Restoration,healer,World Tree
1812,327.8,302497078,10,Mists of Tirna Scithe,2024-10-24T15:20:15.000Z,1498442,1890999,2,"Xal'atath's Bargain: Ascendant, Fortified, Challenger's Peril, Tyrannical",大肉捧給妳吃,Death Knight,Frost,dps,Zealot Blade
1813,327.8,303195271,10,Mists of Tirna Scithe,2024-10-27T14:40:42.000Z,1498632,1890999,2,"Xal'atath's Bargain: Ascendant, Fortified, Challenger's Peril, Tyrannical",楓小貓,Demon Hunter,Vengeance,tank,Shadowmoon
1813,327.8,303195271,10,Mists of Tirna Scithe,2024-10-27T14:40:42.000Z,1498632,1890999,2,"Xal'atath's Bargain: Ascendant, Fortified, Challenger's Peril, Tyrannical",神代睦月,Paladin,Retribution,dps,Sundown Marsh
1813,327.8,303195271,10,Mists of Tirna Scithe,2024-10-27T14:40:42.000Z,1498632,1890999,2,"Xal'atath's Bargain: Ascendant, Fortified, Challenger's Peril, Tyrannical",Kuverymuch,Warlock,Demonology,dps,Chillwind Point
1813,327.8,303195271,10,Mists of Tirna Scithe,2024-10-27T14:40:42.000Z,1498632,1890999,2,"Xal'atath's Bargain: Ascendant, Fortified, Challenger's Peril, Tyrannical",Karn,Death Knight,Unholy,dps,Spirestone
1813,327.8,303195271,10,Mists of Tirna Scithe,2024-10-27T14:40:42.000Z,1498632,1890999,2,"Xal'atath's Bargain: Ascendant, Fortified, Challenger's Peril, Tyrannical",婉婉乂,Shaman,Restoration,healer,Quel'dorei
1814,327.8,307199652,10,Mists of Tirna Scithe,2024-11-14T19:19:35.000Z,1498641,1890999,2,"Xal'atath's Bargain: Ascendant, Tyrannical, Challenger's Peril, Fortified",吉祥果,Druid,Balance,dps,Whisperwind
1814,327.8,307199652,10,Mists of Tirna Scithe,2024-11-14T19:19:35.000Z,1498641,1890999,2,"Xal'atath's Bargain: Ascendant, Tyrannical, Challenger's Peril, Fortified",許家明,Warrior,Fury,dps,Sundown Marsh
1814,327.8,307199652,10,Mists of Tirna Scithe,2024-11-14T19:19:35.000Z,1498641,1890999,2,"Xal'atath's Bargain: Ascendant, Tyrannical, Challenger's Peril, Fortified",郭庭瑋,Death Knight,Blood,tank,Nightsong
1814,327.8,307199652,10,Mists of Tirna Scithe,2024-11-14T19:19:35.000Z,1498641,1890999,2,"Xal'atath's Bargain: Ascendant, Tyrannical, Challenger's Peril, Fortified",乜都得先生,Paladin,Retribution,dps,Shadowmoon
1814,327.8,307199652,10,Mists of Tirna Scithe,2024-11-14T19:19:35.000Z,1498641,1890999,2,"Xal'atath's Bargain: Ascendant, Tyrannical, Challenger's Peril, Fortified",鑄造之父,Shaman,Restoration,healer,Shadowmoon
1815,327.8,307519112,10,Mists of Tirna Scithe,2024-11-16T15:29:25.000Z,1498763,1890999,2,"Xal'atath's Bargain: Ascendant, Tyrannical, Challenger's Peril, Fortified",澄深琛遇濛矇,Warlock,Demonology,dps,Whisperwind
1815,327.8,307519112,10,Mists of Tirna Scithe,2024-11-16T15:29:25.000Z,1498763,1890999,2,"Xal'atath's Bargain: Ascendant, Tyrannical, Challenger's Peril, Fortified",百事的元素,Shaman,Elemental,dps,Icecrown
1815,327.8,307519112,10,Mists of Tirna Scithe,2024-11-16T15:29:25.000Z,1498763,1890999,2,"Xal'atath's Bargain: Ascendant, Tyrannical, Challenger's Peril, Fortified",森林原人,Monk,Mistweaver,healer,Wrathbringer
1815,327.8,307519112,10,Mists of Tirna Scithe,2024-11-16T15:29:25.000Z,1498763,1890999,2,"Xal'atath's Bargain: Ascendant, Tyrannical, Challenger's Peril, Fortified",滅團先鋒,Paladin,Retribution,dps,Shadowmoon
1815,327.8,307519112,10,Mists of Tirna Scithe,2024-11-16T15:29:25.000Z,1498763,1890999,2,"Xal'atath's Bargain: Ascendant, Tyrannical, Challenger's Peril, Fortified",百變鐘,Druid,Guardian,tank,Whisperwind
1816,327.8,308071813,10,Mists of Tirna Scithe,2024-11-19T13:15:09.000Z,1498801,1890999,2,"Xal'atath's Bargain: Ascendant, Tyrannical, Challenger's Peril, Fortified",Dh,Demon Hunter,Vengeance,tank,Sundown Marsh
1816,327.8,308071813,10,Mists of Tirna Scithe,2024-11-19T13:15:09.000Z,1498801,1890999,2,"Xal'atath's Bargain: Ascendant, Tyrannical, Challenger's Peril, Fortified",電燒祥的兄弟,Paladin,Retribution,dps,Sundown Marsh
1816,327.8,308071813,10,Mists of Tirna Scithe,2024-11-19T13:15:09.000Z,1498801,1890999,2,"Xal'atath's Bargain: Ascendant, Tyrannical, Challenger's Peril, Fortified",蓮旭宗初,Shaman,Elemental,dps,Arthas
1816,327.8,308071813,10,Mists of Tirna Scithe,2024-11-19T13:15:09.000Z,1498801,1890999,2,"Xal'atath's Bargain: Ascendant, Tyrannical, Challenger's Peril, Fortified",小狐不會奶,Shaman,Restoration,healer,Shadowmoon
1816,327.8,308071813,10,Mists of Tirna Scithe,2024-11-19T13:15:09.000Z,1498801,1890999,2,"Xal'atath's Bargain: Ascendant, Tyrannical, Challenger's Peril, Fortified",人間肉便器,Paladin,Retribution,dps,Sundown Marsh
1817,327.8,307671595,10,Mists of Tirna Scithe,2024-11-19T15:38:22.000Z,1499025,1890999,2,"Xal'atath's Bargain: Ascendant, Tyrannical, Challenger's Peril, Fortified",牛唄硬要,Priest,Discipline,healer,Arthas
1817,327.8,307671595,10,Mists of Tirna Scithe,2024-11-19T15:38:22.000Z,1499025,1890999,2,"Xal'atath's Bargain: Ascendant, Tyrannical, Challenger's Peril, Fortified",劻仔,Hunter,Beast Mastery,dps,Dragonmaw
1817,327.8,307671595,10,Mists of Tirna Scithe,2024-11-19T15:38:22.000Z,1499025,1890999,2,"Xal'atath's Bargain: Ascendant, Tyrannical, Challenger's Peril, Fortified",Bluewaste,Shaman,Enhancement,dps,Zealot Blade
1817,327.8,307671595,10,Mists of Tirna Scithe,2024-11-19T15:38:22.000Z,1499025,1890999,2,"Xal'atath's Bargain: Ascendant, Tyrannical, Challenger's Peril, Fortified",戈佛雷,Death Knight,Frost,dps,Stormscale
1817,327.8,307671595,10,Mists of Tirna Scithe,2024-11-19T15:38:22.000Z,1499025,1890999,2,"Xal'atath's Bargain: Ascendant, Tyrannical, Challenger's Peril, Fortified",Gipal,Paladin,Protection,tank,Menethil
1818,327.8,308063527,10,Mists of Tirna Scithe,2024-11-19T11:45:11.000Z,1499123,1890999,2,"Xal'atath's Bargain: Ascendant, Tyrannical, Challenger's Peril, Fortified",Rhodonite,Evoker,Augmentation,dps,Sundown Marsh
1818,327.8,308063527,10,Mists of Tirna Scithe,2024-11-19T11:45:11.000Z,1499123,1890999,2,"Xal'atath's Bargain: Ascendant, Tyrannical, Challenger's Peril, Fortified",我先走啦,Paladin,Retribution,dps,Crystalpine Stinger
1818,327.8,308063527,10,Mists of Tirna Scithe,2024-11-19T11:45:11.000Z,1499123,1890999,2,"Xal'atath's Bargain: Ascendant, Tyrannical, Challenger's Peril, Fortified",Wdz,Monk,Brewmaster,tank,Sundown Marsh
1818,327.8,308063527,10,Mists of Tirna Scithe,2024-11-19T11:45:11.000Z,1499123,1890999,2,"Xal'atath's Bargain: Ascendant, Tyrannical, Challenger's Peril, Fortified",我先口了,Priest,Holy,healer,Bleeding Hollow
1818,327.8,308063527,10,Mists of Tirna Scithe,2024-11-19T11:45:11.000Z,1499123,1890999,2,"Xal'atath's Bargain: Ascendant, Tyrannical, Challenger's Peril, Fortified",紅色人種,Death Knight,Frost,dps,Arthas
1819,327.8,302880317,10,Mists of Tirna Scithe,2024-10-26T10:17:28.000Z,1499479,1890999,2,"Xal'atath's Bargain: Ascendant, Fortified, Challenger's Peril, Tyrannical",雪晴貓貓,Priest,Shadow,dps,Nightsong
1819,327.8,302880317,10,Mists of Tirna Scithe,2024-10-26T10:17:28.000Z,1499479,1890999,2,"Xal'atath's Bargain: Ascendant, Fortified, Challenger's Peril, Tyrannical",阿提密斯-57150809,Hunter,Survival,dps,Silverwing Hold
1819,327.8,302880317,10,Mists of Tirna Scithe,2024-10-26T10:17:28.000Z,1499479,1890999,2,"Xal'atath's Bargain: Ascendant, Fortified, Challenger's Peril, Tyrannical",地獄殺陣,Warrior,Protection,tank,Sundown Marsh
1819,327.8,302880317,10,Mists of Tirna Scithe,2024-10-26T10:17:28.000Z,1499479,1890999,2,"Xal'atath's Bargain: Ascendant, Fortified, Challenger's Peril, Tyrannical",鬥陣哈哈,Mage,Frost,dps,Nightsong
1819,327.8,302880317,10,Mists of Tirna Scithe,2024-10-26T10:17:28.000Z,1499479,1890999,2,"Xal'atath's Bargain: Ascendant, Fortified, Challenger's Peril, Tyrannical",虎咪,Shaman,Restoration,healer,Bleeding Hollow
1820,327.8,307363607,10,Mists of Tirna Scithe,2024-11-15T19:39:46.000Z,1500038,1890999,2,"Xal'atath's Bargain: Ascendant, Tyrannical, Challenger's Peril, Fortified",血中靈,Paladin,Retribution,dps,Demon Fall Canyon
1820,327.8,307363607,10,Mists of Tirna Scithe,2024-11-15T19:39:46.000Z,1500038,1890999,2,"Xal'atath's Bargain: Ascendant, Tyrannical, Challenger's Peril, Fortified",Stella,Hunter,Survival,dps,Crystalpine Stinger
1820,327.8,307363607,10,Mists of Tirna Scithe,2024-11-15T19:39:46.000Z,1500038,1890999,2,"Xal'atath's Bargain: Ascendant, Tyrannical, Challenger's Peril, Fortified",埋塚江湖,Paladin,Protection,tank,Shadowmoon
1820,327.8,307363607,10,Mists of Tirna Scithe,2024-11-15T19:39:46.000Z,1500038,1890999,2,"Xal'atath's Bargain: Ascendant, Tyrannical, Challenger's Peril, Fortified",黑直長學姊,Evoker,Preservation,healer,Whisperwind
1820,327.8,307363607,10,Mists of Tirna Scithe,2024-11-15T19:39:46.000Z,1500038,1890999,2,"Xal'atath's Bargain: Ascendant, Tyrannical, Challenger's Peril, Fortified",活著就是死,Mage,Frost,dps,Hellscream
1821,327.7,307326589,10,Mists of Tirna Scithe,2024-11-15T15:46:37.000Z,1500199,1890999,2,"Xal'atath's Bargain: Ascendant, Tyrannical, Challenger's Peril, Fortified",Genevieve,Death Knight,Unholy,dps,Icecrown
1821,327.7,307326589,10,Mists of Tirna Scithe,2024-11-15T15:46:37.000Z,1500199,1890999,2,"Xal'atath's Bargain: Ascendant, Tyrannical, Challenger's Peril, Fortified",艾爾馮司,Monk,Mistweaver,healer,Crystalpine Stinger
1821,327.7,307326589,10,Mists of Tirna Scithe,2024-11-15T15:46:37.000Z,1500199,1890999,2,"Xal'atath's Bargain: Ascendant, Tyrannical, Challenger's Peril, Fortified",山山水水,Druid,Balance,dps,Wrathbringer
1821,327.7,307326589,10,Mists of Tirna Scithe,2024-11-15T15:46:37.000Z,1500199,1890999,2,"Xal'atath's Bargain: Ascendant, Tyrannical, Challenger's Peril, Fortified",愛德森,Hunter,Marksmanship,dps,Demon Fall Canyon
1821,327.7,307326589,10,Mists of Tirna Scithe,2024-11-15T15:46:37.000Z,1500199,1890999,2,"Xal'atath's Bargain: Ascendant, Tyrannical, Challenger's Peril, Fortified",Shiphrahdk,Death Knight,Blood,tank,Crystalpine Stinger
1822,327.7,308236941,10,Mists of Tirna Scithe,2024-11-19T08:20:44.000Z,1500313,1890999,2,"Xal'atath's Bargain: Ascendant, Tyrannical, Challenger's Peril, Fortified",狐狸的尾巴,Paladin,Retribution,dps,Zealot Blade
1822,327.7,308236941,10,Mists of Tirna Scithe,2024-11-19T08:20:44.000Z,1500313,1890999,2,"Xal'atath's Bargain: Ascendant, Tyrannical, Challenger's Peril, Fortified",聖光之名,Paladin,Retribution,dps,Zealot Blade
1822,327.7,308236941,10,Mists of Tirna Scithe,2024-11-19T08:20:44.000Z,1500313,1890999,2,"Xal'atath's Bargain: Ascendant, Tyrannical, Challenger's Peril, Fortified",亂玩小術,Warlock,Destruction,dps,Sundown Marsh
1822,327.7,308236941,10,Mists of Tirna Scithe,2024-11-19T08:20:44.000Z,1500313,1890999,2,"Xal'atath's Bargain: Ascendant, Tyrannical, Challenger's Peril, Fortified",松松,Shaman,Restoration,healer,Frostmane
1822,327.7,308236941,10,Mists of Tirna Scithe,2024-11-19T08:20:44.000Z,1500313,1890999,2,"Xal'atath's Bargain: Ascendant, Tyrannical, Challenger's Peril, Fortified",Ievel,Demon Hunter,Vengeance,tank,Arygos
1823,327.7,307655046,10,Mists of Tirna Scithe,2024-11-17T04:35:38.000Z,1500561,1890999,2,"Xal'atath's Bargain: Ascendant, Tyrannical, Challenger's Peril, Fortified",紀天胤禪武,Monk,Mistweaver,healer,Nightsong
1823,327.7,307655046,10,Mists of Tirna Scithe,2024-11-17T04:35:38.000Z,1500561,1890999,2,"Xal'atath's Bargain: Ascendant, Tyrannical, Challenger's Peril, Fortified",Waltmax,Paladin,Retribution,dps,Shadowmoon
1823,327.7,307655046,10,Mists of Tirna Scithe,2024-11-17T04:35:38.000Z,1500561,1890999,2,"Xal'atath's Bargain: Ascendant, Tyrannical, Challenger's Peril, Fortified",忒鴯,Druid,Balance,dps,Bleeding Hollow
1823,327.7,307655046,10,Mists of Tirna Scithe,2024-11-17T04:35:38.000Z,1500561,1890999,2,"Xal'atath's Bargain: Ascendant, Tyrannical, Challenger's Peril, Fortified",娠魂,Paladin,Protection,tank,Nightsong
1823,327.7,307655046,10,Mists of Tirna Scithe,2024-11-17T04:35:38.000Z,1500561,1890999,2,"Xal'atath's Bargain: Ascendant, Tyrannical, Challenger's Peril, Fortified",阿蹦,Mage,Frost,dps,Nightsong
1824,327.7,307744707,10,Mists of Tirna Scithe,2024-11-17T16:09:09.000Z,1500601,1890999,2,"Xal'atath's Bargain: Ascendant, Tyrannical, Challenger's Peril, Fortified",Aristoles,Mage,Arcane,dps,Nightsong
1824,327.7,307744707,10,Mists of Tirna Scithe,2024-11-17T16:09:09.000Z,1500601,1890999,2,"Xal'atath's Bargain: Ascendant, Tyrannical, Challenger's Peril, Fortified",荃灣古天樂,Druid,Guardian,tank,Dragonmaw
1824,327.7,307744707,10,Mists of Tirna Scithe,2024-11-17T16:09:09.000Z,1500601,1890999,2,"Xal'atath's Bargain: Ascendant, Tyrannical, Challenger's Peril, Fortified",Angelia,Druid,Balance,dps,World Tree
1824,327.7,307744707,10,Mists of Tirna Scithe,2024-11-17T16:09:09.000Z,1500601,1890999,2,"Xal'atath's Bargain: Ascendant, Tyrannical, Challenger's Peril, Fortified",Vthre,Hunter,Beast Mastery,dps,Stormscale
1824,327.7,307744707,10,Mists of Tirna Scithe,2024-11-17T16:09:09.000Z,1500601,1890999,2,"Xal'atath's Bargain: Ascendant, Tyrannical, Challenger's Peril, Fortified",霄雲出帷,Paladin,Holy,healer,World Tree
1825,327.7,303222277,10,Mists of Tirna Scithe,2024-10-27T08:36:01.000Z,1500698,1890999,2,"Xal'atath's Bargain: Ascendant, Fortified, Challenger's Peril, Tyrannical",Anon2848D53,Death Knight,Blood,tank,Anonymous
1825,327.7,303222277,10,Mists of Tirna Scithe,2024-10-27T08:36:01.000Z,1500698,1890999,2,"Xal'atath's Bargain: Ascendant, Fortified, Challenger's Peril, Tyrannical",Mone,Rogue,Subtlety,dps,Sundown Marsh
1825,327.7,303222277,10,Mists of Tirna Scithe,2024-10-27T08:36:01.000Z,1500698,1890999,2,"Xal'atath's Bargain: Ascendant, Fortified, Challenger's Peril, Tyrannical",Ravnos,Mage,Frost,dps,Quel'dorei
1825,327.7,303222277,10,Mists of Tirna Scithe,2024-10-27T08:36:01.000Z,1500698,1890999,2,"Xal'atath's Bargain: Ascendant, Fortified, Challenger's Peril, Tyrannical",皮卡邱邱,Shaman,Restoration,healer,Sundown Marsh
1825,327.7,303222277,10,Mists of Tirna Scithe,2024-10-27T08:36:01.000Z,1500698,1890999,2,"Xal'atath's Bargain: Ascendant, Fortified, Challenger's Peril, Tyrannical",飛霄,Hunter,Marksmanship,dps,Arthas
1826,327.7,307338031,10,Mists of Tirna Scithe,2024-11-15T16:52:48.000Z,1500794,1890999,2,"Xal'atath's Bargain: Ascendant, Tyrannical, Challenger's Peril, Fortified",控韓吉,Paladin,Protection,tank,Arthas
1826,327.7,307338031,10,Mists of Tirna Scithe,2024-11-15T16:52:48.000Z,1500794,1890999,2,"Xal'atath's Bargain: Ascendant, Tyrannical, Challenger's Peril, Fortified",銀月天使,Death Knight,Frost,dps,Sundown Marsh
1826,327.7,307338031,10,Mists of Tirna Scithe,2024-11-15T16:52:48.000Z,1500794,1890999,2,"Xal'atath's Bargain: Ascendant, Tyrannical, Challenger's Peril, Fortified",娜塔拉夏,Hunter,Beast Mastery,dps,Shadowmoon
1826,327.7,307338031,10,Mists of Tirna Scithe,2024-11-15T16:52:48.000Z,1500794,1890999,2,"Xal'atath's Bargain: Ascendant, Tyrannical, Challenger's Peril, Fortified",Vanire,Priest,Discipline,healer,Arthas
1826,327.7,307338031,10,Mists of Tirna Scithe,2024-11-15T16:52:48.000Z,1500794,1890999,2,"Xal'atath's Bargain: Ascendant, Tyrannical, Challenger's Peril, Fortified",Samho,Rogue,Assassination,dps,Arthas
1827,327.7,307929948,10,Mists of Tirna Scithe,2024-11-18T16:59:41.000Z,1500800,1890999,2,"Xal'atath's Bargain: Ascendant, Tyrannical, Challenger's Peril, Fortified",山岳,Warrior,Protection,tank,Bleeding Hollow
1827,327.7,307929948,10,Mists of Tirna Scithe,2024-11-18T16:59:41.000Z,1500800,1890999,2,"Xal'atath's Bargain: Ascendant, Tyrannical, Challenger's Peril, Fortified",牛形榮譽點數,Druid,Restoration,healer,Bleeding Hollow
1827,327.7,307929948,10,Mists of Tirna Scithe,2024-11-18T16:59:41.000Z,1500800,1890999,2,"Xal'atath's Bargain: Ascendant, Tyrannical, Challenger's Peril, Fortified",Jismy,Shaman,Enhancement,dps,Quel'dorei
1827,327.7,307929948,10,Mists of Tirna Scithe,2024-11-18T16:59:41.000Z,1500800,1890999,2,"Xal'atath's Bargain: Ascendant, Tyrannical, Challenger's Peril, Fortified",Acguy,Rogue,Assassination,dps,Shadowmoon
1827,327.7,307929948,10,Mists of Tirna Scithe,2024-11-18T16:59:41.000Z,1500800,1890999,2,"Xal'atath's Bargain: Ascendant, Tyrannical, Challenger's Peril, Fortified",神曲,Shaman,Elemental,dps,Bleeding Hollow
1828,327.7,307681419,10,Mists of Tirna Scithe,2024-11-17T04:30:19.000Z,1501085,1890999,2,"Xal'atath's Bargain: Ascendant, Tyrannical, Challenger's Peril, Fortified",已經吃不下了,Priest,Shadow,dps,Arthas
1828,327.7,307681419,10,Mists of Tirna Scithe,2024-11-17T04:30:19.000Z,1501085,1890999,2,"Xal'atath's Bargain: Ascendant, Tyrannical, Challenger's Peril, Fortified",糖果批發商,Warlock,Destruction,dps,Quel'dorei
1828,327.7,307681419,10,Mists of Tirna Scithe,2024-11-17T04:30:19.000Z,1501085,1890999,2,"Xal'atath's Bargain: Ascendant, Tyrannical, Challenger's Peril, Fortified",你打吾撚到我,Demon Hunter,Vengeance,tank,Sundown Marsh
1828,327.7,307681419,10,Mists of Tirna Scithe,2024-11-17T04:30:19.000Z,1501085,1890999,2,"Xal'atath's Bargain: Ascendant, Tyrannical, Challenger's Peril, Fortified",綠葉熊君,Hunter,Survival,dps,Quel'dorei
1828,327.7,307681419,10,Mists of Tirna Scithe,2024-11-17T04:30:19.000Z,1501085,1890999,2,"Xal'atath's Bargain: Ascendant, Tyrannical, Challenger's Peril, Fortified",幻羽琉璃-231208423,Druid,Restoration,healer,Sundown Marsh
1829,327.7,303849084,10,Mists of Tirna Scithe,2024-10-30T14:23:35.000Z,1501447,1890999,2,"Xal'atath's Bargain: Ascendant, Fortified, Challenger's Peril, Tyrannical",獨語秋楓,Paladin,Retribution,dps,Light's Hope
1829,327.7,303849084,10,Mists of Tirna Scithe,2024-10-30T14:23:35.000Z,1501447,1890999,2,"Xal'atath's Bargain: Ascendant, Fortified, Challenger's Peril, Tyrannical",紅龍女,Shaman,Elemental,dps,Shadowmoon
1829,327.7,303849084,10,Mists of Tirna Scithe,2024-10-30T14:23:35.000Z,1501447,1890999,2,"Xal'atath's Bargain: Ascendant, Fortified, Challenger's Peril, Tyrannical",宣璇舞,Shaman,Restoration,healer,Light's Hope
1829,327.7,303849084,10,Mists of Tirna Scithe,2024-10-30T14:23:35.000Z,1501447,1890999,2,"Xal'atath's Bargain: Ascendant, Fortified, Challenger's Peril, Tyrannical",逃亡中,Druid,Guardian,tank,Light's Hope
1829,327.7,303849084,10,Mists of Tirna Scithe,2024-10-30T14:23:35.000Z,1501447,1890999,2,"Xal'atath's Bargain: Ascendant, Fortified, Challenger's Peril, Tyrannical",胖塔,Warlock,Destruction,dps,Skywall
1830,327.7,303865221,10,Mists of Tirna Scithe,2024-10-30T14:03:31.000Z,1501505,1890999,2,"Xal'atath's Bargain: Ascendant, Fortified, Challenger's Peril, Tyrannical",Nefafa,Mage,Arcane,dps,Quel'dorei
1830,327.7,303865221,10,Mists of Tirna Scithe,2024-10-30T14:03:31.000Z,1501505,1890999,2,"Xal'atath's Bargain: Ascendant, Fortified, Challenger's Peril, Tyrannical",不能摸的咪咪,Druid,Balance,dps,Arthas
1830,327.7,303865221,10,Mists of Tirna Scithe,2024-10-30T14:03:31.000Z,1501505,1890999,2,"Xal'atath's Bargain: Ascendant, Fortified, Challenger's Peril, Tyrannical",Tchaikovsky,Priest,Discipline,healer,Skywall
1830,327.7,303865221,10,Mists of Tirna Scithe,2024-10-30T14:03:31.000Z,1501505,1890999,2,"Xal'atath's Bargain: Ascendant, Fortified, Challenger's Peril, Tyrannical",佳絲祈婷,Warrior,Protection,tank,Quel'dorei
1830,327.7,303865221,10,Mists of Tirna Scithe,2024-10-30T14:03:31.000Z,1501505,1890999,2,"Xal'atath's Bargain: Ascendant, Fortified, Challenger's Peril, Tyrannical",阿爾霏亞,Mage,Frost,dps,Shadowmoon
1831,327.7,303206164,10,Mists of Tirna Scithe,2024-10-27T14:44:40.000Z,1501713,1890999,2,"Xal'atath's Bargain: Ascendant, Fortified, Challenger's Peril, Tyrannical",奈飛天,Hunter,Beast Mastery,dps,Crystalpine Stinger
1831,327.7,303206164,10,Mists of Tirna Scithe,2024-10-27T14:44:40.000Z,1501713,1890999,2,"Xal'atath's Bargain: Ascendant, Fortified, Challenger's Peril, Tyrannical",真南宮恨,Druid,Balance,dps,Demon Fall Canyon
1831,327.7,303206164,10,Mists of Tirna Scithe,2024-10-27T14:44:40.000Z,1501713,1890999,2,"Xal'atath's Bargain: Ascendant, Fortified, Challenger's Peril, Tyrannical",楊二,Paladin,Retribution,dps,Quel'dorei
1831,327.7,303206164,10,Mists of Tirna Scithe,2024-10-27T14:44:40.000Z,1501713,1890999,2,"Xal'atath's Bargain: Ascendant, Fortified, Challenger's Peril, Tyrannical",花花慕慕,Shaman,Restoration,healer,Demon Fall Canyon
1831,327.7,303206164,10,Mists of Tirna Scithe,2024-10-27T14:44:40.000Z,1501713,1890999,2,"Xal'atath's Bargain: Ascendant, Fortified, Challenger's Peril, Tyrannical",吸濕大笨象,Druid,Guardian,tank,Shadowmoon
1832,327.7,193934956,10,Mists of Tirna Scithe,2024-11-19T15:56:51.000Z,1501863,1890999,2,"Xal'atath's Bargain: Ascendant, Tyrannical, Challenger's Peril, Fortified",九條美琴,Priest,Discipline,healer,Frostmane
1832,327.7,193934956,10,Mists of Tirna Scithe,2024-11-19T15:56:51.000Z,1501863,1890999,2,"Xal'atath's Bargain: Ascendant, Tyrannical, Challenger's Peril, Fortified",Doomdark,Death Knight,Blood,tank,Frostmane
1832,327.7,193934956,10,Mists of Tirna Scithe,2024-11-19T15:56:51.000Z,1501863,1890999,2,"Xal'atath's Bargain: Ascendant, Tyrannical, Challenger's Peril, Fortified",白羽拉菲爾,Warlock,Destruction,dps,Frostmane
1832,327.7,193934956,10,Mists of Tirna Scithe,2024-11-19T15:56:51.000Z,1501863,1890999,2,"Xal'atath's Bargain: Ascendant, Tyrannical, Challenger's Peril, Fortified",殺手刈包,Evoker,Augmentation,dps,Frostmane
1832,327.7,193934956,10,Mists of Tirna Scithe,2024-11-19T15:56:51.000Z,1501863,1890999,2,"Xal'atath's Bargain: Ascendant, Tyrannical, Challenger's Peril, Fortified",肥老虎法,Mage,Frost,dps,Frostmane
1833,327.7,307679556,10,Mists of Tirna Scithe,2024-11-17T08:53:29.000Z,1502010,1890999,2,"Xal'atath's Bargain: Ascendant, Tyrannical, Challenger's Peril, Fortified",蒼涼的旋律,Mage,Frost,dps,Menethil
1833,327.7,307679556,10,Mists of Tirna Scithe,2024-11-17T08:53:29.000Z,1502010,1890999,2,"Xal'atath's Bargain: Ascendant, Tyrannical, Challenger's Peril, Fortified",毒乂藥,Paladin,Retribution,dps,Silverwing Hold
1833,327.7,307679556,10,Mists of Tirna Scithe,2024-11-17T08:53:29.000Z,1502010,1890999,2,"Xal'atath's Bargain: Ascendant, Tyrannical, Challenger's Peril, Fortified",衝鋒二世,Shaman,Restoration,healer,Nightsong
1833,327.7,307679556,10,Mists of Tirna Scithe,2024-11-17T08:53:29.000Z,1502010,1890999,2,"Xal'atath's Bargain: Ascendant, Tyrannical, Challenger's Peril, Fortified",你老婆好胸,Shaman,Enhancement,dps,Menethil
1833,327.7,307679556,10,Mists of Tirna Scithe,2024-11-17T08:53:29.000Z,1502010,1890999,2,"Xal'atath's Bargain: Ascendant, Tyrannical, Challenger's Peril, Fortified",哈咩哈,Paladin,Protection,tank,Nightsong
1834,327.7,302698571,10,Mists of Tirna Scithe,2024-10-25T18:17:36.000Z,1502155,1890999,2,"Xal'atath's Bargain: Ascendant, Fortified, Challenger's Peril, Tyrannical",貧血患者,Death Knight,Frost,dps,Quel'dorei
1834,327.7,302698571,10,Mists of Tirna Scithe,2024-10-25T18:17:36.000Z,1502155,1890999,2,"Xal'atath's Bargain: Ascendant, Fortified, Challenger's Peril, Tyrannical",我給忘了,Paladin,Retribution,dps,Arthas
1834,327.7,302698571,10,Mists of Tirna Scithe,2024-10-25T18:17:36.000Z,1502155,1890999,2,"Xal'atath's Bargain: Ascendant, Fortified, Challenger's Peril, Tyrannical",Vcd,Warrior,Protection,tank,Zealot Blade
1834,327.7,302698571,10,Mists of Tirna Scithe,2024-10-25T18:17:36.000Z,1502155,1890999,2,"Xal'atath's Bargain: Ascendant, Fortified, Challenger's Peril, Tyrannical",起秋老祖,Shaman,Restoration,healer,Wrathbringer
1834,327.7,302698571,10,Mists of Tirna Scithe,2024-10-25T18:17:36.000Z,1502155,1890999,2,"Xal'atath's Bargain: Ascendant, Fortified, Challenger's Peril, Tyrannical",嗚吼嗚吼吼,Warlock,Demonology,dps,Arthas
1835,327.7,307908824,10,Mists of Tirna Scithe,2024-11-18T13:57:00.000Z,1502253,1890999,2,"Xal'atath's Bargain: Ascendant, Tyrannical, Challenger's Peril, Fortified",Estop,Priest,Shadow,dps,Zealot Blade
1835,327.7,307908824,10,Mists of Tirna Scithe,2024-11-18T13:57:00.000Z,1502253,1890999,2,"Xal'atath's Bargain: Ascendant, Tyrannical, Challenger's Peril, Fortified",狂戰者,Warrior,Fury,dps,Crystalpine Stinger
1835,327.7,307908824,10,Mists of Tirna Scithe,2024-11-18T13:57:00.000Z,1502253,1890999,2,"Xal'atath's Bargain: Ascendant, Tyrannical, Challenger's Peril, Fortified",丶臥龍丶,Death Knight,Blood,tank,Crystalpine Stinger
1835,327.7,307908824,10,Mists of Tirna Scithe,2024-11-18T13:57:00.000Z,1502253,1890999,2,"Xal'atath's Bargain: Ascendant, Tyrannical, Challenger's Peril, Fortified",咬人貓,Evoker,Preservation,healer,Sundown Marsh
1835,327.7,307908824,10,Mists of Tirna Scithe,2024-11-18T13:57:00.000Z,1502253,1890999,2,"Xal'atath's Bargain: Ascendant, Tyrannical, Challenger's Peril, Fortified",倒行逆施,Mage,Frost,dps,Wrathbringer
1836,327.7,302860410,10,Mists of Tirna Scithe,2024-10-26T06:36:02.000Z,1502333,1890999,2,"Xal'atath's Bargain: Ascendant, Fortified, Challenger's Peril, Tyrannical",Tfse,Mage,Frost,dps,World Tree
1836,327.7,302860410,10,Mists of Tirna Scithe,2024-10-26T06:36:02.000Z,1502333,1890999,2,"Xal'atath's Bargain: Ascendant, Fortified, Challenger's Peril, Tyrannical",綠色的鼻涕,Warlock,Destruction,dps,Sundown Marsh
1836,327.7,302860410,10,Mists of Tirna Scithe,2024-10-26T06:36:02.000Z,1502333,1890999,2,"Xal'atath's Bargain: Ascendant, Fortified, Challenger's Peril, Tyrannical",保麗龍,Evoker,Augmentation,dps,Stormscale
1836,327.7,302860410,10,Mists of Tirna Scithe,2024-10-26T06:36:02.000Z,1502333,1890999,2,"Xal'atath's Bargain: Ascendant, Fortified, Challenger's Peril, Tyrannical",星辰海魔,Druid,Guardian,tank,Dragonmaw
1836,327.7,302860410,10,Mists of Tirna Scithe,2024-10-26T06:36:02.000Z,1502333,1890999,2,"Xal'atath's Bargain: Ascendant, Fortified, Challenger's Peril, Tyrannical",找蟹大叔,Shaman,Restoration,healer,Wrathbringer
1837,327.7,303842988,10,Mists of Tirna Scithe,2024-10-29T15:36:35.000Z,1502913,1890999,2,"Xal'atath's Bargain: Ascendant, Fortified, Challenger's Peril, Tyrannical",人參勝利組,Shaman,Restoration,healer,Arthas
1837,327.7,303842988,10,Mists of Tirna Scithe,2024-10-29T15:36:35.000Z,1502913,1890999,2,"Xal'atath's Bargain: Ascendant, Fortified, Challenger's Peril, Tyrannical",Koconut,Death Knight,Blood,tank,Arthas
1837,327.7,303842988,10,Mists of Tirna Scithe,2024-10-29T15:36:35.000Z,1502913,1890999,2,"Xal'atath's Bargain: Ascendant, Fortified, Challenger's Peril, Tyrannical",只差億點點,Demon Hunter,Havoc,dps,Crystalpine Stinger
1837,327.7,303842988,10,Mists of Tirna Scithe,2024-10-29T15:36:35.000Z,1502913,1890999,2,"Xal'atath's Bargain: Ascendant, Fortified, Challenger's Peril, Tyrannical",Ginades,Mage,Arcane,dps,Arthas
1837,327.7,303842988,10,Mists of Tirna Scithe,2024-10-29T15:36:35.000Z,1502913,1890999,2,"Xal'atath's Bargain: Ascendant, Fortified, Challenger's Peril, Tyrannical",Zivos,Death Knight,Unholy,dps,Crystalpine Stinger
1838,327.7,303118658,10,Mists of Tirna Scithe,2024-10-27T03:05:20.000Z,1502957,1890999,2,"Xal'atath's Bargain: Ascendant, Fortified, Challenger's Peril, Tyrannical",絕望闇夜,Mage,Frost,dps,Icecrown
1838,327.7,303118658,10,Mists of Tirna Scithe,2024-10-27T03:05:20.000Z,1502957,1890999,2,"Xal'atath's Bargain: Ascendant, Fortified, Challenger's Peril, Tyrannical",我牛,Paladin,Retribution,dps,Whisperwind
1838,327.7,303118658,10,Mists of Tirna Scithe,2024-10-27T03:05:20.000Z,1502957,1890999,2,"Xal'atath's Bargain: Ascendant, Fortified, Challenger's Peril, Tyrannical",吹牛大王,Warrior,Protection,tank,Quel'dorei
1838,327.7,303118658,10,Mists of Tirna Scithe,2024-10-27T03:05:20.000Z,1502957,1890999,2,"Xal'atath's Bargain: Ascendant, Fortified, Challenger's Peril, Tyrannical",啥小啦,Druid,Balance,dps,Wrathbringer
1838,327.7,303118658,10,Mists of Tirna Scithe,2024-10-27T03:05:20.000Z,1502957,1890999,2,"Xal'atath's Bargain: Ascendant, Fortified, Challenger's Peril, Tyrannical",肝痛為神裝,Shaman,Restoration,healer,Shadowmoon
1839,327.7,308300558,10,Mists of Tirna Scithe,2024-11-20T16:18:00.000Z,1502981,1890999,2,"Xal'atath's Bargain: Ascendant, Tyrannical, Challenger's Peril, Fortified",Aurphie,Priest,Holy,healer,Demon Fall Canyon
1839,327.7,308300558,10,Mists of Tirna Scithe,2024-11-20T16:18:00.000Z,1502981,1890999,2,"Xal'atath's Bargain: Ascendant, Tyrannical, Challenger's Peril, Fortified",小綿羊衝衝,Shaman,Elemental,dps,Sundown Marsh
1839,327.7,308300558,10,Mists of Tirna Scithe,2024-11-20T16:18:00.000Z,1502981,1890999,2,"Xal'atath's Bargain: Ascendant, Tyrannical, Challenger's Peril, Fortified",布丁死騎,Death Knight,Frost,dps,Sundown Marsh
1839,327.7,308300558,10,Mists of Tirna Scithe,2024-11-20T16:18:00.000Z,1502981,1890999,2,"Xal'atath's Bargain: Ascendant, Tyrannical, Challenger's Peril, Fortified",海鱺,Paladin,Protection,tank,Skywall
1839,327.7,308300558,10,Mists of Tirna Scithe,2024-11-20T16:18:00.000Z,1502981,1890999,2,"Xal'atath's Bargain: Ascendant, Tyrannical, Challenger's Peril, Fortified",博衣小夜璃,Paladin,Retribution,dps,Shadowmoon
1840,327.7,303183313,10,Mists of Tirna Scithe,2024-10-27T13:30:51.000Z,1503001,1890999,2,"Xal'atath's Bargain: Ascendant, Fortified, Challenger's Peril, Tyrannical",Anon365210F,Hunter,Survival,dps,Anonymous
1840,327.7,303183313,10,Mists of Tirna Scithe,2024-10-27T13:30:51.000Z,1503001,1890999,2,"Xal'atath's Bargain: Ascendant, Fortified, Challenger's Peril, Tyrannical",姜太公,Paladin,Protection,tank,Icecrown
1840,327.7,303183313,10,Mists of Tirna Scithe,2024-10-27T13:30:51.000Z,1503001,1890999,2,"Xal'atath's Bargain: Ascendant, Fortified, Challenger's Peril, Tyrannical",AnonBBD90BB,Shaman,Elemental,dps,Anonymous
1840,327.7,303183313,10,Mists of Tirna Scithe,2024-10-27T13:30:51.000Z,1503001,1890999,2,"Xal'atath's Bargain: Ascendant, Fortified, Challenger's Peril, Tyrannical",甘達爾夫,Warrior,Arms,dps,Wrathbringer
1840,327.7,303183313,10,Mists of Tirna Scithe,2024-10-27T13:30:51.000Z,1503001,1890999,2,"Xal'atath's Bargain: Ascendant, Fortified, Challenger's Peril, Tyrannical",綾野夏樹,Priest,Discipline,healer,Nightsong
1841,327.7,303197975,10,Mists of Tirna Scithe,2024-10-27T15:05:18.000Z,1503057,1890999,2,"Xal'atath's Bargain: Ascendant, Fortified, Challenger's Peril, Tyrannical",靈活的扭動,Death Knight,Blood,tank,Zealot Blade
1841,327.7,303197975,10,Mists of Tirna Scithe,2024-10-27T15:05:18.000Z,1503057,1890999,2,"Xal'atath's Bargain: Ascendant, Fortified, Challenger's Peril, Tyrannical",吉它手,Shaman,Restoration,healer,Zealot Blade
1841,327.7,303197975,10,Mists of Tirna Scithe,2024-10-27T15:05:18.000Z,1503057,1890999,2,"Xal'atath's Bargain: Ascendant, Fortified, Challenger's Peril, Tyrannical",海南阿牧,Priest,Shadow,dps,Zealot Blade
1841,327.7,303197975,10,Mists of Tirna Scithe,2024-10-27T15:05:18.000Z,1503057,1890999,2,"Xal'atath's Bargain: Ascendant, Fortified, Challenger's Peril, Tyrannical",武士淋巴巴,Shaman,Enhancement,dps,Icecrown
1841,327.7,303197975,10,Mists of Tirna Scithe,2024-10-27T15:05:18.000Z,1503057,1890999,2,"Xal'atath's Bargain: Ascendant, Fortified, Challenger's Peril, Tyrannical",初雪時晴,Hunter,Marksmanship,dps,Whisperwind
1842,327.7,307733111,10,Mists of Tirna Scithe,2024-11-17T15:00:57.000Z,1503189,1890999,2,"Xal'atath's Bargain: Ascendant, Tyrannical, Challenger's Peril, Fortified",蓋亞克洛諾斯,Shaman,Restoration,healer,Crystalpine Stinger
1842,327.7,307733111,10,Mists of Tirna Scithe,2024-11-17T15:00:57.000Z,1503189,1890999,2,"Xal'atath's Bargain: Ascendant, Tyrannical, Challenger's Peril, Fortified",飄零之雪,Death Knight,Blood,tank,Shadowmoon
1842,327.7,307733111,10,Mists of Tirna Scithe,2024-11-17T15:00:57.000Z,1503189,1890999,2,"Xal'atath's Bargain: Ascendant, Tyrannical, Challenger's Peril, Fortified",死亡之戀,Hunter,Marksmanship,dps,Crystalpine Stinger
1842,327.7,307733111,10,Mists of Tirna Scithe,2024-11-17T15:00:57.000Z,1503189,1890999,2,"Xal'atath's Bargain: Ascendant, Tyrannical, Challenger's Peril, Fortified",黎陌,Paladin,Retribution,dps,Arygos
1842,327.7,307733111,10,Mists of Tirna Scithe,2024-11-17T15:00:57.000Z,1503189,1890999,2,"Xal'atath's Bargain: Ascendant, Tyrannical, Challenger's Peril, Fortified",真紅眼火龍,Warrior,Fury,dps,Arygos
1843,327.7,303442376,10,Mists of Tirna Scithe,2024-10-28T16:51:56.000Z,1503421,1890999,2,"Xal'atath's Bargain: Ascendant, Fortified, Challenger's Peril, Tyrannical",聖光雜卒,Paladin,Retribution,dps,Light's Hope
1843,327.7,303442376,10,Mists of Tirna Scithe,2024-10-28T16:51:56.000Z,1503421,1890999,2,"Xal'atath's Bargain: Ascendant, Fortified, Challenger's Peril, Tyrannical",樹界降臨,Druid,Restoration,healer,Skywall
1843,327.7,303442376,10,Mists of Tirna Scithe,2024-10-28T16:51:56.000Z,1503421,1890999,2,"Xal'atath's Bargain: Ascendant, Fortified, Challenger's Peril, Tyrannical",花生大叔,Priest,Shadow,dps,Whisperwind
1843,327.7,303442376,10,Mists of Tirna Scithe,2024-10-28T16:51:56.000Z,1503421,1890999,2,"Xal'atath's Bargain: Ascendant, Fortified, Challenger's Peril, Tyrannical",夜下細雨,Death Knight,Blood,tank,Shadowmoon
1843,327.7,303442376,10,Mists of Tirna Scithe,2024-10-28T16:51:56.000Z,1503421,1890999,2,"Xal'atath's Bargain: Ascendant, Fortified, Challenger's Peril, Tyrannical",莫煞煞,Shaman,Elemental,dps,Chillwind Point
1844,327.7,308287928,10,Mists of Tirna Scithe,2024-11-20T15:07:11.000Z,1503617,1890999,2,"Xal'atath's Bargain: Ascendant, Tyrannical, Challenger's Peril, Fortified",亞由亞由,Priest,Discipline,healer,Chillwind Point
1844,327.7,308287928,10,Mists of Tirna Scithe,2024-11-20T15:07:11.000Z,1503617,1890999,2,"Xal'atath's Bargain: Ascendant, Tyrannical, Challenger's Peril, Fortified",博叔丶,Warrior,Fury,dps,Icecrown
1844,327.7,308287928,10,Mists of Tirna Scithe,2024-11-20T15:07:11.000Z,1503617,1890999,2,"Xal'atath's Bargain: Ascendant, Tyrannical, Challenger's Peril, Fortified",我好興奮呀,Hunter,Survival,dps,Icecrown
1844,327.7,308287928,10,Mists of Tirna Scithe,2024-11-20T15:07:11.000Z,1503617,1890999,2,"Xal'atath's Bargain: Ascendant, Tyrannical, Challenger's Peril, Fortified",拜因斐倫丁,Paladin,Protection,tank,Icecrown
1844,327.7,308287928,10,Mists of Tirna Scithe,2024-11-20T15:07:11.000Z,1503617,1890999,2,"Xal'atath's Bargain: Ascendant, Tyrannical, Challenger's Peril, Fortified",吸毒人生,Warlock,Demonology,dps,Icecrown
1845,327.7,302976406,10,Mists of Tirna Scithe,2024-10-26T17:30:30.000Z,1503672,1890999,2,"Xal'atath's Bargain: Ascendant, Fortified, Challenger's Peril, Tyrannical",三千雷動,Shaman,Restoration,healer,Whisperwind
1845,327.7,302976406,10,Mists of Tirna Scithe,2024-10-26T17:30:30.000Z,1503672,1890999,2,"Xal'atath's Bargain: Ascendant, Fortified, Challenger's Peril, Tyrannical",圖坦卡門,Demon Hunter,Vengeance,tank,Whisperwind
1845,327.7,302976406,10,Mists of Tirna Scithe,2024-10-26T17:30:30.000Z,1503672,1890999,2,"Xal'atath's Bargain: Ascendant, Fortified, Challenger's Peril, Tyrannical",細蚊子,Monk,Windwalker,dps,Shadowmoon
1845,327.7,302976406,10,Mists of Tirna Scithe,2024-10-26T17:30:30.000Z,1503672,1890999,2,"Xal'atath's Bargain: Ascendant, Fortified, Challenger's Peril, Tyrannical",未知術,Warlock,Destruction,dps,Whisperwind
1845,327.7,302976406,10,Mists of Tirna Scithe,2024-10-26T17:30:30.000Z,1503672,1890999,2,"Xal'atath's Bargain: Ascendant, Fortified, Challenger's Peril, Tyrannical",紀友,Rogue,Assassination,dps,Shadowmoon
1846,327.7,308276179,10,Mists of Tirna Scithe,2024-11-20T13:35:30.000Z,1504595,1890999,2,"Xal'atath's Bargain: Ascendant, Tyrannical, Challenger's Peril, Fortified",Amazora,Hunter,Survival,dps,Light's Hope
1846,327.7,308276179,10,Mists of Tirna Scithe,2024-11-20T13:35:30.000Z,1504595,1890999,2,"Xal'atath's Bargain: Ascendant, Tyrannical, Challenger's Peril, Fortified",小蛋塔,Hunter,Beast Mastery,dps,Light's Hope
1846,327.7,308276179,10,Mists of Tirna Scithe,2024-11-20T13:35:30.000Z,1504595,1890999,2,"Xal'atath's Bargain: Ascendant, Tyrannical, Challenger's Peril, Fortified",Kahimi,Shaman,Restoration,healer,Shadowmoon
1846,327.7,308276179,10,Mists of Tirna Scithe,2024-11-20T13:35:30.000Z,1504595,1890999,2,"Xal'atath's Bargain: Ascendant, Tyrannical, Challenger's Peril, Fortified",有顆芭樂,Paladin,Retribution,dps,Shadowmoon
1846,327.7,308276179,10,Mists of Tirna Scithe,2024-11-20T13:35:30.000Z,1504595,1890999,2,"Xal'atath's Bargain: Ascendant, Tyrannical, Challenger's Peril, Fortified",軟硬兼施,Monk,Brewmaster,tank,Quel'dorei
1847,327.7,308283288,10,Mists of Tirna Scithe,2024-11-20T14:39:19.000Z,1504687,1890999,2,"Xal'atath's Bargain: Ascendant, Tyrannical, Challenger's Peril, Fortified",大河大,Paladin,Protection,tank,World Tree
1847,327.7,308283288,10,Mists of Tirna Scithe,2024-11-20T14:39:19.000Z,1504687,1890999,2,"Xal'atath's Bargain: Ascendant, Tyrannical, Challenger's Peril, Fortified",莿桐鹿鹿,Evoker,Augmentation,dps,Skywall
1847,327.7,308283288,10,Mists of Tirna Scithe,2024-11-20T14:39:19.000Z,1504687,1890999,2,"Xal'atath's Bargain: Ascendant, Tyrannical, Challenger's Peril, Fortified",Malinois,Hunter,Survival,dps,Dragonmaw
1847,327.7,308283288,10,Mists of Tirna Scithe,2024-11-20T14:39:19.000Z,1504687,1890999,2,"Xal'atath's Bargain: Ascendant, Tyrannical, Challenger's Peril, Fortified",唬爛浣熊,Shaman,Restoration,healer,Skywall
1847,327.7,308283288,10,Mists of Tirna Scithe,2024-11-20T14:39:19.000Z,1504687,1890999,2,"Xal'atath's Bargain: Ascendant, Tyrannical, Challenger's Peril, Fortified",馬鈴薯燉草莓,Warlock,Destruction,dps,Crystalpine Stinger
1848,327.7,303117959,10,Mists of Tirna Scithe,2024-10-27T04:12:01.000Z,1504692,1890999,2,"Xal'atath's Bargain: Ascendant, Fortified, Challenger's Peril, Tyrannical",火痕,Paladin,Retribution,dps,Arthas
1848,327.7,303117959,10,Mists of Tirna Scithe,2024-10-27T04:12:01.000Z,1504692,1890999,2,"Xal'atath's Bargain: Ascendant, Fortified, Challenger's Peril, Tyrannical",百步鳩谷,Demon Hunter,Havoc,dps,Light's Hope
1848,327.7,303117959,10,Mists of Tirna Scithe,2024-10-27T04:12:01.000Z,1504692,1890999,2,"Xal'atath's Bargain: Ascendant, Fortified, Challenger's Peril, Tyrannical",無求易決,Paladin,Protection,tank,Icecrown
1848,327.7,303117959,10,Mists of Tirna Scithe,2024-10-27T04:12:01.000Z,1504692,1890999,2,"Xal'atath's Bargain: Ascendant, Fortified, Challenger's Peril, Tyrannical",阿人,Mage,Frost,dps,Sundown Marsh
1848,327.7,303117959,10,Mists of Tirna Scithe,2024-10-27T04:12:01.000Z,1504692,1890999,2,"Xal'atath's Bargain: Ascendant, Fortified, Challenger's Peril, Tyrannical",黎雪嵐,Shaman,Restoration,healer,Nightsong
1849,327.7,294474042,10,Mists of Tirna Scithe,2024-09-23T10:08:36.000Z,1505146,1890999,2,"Xal'atath's Bargain: Ascendant, Tyrannical, Challenger's Peril, Fortified",Anon365210F,Hunter,Survival,dps,Anonymous
1849,327.7,294474042,10,Mists of Tirna Scithe,2024-09-23T10:08:36.000Z,1505146,1890999,2,"Xal'atath's Bargain: Ascendant, Tyrannical, Challenger's Peril, Fortified",Angeralastor,Demon Hunter,Vengeance,tank,Icecrown
1849,327.7,294474042,10,Mists of Tirna Scithe,2024-09-23T10:08:36.000Z,1505146,1890999,2,"Xal'atath's Bargain: Ascendant, Tyrannical, Challenger's Peril, Fortified",風不決-217783490,Warrior,Fury,dps,Bleeding Hollow
1849,327.7,294474042,10,Mists of Tirna Scithe,2024-09-23T10:08:36.000Z,1505146,1890999,2,"Xal'atath's Bargain: Ascendant, Tyrannical, Challenger's Peril, Fortified",綾野夏澍,Shaman,Restoration,healer,Nightsong
1849,327.7,294474042,10,Mists of Tirna Scithe,2024-09-23T10:08:36.000Z,1505146,1890999,2,"Xal'atath's Bargain: Ascendant, Tyrannical, Challenger's Peril, Fortified",跑跑先不要,Warlock,Demonology,dps,Bleeding Hollow
1850,327.7,303672889,10,Mists of Tirna Scithe,2024-10-29T18:06:19.000Z,1505222,1890999,2,"Xal'atath's Bargain: Ascendant, Fortified, Challenger's Peril, Tyrannical",維拉里安,Hunter,Survival,dps,Nightsong
1850,327.7,303672889,10,Mists of Tirna Scithe,2024-10-29T18:06:19.000Z,1505222,1890999,2,"Xal'atath's Bargain: Ascendant, Fortified, Challenger's Peril, Tyrannical",非神手,Warlock,Demonology,dps,Bleeding Hollow
1850,327.7,303672889,10,Mists of Tirna Scithe,2024-10-29T18:06:19.000Z,1505222,1890999,2,"Xal'atath's Bargain: Ascendant, Fortified, Challenger's Peril, Tyrannical",Seita,Paladin,Protection,tank,Arygos
1850,327.7,303672889,10,Mists of Tirna Scithe,2024-10-29T18:06:19.000Z,1505222,1890999,2,"Xal'atath's Bargain: Ascendant, Fortified, Challenger's Peril, Tyrannical",綠茶多昐,Priest,Holy,healer,Spirestone
1850,327.7,303672889,10,Mists of Tirna Scithe,2024-10-29T18:06:19.000Z,1505222,1890999,2,"Xal'atath's Bargain: Ascendant, Fortified, Challenger's Peril, Tyrannical",Ymage,Mage,Frost,dps,Spirestone
1851,327.6,307715829,10,Mists of Tirna Scithe,2024-11-17T12:13:57.000Z,1505371,1890999,2,"Xal'atath's Bargain: Ascendant, Tyrannical, Challenger's Peril, Fortified",打臉騎士,Paladin,Retribution,dps,Wrathbringer
1851,327.6,307715829,10,Mists of Tirna Scithe,2024-11-17T12:13:57.000Z,1505371,1890999,2,"Xal'atath's Bargain: Ascendant, Tyrannical, Challenger's Peril, Fortified",魔炎,Warlock,Affliction,dps,Arygos
1851,327.6,307715829,10,Mists of Tirna Scithe,2024-11-17T12:13:57.000Z,1505371,1890999,2,"Xal'atath's Bargain: Ascendant, Tyrannical, Challenger's Peril, Fortified",銀羽飛飛,Warrior,Protection,tank,Wrathbringer
1851,327.6,307715829,10,Mists of Tirna Scithe,2024-11-17T12:13:57.000Z,1505371,1890999,2,"Xal'atath's Bargain: Ascendant, Tyrannical, Challenger's Peril, Fortified",超級小黑咪,Hunter,Survival,dps,Icecrown
1851,327.6,307715829,10,Mists of Tirna Scithe,2024-11-17T12:13:57.000Z,1505371,1890999,2,"Xal'atath's Bargain: Ascendant, Tyrannical, Challenger's Peril, Fortified",Anon726105D,Priest,Holy,healer,Anonymous
1852,327.6,307707970,10,Mists of Tirna Scithe,2024-11-17T12:59:58.000Z,1505559,1890999,2,"Xal'atath's Bargain: Ascendant, Tyrannical, Challenger's Peril, Fortified",丁千千,Shaman,Restoration,healer,Quel'dorei
1852,327.6,307707970,10,Mists of Tirna Scithe,2024-11-17T12:59:58.000Z,1505559,1890999,2,"Xal'atath's Bargain: Ascendant, Tyrannical, Challenger's Peril, Fortified",只是為了,Priest,Shadow,dps,Shadowmoon
1852,327.6,307707970,10,Mists of Tirna Scithe,2024-11-17T12:59:58.000Z,1505559,1890999,2,"Xal'atath's Bargain: Ascendant, Tyrannical, Challenger's Peril, Fortified",德不嚐濕,Druid,Guardian,tank,Chillwind Point
1852,327.6,307707970,10,Mists of Tirna Scithe,2024-11-17T12:59:58.000Z,1505559,1890999,2,"Xal'atath's Bargain: Ascendant, Tyrannical, Challenger's Peril, Fortified",浪子燕青,Priest,Shadow,dps,Shadowmoon
1852,327.6,307707970,10,Mists of Tirna Scithe,2024-11-17T12:59:58.000Z,1505559,1890999,2,"Xal'atath's Bargain: Ascendant, Tyrannical, Challenger's Peril, Fortified",苦命阿勞,Shaman,Enhancement,dps,Quel'dorei
1853,327.6,308376057,10,Mists of Tirna Scithe,2024-11-20T17:09:27.000Z,1505938,1890999,2,"Xal'atath's Bargain: Ascendant, Tyrannical, Challenger's Peril, Fortified",小鬼神,Warrior,Protection,tank,Shadowmoon
1853,327.6,308376057,10,Mists of Tirna Scithe,2024-11-20T17:09:27.000Z,1505938,1890999,2,"Xal'atath's Bargain: Ascendant, Tyrannical, Challenger's Peril, Fortified",聖伊塔,Priest,Holy,healer,Arygos
1853,327.6,308376057,10,Mists of Tirna Scithe,2024-11-20T17:09:27.000Z,1505938,1890999,2,"Xal'atath's Bargain: Ascendant, Tyrannical, Challenger's Peril, Fortified",安杜因,Paladin,Retribution,dps,World Tree
1853,327.6,308376057,10,Mists of Tirna Scithe,2024-11-20T17:09:27.000Z,1505938,1890999,2,"Xal'atath's Bargain: Ascendant, Tyrannical, Challenger's Peril, Fortified",Suzukaze,Paladin,Retribution,dps,Icecrown
1853,327.6,308376057,10,Mists of Tirna Scithe,2024-11-20T17:09:27.000Z,1505938,1890999,2,"Xal'atath's Bargain: Ascendant, Tyrannical, Challenger's Peril, Fortified",Colorless,Priest,Shadow,dps,Zealot Blade
1854,327.6,302636861,10,Mists of Tirna Scithe,2024-10-25T08:42:52.000Z,1506054,1890999,2,"Xal'atath's Bargain: Ascendant, Fortified, Challenger's Peril, Tyrannical",服部,Monk,Windwalker,dps,Icecrown
1854,327.6,302636861,10,Mists of Tirna Scithe,2024-10-25T08:42:52.000Z,1506054,1890999,2,"Xal'atath's Bargain: Ascendant, Fortified, Challenger's Peril, Tyrannical",微笑的喵喵,Priest,Holy,healer,World Tree
1854,327.6,302636861,10,Mists of Tirna Scithe,2024-10-25T08:42:52.000Z,1506054,1890999,2,"Xal'atath's Bargain: Ascendant, Fortified, Challenger's Peril, Tyrannical",凌晨三点钟,Demon Hunter,Vengeance,tank,World Tree
1854,327.6,302636861,10,Mists of Tirna Scithe,2024-10-25T08:42:52.000Z,1506054,1890999,2,"Xal'atath's Bargain: Ascendant, Fortified, Challenger's Peril, Tyrannical",木魚水心,Mage,Frost,dps,Chillwind Point
1854,327.6,302636861,10,Mists of Tirna Scithe,2024-10-25T08:42:52.000Z,1506054,1890999,2,"Xal'atath's Bargain: Ascendant, Fortified, Challenger's Peril, Tyrannical",牛小肉,Paladin,Retribution,dps,Zealot Blade
1855,327.6,303141763,10,Mists of Tirna Scithe,2024-10-27T09:10:54.000Z,1506488,1890999,2,"Xal'atath's Bargain: Ascendant, Fortified, Challenger's Peril, Tyrannical",天草伶,Death Knight,Frost,dps,Crystalpine Stinger
1855,327.6,303141763,10,Mists of Tirna Scithe,2024-10-27T09:10:54.000Z,1506488,1890999,2,"Xal'atath's Bargain: Ascendant, Fortified, Challenger's Peril, Tyrannical",表戈,Death Knight,Unholy,dps,Crystalpine Stinger
1855,327.6,303141763,10,Mists of Tirna Scithe,2024-10-27T09:10:54.000Z,1506488,1890999,2,"Xal'atath's Bargain: Ascendant, Fortified, Challenger's Peril, Tyrannical",Makapaka,Paladin,Holy,healer,Demon Fall Canyon
1855,327.6,303141763,10,Mists of Tirna Scithe,2024-10-27T09:10:54.000Z,1506488,1890999,2,"Xal'atath's Bargain: Ascendant, Fortified, Challenger's Peril, Tyrannical",Ninee,Demon Hunter,Vengeance,tank,Sundown Marsh
1855,327.6,303141763,10,Mists of Tirna Scithe,2024-10-27T09:10:54.000Z,1506488,1890999,2,"Xal'atath's Bargain: Ascendant, Fortified, Challenger's Peril, Tyrannical",艾小龍,Evoker,Augmentation,dps,Sundown Marsh
1856,327.6,303375156,10,Mists of Tirna Scithe,2024-10-28T06:01:42.000Z,1506806,1890999,2,"Xal'atath's Bargain: Ascendant, Fortified, Challenger's Peril, Tyrannical",就是要這樣,Shaman,Elemental,dps,Arthas
1856,327.6,303375156,10,Mists of Tirna Scithe,2024-10-28T06:01:42.000Z,1506806,1890999,2,"Xal'atath's Bargain: Ascendant, Fortified, Challenger's Peril, Tyrannical",神前的謊言,Paladin,Protection,tank,Crystalpine Stinger
1856,327.6,303375156,10,Mists of Tirna Scithe,2024-10-28T06:01:42.000Z,1506806,1890999,2,"Xal'atath's Bargain: Ascendant, Fortified, Challenger's Peril, Tyrannical",Faera,Mage,Frost,dps,Zealot Blade
1856,327.6,303375156,10,Mists of Tirna Scithe,2024-10-28T06:01:42.000Z,1506806,1890999,2,"Xal'atath's Bargain: Ascendant, Fortified, Challenger's Peril, Tyrannical",瀧壺,Shaman,Restoration,healer,Hellscream
1856,327.6,303375156,10,Mists of Tirna Scithe,2024-10-28T06:01:42.000Z,1506806,1890999,2,"Xal'atath's Bargain: Ascendant, Fortified, Challenger's Peril, Tyrannical",Anon70BA0F8,Warlock,Demonology,dps,Anonymous
1857,327.6,302454267,10,Mists of Tirna Scithe,2024-11-14T16:05:57.000Z,1506951,1890999,2,"Xal'atath's Bargain: Ascendant, Tyrannical, Challenger's Peril, Fortified",雜色馬,Death Knight,Blood,tank,Zealot Blade
1857,327.6,302454267,10,Mists of Tirna Scithe,2024-11-14T16:05:57.000Z,1506951,1890999,2,"Xal'atath's Bargain: Ascendant, Tyrannical, Challenger's Peril, Fortified",熊武憎,Monk,Windwalker,dps,Zealot Blade
1857,327.6,302454267,10,Mists of Tirna Scithe,2024-11-14T16:05:57.000Z,1506951,1890999,2,"Xal'atath's Bargain: Ascendant, Tyrannical, Challenger's Peril, Fortified",櫻之小龍女,Shaman,Restoration,healer,Zealot Blade
1857,327.6,302454267,10,Mists of Tirna Scithe,2024-11-14T16:05:57.000Z,1506951,1890999,2,"Xal'atath's Bargain: Ascendant, Tyrannical, Challenger's Peril, Fortified",愛德森,Hunter,Marksmanship,dps,Demon Fall Canyon
1857,327.6,302454267,10,Mists of Tirna Scithe,2024-11-14T16:05:57.000Z,1506951,1890999,2,"Xal'atath's Bargain: Ascendant, Tyrannical, Challenger's Peril, Fortified",Winnerian,Evoker,Devastation,dps,Sundown Marsh
1858,327.6,303461784,10,Mists of Tirna Scithe,2024-10-28T15:47:25.000Z,1507053,1890999,2,"Xal'atath's Bargain: Ascendant, Fortified, Challenger's Peril, Tyrannical",人參勝利組,Shaman,Restoration,healer,Arthas
1858,327.6,303461784,10,Mists of Tirna Scithe,2024-10-28T15:47:25.000Z,1507053,1890999,2,"Xal'atath's Bargain: Ascendant, Fortified, Challenger's Peril, Tyrannical",小島驚魂,Druid,Balance,dps,Skywall
1858,327.6,303461784,10,Mists of Tirna Scithe,2024-10-28T15:47:25.000Z,1507053,1890999,2,"Xal'atath's Bargain: Ascendant, Fortified, Challenger's Peril, Tyrannical",Koconut,Death Knight,Frost,dps,Arthas
1858,327.6,303461784,10,Mists of Tirna Scithe,2024-10-28T15:47:25.000Z,1507053,1890999,2,"Xal'atath's Bargain: Ascendant, Fortified, Challenger's Peril, Tyrannical",Connix,Demon Hunter,Vengeance,tank,Arthas
1858,327.6,303461784,10,Mists of Tirna Scithe,2024-10-28T15:47:25.000Z,1507053,1890999,2,"Xal'atath's Bargain: Ascendant, Fortified, Challenger's Peril, Tyrannical",Melan,Demon Hunter,Havoc,dps,Bleeding Hollow
1859,327.6,302959500,10,Mists of Tirna Scithe,2024-10-26T16:05:48.000Z,1507309,1890999,2,"Xal'atath's Bargain: Ascendant, Fortified, Challenger's Peril, Tyrannical",一個西瓜,Shaman,Enhancement,dps,Crystalpine Stinger
1859,327.6,302959500,10,Mists of Tirna Scithe,2024-10-26T16:05:48.000Z,1507309,1890999,2,"Xal'atath's Bargain: Ascendant, Fortified, Challenger's Peril, Tyrannical",緣丶妙不可言,Priest,Holy,healer,Crystalpine Stinger
1859,327.6,302959500,10,Mists of Tirna Scithe,2024-10-26T16:05:48.000Z,1507309,1890999,2,"Xal'atath's Bargain: Ascendant, Fortified, Challenger's Peril, Tyrannical",復生的大王,Death Knight,Blood,tank,Crystalpine Stinger
1859,327.6,302959500,10,Mists of Tirna Scithe,2024-10-26T16:05:48.000Z,1507309,1890999,2,"Xal'atath's Bargain: Ascendant, Fortified, Challenger's Peril, Tyrannical",戰血羽痕,Paladin,Retribution,dps,Silverwing Hold
1859,327.6,302959500,10,Mists of Tirna Scithe,2024-10-26T16:05:48.000Z,1507309,1890999,2,"Xal'atath's Bargain: Ascendant, Fortified, Challenger's Peril, Tyrannical",如水圓清,Warlock,Destruction,dps,Spirestone
1860,327.6,302445041,10,Mists of Tirna Scithe,2024-10-24T07:29:56.000Z,1507327,1890999,2,"Xal'atath's Bargain: Ascendant, Fortified, Challenger's Peril, Tyrannical",哀霜之王,Death Knight,Frost,dps,Quel'dorei
1860,327.6,302445041,10,Mists of Tirna Scithe,2024-10-24T07:29:56.000Z,1507327,1890999,2,"Xal'atath's Bargain: Ascendant, Fortified, Challenger's Peril, Tyrannical",晴芯舞,Demon Hunter,Havoc,dps,Shadowmoon
1860,327.6,302445041,10,Mists of Tirna Scithe,2024-10-24T07:29:56.000Z,1507327,1890999,2,"Xal'atath's Bargain: Ascendant, Fortified, Challenger's Peril, Tyrannical",小夜羽,Mage,Arcane,dps,Shadowmoon
1860,327.6,302445041,10,Mists of Tirna Scithe,2024-10-24T07:29:56.000Z,1507327,1890999,2,"Xal'atath's Bargain: Ascendant, Fortified, Challenger's Peril, Tyrannical",Magicstar,Evoker,Preservation,healer,Silverwing Hold
1860,327.6,302445041,10,Mists of Tirna Scithe,2024-10-24T07:29:56.000Z,1507327,1890999,2,"Xal'atath's Bargain: Ascendant, Fortified, Challenger's Peril, Tyrannical",淡品苦澀,Warrior,Protection,tank,Sundown Marsh
1861,327.6,307482627,10,Mists of Tirna Scithe,2024-11-16T10:30:40.000Z,1507368,1890999,2,"Xal'atath's Bargain: Ascendant, Tyrannical, Challenger's Peril, Fortified",吸瓦斯風行者,Hunter,Survival,dps,Zealot Blade
1861,327.6,307482627,10,Mists of Tirna Scithe,2024-11-16T10:30:40.000Z,1507368,1890999,2,"Xal'atath's Bargain: Ascendant, Tyrannical, Challenger's Peril, Fortified",啥小啦,Druid,Balance,dps,Wrathbringer
1861,327.6,307482627,10,Mists of Tirna Scithe,2024-11-16T10:30:40.000Z,1507368,1890999,2,"Xal'atath's Bargain: Ascendant, Tyrannical, Challenger's Peril, Fortified",大靈包,Shaman,Restoration,healer,Crystalpine Stinger
1861,327.6,307482627,10,Mists of Tirna Scithe,2024-11-16T10:30:40.000Z,1507368,1890999,2,"Xal'atath's Bargain: Ascendant, Tyrannical, Challenger's Peril, Fortified",開怪就倒坦,Paladin,Protection,tank,Skywall
1861,327.6,307482627,10,Mists of Tirna Scithe,2024-11-16T10:30:40.000Z,1507368,1890999,2,"Xal'atath's Bargain: Ascendant, Tyrannical, Challenger's Peril, Fortified",Creatîne,Paladin,Retribution,dps,Arthas
1862,327.6,303144662,10,Mists of Tirna Scithe,2024-10-27T08:28:14.000Z,1507898,1890999,2,"Xal'atath's Bargain: Ascendant, Fortified, Challenger's Peril, Tyrannical",愛貓就別打我,Warlock,Destruction,dps,Frostmane
1862,327.6,303144662,10,Mists of Tirna Scithe,2024-10-27T08:28:14.000Z,1507898,1890999,2,"Xal'atath's Bargain: Ascendant, Fortified, Challenger's Peril, Tyrannical",牛軋糖很硬,Warrior,Protection,tank,Frostmane
1862,327.6,303144662,10,Mists of Tirna Scithe,2024-10-27T08:28:14.000Z,1507898,1890999,2,"Xal'atath's Bargain: Ascendant, Fortified, Challenger's Peril, Tyrannical",幽克雷爾,Paladin,Retribution,dps,Sundown Marsh
1862,327.6,303144662,10,Mists of Tirna Scithe,2024-10-27T08:28:14.000Z,1507898,1890999,2,"Xal'atath's Bargain: Ascendant, Fortified, Challenger's Peril, Tyrannical",Bonham,Warrior,Fury,dps,World Tree
1862,327.6,303144662,10,Mists of Tirna Scithe,2024-10-27T08:28:14.000Z,1507898,1890999,2,"Xal'atath's Bargain: Ascendant, Fortified, Challenger's Peril, Tyrannical",這個直接電死,Shaman,Restoration,healer,Menethil
1863,327.6,307746529,10,Mists of Tirna Scithe,2024-11-17T16:41:39.000Z,1508424,1890999,2,"Xal'atath's Bargain: Ascendant, Tyrannical, Challenger's Peril, Fortified",戒瑟,Monk,Mistweaver,healer,Chillwind Point
1863,327.6,307746529,10,Mists of Tirna Scithe,2024-11-17T16:41:39.000Z,1508424,1890999,2,"Xal'atath's Bargain: Ascendant, Tyrannical, Challenger's Peril, Fortified",逆殺,Death Knight,Blood,tank,Frostmane
1863,327.6,307746529,10,Mists of Tirna Scithe,2024-11-17T16:41:39.000Z,1508424,1890999,2,"Xal'atath's Bargain: Ascendant, Tyrannical, Challenger's Peril, Fortified",元素超載,Shaman,Enhancement,dps,Crystalpine Stinger
1863,327.6,307746529,10,Mists of Tirna Scithe,2024-11-17T16:41:39.000Z,1508424,1890999,2,"Xal'atath's Bargain: Ascendant, Tyrannical, Challenger's Peril, Fortified",沉睡的小象象,Hunter,Beast Mastery,dps,Crystalpine Stinger
1863,327.6,307746529,10,Mists of Tirna Scithe,2024-11-17T16:41:39.000Z,1508424,1890999,2,"Xal'atath's Bargain: Ascendant, Tyrannical, Challenger's Peril, Fortified",Littleturtle,Paladin,Retribution,dps,Nightsong
1864,327.6,303149041,10,Mists of Tirna Scithe,2024-10-27T10:05:29.000Z,1508490,1890999,2,"Xal'atath's Bargain: Ascendant, Fortified, Challenger's Peril, Tyrannical",小戰,Warrior,Fury,dps,Dragonmaw
1864,327.6,303149041,10,Mists of Tirna Scithe,2024-10-27T10:05:29.000Z,1508490,1890999,2,"Xal'atath's Bargain: Ascendant, Fortified, Challenger's Peril, Tyrannical",哞哞小眼睛,Druid,Guardian,tank,Spirestone
1864,327.6,303149041,10,Mists of Tirna Scithe,2024-10-27T10:05:29.000Z,1508490,1890999,2,"Xal'atath's Bargain: Ascendant, Fortified, Challenger's Peril, Tyrannical",四季春茶,Druid,Restoration,healer,Spirestone
1864,327.6,303149041,10,Mists of Tirna Scithe,2024-10-27T10:05:29.000Z,1508490,1890999,2,"Xal'atath's Bargain: Ascendant, Fortified, Challenger's Peril, Tyrannical",Liee,Evoker,Augmentation,dps,Whisperwind
1864,327.6,303149041,10,Mists of Tirna Scithe,2024-10-27T10:05:29.000Z,1508490,1890999,2,"Xal'atath's Bargain: Ascendant, Fortified, Challenger's Peril, Tyrannical",耀全,Death Knight,Frost,dps,Nightsong
1865,327.6,303241975,10,Mists of Tirna Scithe,2024-10-27T18:21:00.000Z,1508592,1890999,2,"Xal'atath's Bargain: Ascendant, Fortified, Challenger's Peril, Tyrannical",蔥油餅泰庫,Shaman,Elemental,dps,Sundown Marsh
1865,327.6,303241975,10,Mists of Tirna Scithe,2024-10-27T18:21:00.000Z,1508592,1890999,2,"Xal'atath's Bargain: Ascendant, Fortified, Challenger's Peril, Tyrannical",一銀次一,Rogue,Assassination,dps,Sundown Marsh
1865,327.6,303241975,10,Mists of Tirna Scithe,2024-10-27T18:21:00.000Z,1508592,1890999,2,"Xal'atath's Bargain: Ascendant, Fortified, Challenger's Peril, Tyrannical",小酸奶,Shaman,Restoration,healer,Sundown Marsh
1865,327.6,303241975,10,Mists of Tirna Scithe,2024-10-27T18:21:00.000Z,1508592,1890999,2,"Xal'atath's Bargain: Ascendant, Fortified, Challenger's Peril, Tyrannical",你說酷不酷,Demon Hunter,Vengeance,tank,Sundown Marsh
1865,327.6,303241975,10,Mists of Tirna Scithe,2024-10-27T18:21:00.000Z,1508592,1890999,2,"Xal'atath's Bargain: Ascendant, Fortified, Challenger's Peril, Tyrannical",奶茶超好喝,Demon Hunter,Havoc,dps,Arthas
1866,327.6,302492913,10,Mists of Tirna Scithe,2024-10-24T14:07:48.000Z,1508887,1890999,2,"Xal'atath's Bargain: Ascendant, Fortified, Challenger's Peril, Tyrannical",空心,Shaman,Restoration,healer,Nightsong
1866,327.6,302492913,10,Mists of Tirna Scithe,2024-10-24T14:07:48.000Z,1508887,1890999,2,"Xal'atath's Bargain: Ascendant, Fortified, Challenger's Peril, Tyrannical",艾瑞卡,Priest,Shadow,dps,Nightsong
1866,327.6,302492913,10,Mists of Tirna Scithe,2024-10-24T14:07:48.000Z,1508887,1890999,2,"Xal'atath's Bargain: Ascendant, Fortified, Challenger's Peril, Tyrannical",Missnalice,Monk,Brewmaster,tank,Shadowmoon
1866,327.6,302492913,10,Mists of Tirna Scithe,2024-10-24T14:07:48.000Z,1508887,1890999,2,"Xal'atath's Bargain: Ascendant, Fortified, Challenger's Peril, Tyrannical",Amesame,Monk,Windwalker,dps,Arthas
1866,327.6,302492913,10,Mists of Tirna Scithe,2024-10-24T14:07:48.000Z,1508887,1890999,2,"Xal'atath's Bargain: Ascendant, Fortified, Challenger's Peril, Tyrannical",花生起司球,Paladin,Retribution,dps,Chillwind Point
1867,327.6,307165871,10,Mists of Tirna Scithe,2024-11-14T15:15:43.000Z,1509121,1890999,2,"Xal'atath's Bargain: Ascendant, Tyrannical, Challenger's Peril, Fortified",碎顱者,Paladin,Retribution,dps,Arthas
1867,327.6,307165871,10,Mists of Tirna Scithe,2024-11-14T15:15:43.000Z,1509121,1890999,2,"Xal'atath's Bargain: Ascendant, Tyrannical, Challenger's Peril, Fortified",沒問題我包辦,Druid,Balance,dps,Arthas
1867,327.6,307165871,10,Mists of Tirna Scithe,2024-11-14T15:15:43.000Z,1509121,1890999,2,"Xal'atath's Bargain: Ascendant, Tyrannical, Challenger's Peril, Fortified",狐子心,Rogue,Subtlety,dps,Spirestone
1867,327.6,307165871,10,Mists of Tirna Scithe,2024-11-14T15:15:43.000Z,1509121,1890999,2,"Xal'atath's Bargain: Ascendant, Tyrannical, Challenger's Peril, Fortified",壞狗狗柯基,Shaman,Restoration,healer,Icecrown
1867,327.6,307165871,10,Mists of Tirna Scithe,2024-11-14T15:15:43.000Z,1509121,1890999,2,"Xal'atath's Bargain: Ascendant, Tyrannical, Challenger's Peril, Fortified",鎌旭宗初,Death Knight,Blood,tank,Icecrown
1868,327.6,303144932,10,Mists of Tirna Scithe,2024-10-27T07:51:48.000Z,1509417,1890999,2,"Xal'atath's Bargain: Ascendant, Fortified, Challenger's Peril, Tyrannical",長牙小花,Hunter,Marksmanship,dps,Dragonmaw
1868,327.6,303144932,10,Mists of Tirna Scithe,2024-10-27T07:51:48.000Z,1509417,1890999,2,"Xal'atath's Bargain: Ascendant, Fortified, Challenger's Peril, Tyrannical",岩瀨千夏,Priest,Discipline,healer,Arthas
1868,327.6,303144932,10,Mists of Tirna Scithe,2024-10-27T07:51:48.000Z,1509417,1890999,2,"Xal'atath's Bargain: Ascendant, Fortified, Challenger's Peril, Tyrannical",Esamora,Paladin,Retribution,dps,Arthas
1868,327.6,303144932,10,Mists of Tirna Scithe,2024-10-27T07:51:48.000Z,1509417,1890999,2,"Xal'atath's Bargain: Ascendant, Fortified, Challenger's Peril, Tyrannical",墮落臭豆腐,Demon Hunter,Havoc,dps,Zealot Blade
1868,327.6,303144932,10,Mists of Tirna Scithe,2024-10-27T07:51:48.000Z,1509417,1890999,2,"Xal'atath's Bargain: Ascendant, Fortified, Challenger's Peril, Tyrannical",Yabushige,Paladin,Protection,tank,Hellscream
1869,327.5,303411002,10,Mists of Tirna Scithe,2024-10-28T13:37:14.000Z,1510356,1890999,2,"Xal'atath's Bargain: Ascendant, Fortified, Challenger's Peril, Tyrannical",珞瑛璦玳,Warlock,Demonology,dps,Nightsong
1869,327.5,303411002,10,Mists of Tirna Scithe,2024-10-28T13:37:14.000Z,1510356,1890999,2,"Xal'atath's Bargain: Ascendant, Fortified, Challenger's Peril, Tyrannical",熬夜爆肝大師,Paladin,Protection,tank,Icecrown
1869,327.5,303411002,10,Mists of Tirna Scithe,2024-10-28T13:37:14.000Z,1510356,1890999,2,"Xal'atath's Bargain: Ascendant, Fortified, Challenger's Peril, Tyrannical",Bernoulli,Shaman,Enhancement,dps,Icecrown
1869,327.5,303411002,10,Mists of Tirna Scithe,2024-10-28T13:37:14.000Z,1510356,1890999,2,"Xal'atath's Bargain: Ascendant, Fortified, Challenger's Peril, Tyrannical",長野-205726793,Death Knight,Frost,dps,Chillwind Point
1869,327.5,303411002,10,Mists of Tirna Scithe,2024-10-28T13:37:14.000Z,1510356,1890999,2,"Xal'atath's Bargain: Ascendant, Fortified, Challenger's Peril, Tyrannical",Mumraa,Shaman,Restoration,healer,Zealot Blade
1870,327.5,302445329,10,Mists of Tirna Scithe,2024-10-24T07:08:12.000Z,1510597,1890999,2,"Xal'atath's Bargain: Ascendant, Fortified, Challenger's Peril, Tyrannical",Aristoles,Mage,Arcane,dps,Nightsong
1870,327.5,302445329,10,Mists of Tirna Scithe,2024-10-24T07:08:12.000Z,1510597,1890999,2,"Xal'atath's Bargain: Ascendant, Fortified, Challenger's Peril, Tyrannical",Vth,Hunter,Beast Mastery,dps,Nightsong
1870,327.5,302445329,10,Mists of Tirna Scithe,2024-10-24T07:08:12.000Z,1510597,1890999,2,"Xal'atath's Bargain: Ascendant, Fortified, Challenger's Peril, Tyrannical",霄雲出帷,Paladin,Holy,healer,World Tree
1870,327.5,302445329,10,Mists of Tirna Scithe,2024-10-24T07:08:12.000Z,1510597,1890999,2,"Xal'atath's Bargain: Ascendant, Fortified, Challenger's Peril, Tyrannical",Kitemonk,Monk,Brewmaster,tank,Nightsong
1870,327.5,302445329,10,Mists of Tirna Scithe,2024-10-24T07:08:12.000Z,1510597,1890999,2,"Xal'atath's Bargain: Ascendant, Fortified, Challenger's Peril, Tyrannical",高倉健,Shaman,Elemental,dps,Dragonmaw
1871,327.5,302948164,10,Mists of Tirna Scithe,2024-10-26T14:21:38.000Z,1510658,1890999,2,"Xal'atath's Bargain: Ascendant, Fortified, Challenger's Peril, Tyrannical",請勿餵飼,Druid,Balance,dps,Quel'dorei
1871,327.5,302948164,10,Mists of Tirna Scithe,2024-10-26T14:21:38.000Z,1510658,1890999,2,"Xal'atath's Bargain: Ascendant, Fortified, Challenger's Peril, Tyrannical",Ayin,Hunter,Beast Mastery,dps,Crystalpine Stinger
1871,327.5,302948164,10,Mists of Tirna Scithe,2024-10-26T14:21:38.000Z,1510658,1890999,2,"Xal'atath's Bargain: Ascendant, Fortified, Challenger's Peril, Tyrannical",一迷璃一,Priest,Holy,healer,Crystalpine Stinger
1871,327.5,302948164,10,Mists of Tirna Scithe,2024-10-26T14:21:38.000Z,1510658,1890999,2,"Xal'atath's Bargain: Ascendant, Fortified, Challenger's Peril, Tyrannical",升呢雀草酒仁,Death Knight,Frost,dps,Crystalpine Stinger
1871,327.5,302948164,10,Mists of Tirna Scithe,2024-10-26T14:21:38.000Z,1510658,1890999,2,"Xal'atath's Bargain: Ascendant, Fortified, Challenger's Peril, Tyrannical",奧格聖,Paladin,Protection,tank,Crystalpine Stinger
1872,327.5,302713368,10,Mists of Tirna Scithe,2024-10-25T18:09:55.000Z,1511060,1890999,2,"Xal'atath's Bargain: Ascendant, Fortified, Challenger's Peril, Tyrannical",衰左之男,Paladin,Protection,tank,Crystalpine Stinger
1872,327.5,302713368,10,Mists of Tirna Scithe,2024-10-25T18:09:55.000Z,1511060,1890999,2,"Xal'atath's Bargain: Ascendant, Fortified, Challenger's Peril, Tyrannical",Eternalblaze,Mage,Frost,dps,Arthas
1872,327.5,302713368,10,Mists of Tirna Scithe,2024-10-25T18:09:55.000Z,1511060,1890999,2,"Xal'atath's Bargain: Ascendant, Fortified, Challenger's Peril, Tyrannical",給你一針科興,Priest,Discipline,healer,Crystalpine Stinger
1872,327.5,302713368,10,Mists of Tirna Scithe,2024-10-25T18:09:55.000Z,1511060,1890999,2,"Xal'atath's Bargain: Ascendant, Fortified, Challenger's Peril, Tyrannical",Mayofirst,Paladin,Retribution,dps,Hellscream
1872,327.5,302713368,10,Mists of Tirna Scithe,2024-10-25T18:09:55.000Z,1511060,1890999,2,"Xal'atath's Bargain: Ascendant, Fortified, Challenger's Peril, Tyrannical",極星之殤,Death Knight,Frost,dps,Crystalpine Stinger
1873,327.5,307211254,10,Mists of Tirna Scithe,2024-11-14T20:52:07.000Z,1511157,1890999,2,"Xal'atath's Bargain: Ascendant, Tyrannical, Challenger's Peril, Fortified",克總發糖了,Paladin,Protection,tank,Quel'dorei
1873,327.5,307211254,10,Mists of Tirna Scithe,2024-11-14T20:52:07.000Z,1511157,1890999,2,"Xal'atath's Bargain: Ascendant, Tyrannical, Challenger's Peril, Fortified",Supremee,Hunter,Beast Mastery,dps,Crystalpine Stinger
1873,327.5,307211254,10,Mists of Tirna Scithe,2024-11-14T20:52:07.000Z,1511157,1890999,2,"Xal'atath's Bargain: Ascendant, Tyrannical, Challenger's Peril, Fortified",冰雪萌萌,Priest,Discipline,healer,Hellscream
1873,327.5,307211254,10,Mists of Tirna Scithe,2024-11-14T20:52:07.000Z,1511157,1890999,2,"Xal'atath's Bargain: Ascendant, Tyrannical, Challenger's Peril, Fortified",夢幻於現實,Shaman,Enhancement,dps,Icecrown
1873,327.5,307211254,10,Mists of Tirna Scithe,2024-11-14T20:52:07.000Z,1511157,1890999,2,"Xal'atath's Bargain: Ascendant, Tyrannical, Challenger's Peril, Fortified",聖光濛濛-150297284,Paladin,Retribution,dps,Spirestone
1874,327.5,307499591,10,Mists of Tirna Scithe,2024-11-16T13:34:11.000Z,1511178,1890999,2,"Xal'atath's Bargain: Ascendant, Tyrannical, Challenger's Peril, Fortified",Anon27F138E,Shaman,Restoration,healer,Anonymous
1874,327.5,307499591,10,Mists of Tirna Scithe,2024-11-16T13:34:11.000Z,1511178,1890999,2,"Xal'atath's Bargain: Ascendant, Tyrannical, Challenger's Peril, Fortified",普莉希菈,Shaman,Elemental,dps,Menethil
1874,327.5,307499591,10,Mists of Tirna Scithe,2024-11-16T13:34:11.000Z,1511178,1890999,2,"Xal'atath's Bargain: Ascendant, Tyrannical, Challenger's Peril, Fortified",夜芯,Hunter,Marksmanship,dps,Bleeding Hollow
1874,327.5,307499591,10,Mists of Tirna Scithe,2024-11-16T13:34:11.000Z,1511178,1890999,2,"Xal'atath's Bargain: Ascendant, Tyrannical, Challenger's Peril, Fortified",Cyanocitta,Druid,Guardian,tank,Nightsong
1874,327.5,307499591,10,Mists of Tirna Scithe,2024-11-16T13:34:11.000Z,1511178,1890999,2,"Xal'atath's Bargain: Ascendant, Tyrannical, Challenger's Peril, Fortified",老跳,Death Knight,Frost,dps,Bleeding Hollow
1875,327.5,303588420,10,Mists of Tirna Scithe,2024-10-28T14:19:57.000Z,1511187,1890999,2,"Xal'atath's Bargain: Ascendant, Fortified, Challenger's Peril, Tyrannical",桃園肝鐵人,Shaman,Restoration,healer,Arthas
1875,327.5,303588420,10,Mists of Tirna Scithe,2024-10-28T14:19:57.000Z,1511187,1890999,2,"Xal'atath's Bargain: Ascendant, Fortified, Challenger's Peril, Tyrannical",辣霸哥,Death Knight,Blood,tank,Hellscream
1875,327.5,303588420,10,Mists of Tirna Scithe,2024-10-28T14:19:57.000Z,1511187,1890999,2,"Xal'atath's Bargain: Ascendant, Fortified, Challenger's Peril, Tyrannical",台戰系玩家,Death Knight,Unholy,dps,Arthas
1875,327.5,303588420,10,Mists of Tirna Scithe,2024-10-28T14:19:57.000Z,1511187,1890999,2,"Xal'atath's Bargain: Ascendant, Fortified, Challenger's Peril, Tyrannical",加列牛,Paladin,Retribution,dps,Arthas
1875,327.5,303588420,10,Mists of Tirna Scithe,2024-10-28T14:19:57.000Z,1511187,1890999,2,"Xal'atath's Bargain: Ascendant, Fortified, Challenger's Peril, Tyrannical",少林閃到腰,Warlock,Demonology,dps,Crystalpine Stinger
1876,327.5,307326769,10,Mists of Tirna Scithe,2024-11-15T15:29:51.000Z,1511263,1890999,2,"Xal'atath's Bargain: Ascendant, Tyrannical, Challenger's Peril, Fortified",一咚咚一,Demon Hunter,Vengeance,tank,Wrathbringer
1876,327.5,307326769,10,Mists of Tirna Scithe,2024-11-15T15:29:51.000Z,1511263,1890999,2,"Xal'atath's Bargain: Ascendant, Tyrannical, Challenger's Peril, Fortified",菲爾妮娜,Druid,Balance,dps,Crystalpine Stinger
1876,327.5,307326769,10,Mists of Tirna Scithe,2024-11-15T15:29:51.000Z,1511263,1890999,2,"Xal'atath's Bargain: Ascendant, Tyrannical, Challenger's Peril, Fortified",綠皮傻滿,Shaman,Restoration,healer,Crystalpine Stinger
1876,327.5,307326769,10,Mists of Tirna Scithe,2024-11-15T15:29:51.000Z,1511263,1890999,2,"Xal'atath's Bargain: Ascendant, Tyrannical, Challenger's Peril, Fortified",淚落掌心,Shaman,Elemental,dps,Crystalpine Stinger
1876,327.5,307326769,10,Mists of Tirna Scithe,2024-11-15T15:29:51.000Z,1511263,1890999,2,"Xal'atath's Bargain: Ascendant, Tyrannical, Challenger's Peril, Fortified",Skylette,Warlock,Affliction,dps,Crystalpine Stinger
1877,327.5,307735676,10,Mists of Tirna Scithe,2024-11-17T15:47:09.000Z,1511616,1890999,2,"Xal'atath's Bargain: Ascendant, Tyrannical, Challenger's Peril, Fortified",丁千千,Shaman,Restoration,healer,Quel'dorei
1877,327.5,307735676,10,Mists of Tirna Scithe,2024-11-17T15:47:09.000Z,1511616,1890999,2,"Xal'atath's Bargain: Ascendant, Tyrannical, Challenger's Peril, Fortified",只是為了,Priest,Shadow,dps,Shadowmoon
1877,327.5,307735676,10,Mists of Tirna Scithe,2024-11-17T15:47:09.000Z,1511616,1890999,2,"Xal'atath's Bargain: Ascendant, Tyrannical, Challenger's Peril, Fortified",德不嚐濕,Druid,Guardian,tank,Chillwind Point
1877,327.5,307735676,10,Mists of Tirna Scithe,2024-11-17T15:47:09.000Z,1511616,1890999,2,"Xal'atath's Bargain: Ascendant, Tyrannical, Challenger's Peril, Fortified",英純太后,Rogue,Assassination,dps,Shadowmoon
1877,327.5,307735676,10,Mists of Tirna Scithe,2024-11-17T15:47:09.000Z,1511616,1890999,2,"Xal'atath's Bargain: Ascendant, Tyrannical, Challenger's Peril, Fortified",苦命阿勞,Shaman,Enhancement,dps,Quel'dorei
1878,327.5,303854323,10,Mists of Tirna Scithe,2024-10-30T12:01:11.000Z,1511758,1890999,2,"Xal'atath's Bargain: Ascendant, Fortified, Challenger's Peril, Tyrannical",薄荷微甜,Mage,Frost,dps,Whisperwind
1878,327.5,303854323,10,Mists of Tirna Scithe,2024-10-30T12:01:11.000Z,1511758,1890999,2,"Xal'atath's Bargain: Ascendant, Fortified, Challenger's Peril, Tyrannical",月洛,Druid,Balance,dps,Nightsong
1878,327.5,303854323,10,Mists of Tirna Scithe,2024-10-30T12:01:11.000Z,1511758,1890999,2,"Xal'atath's Bargain: Ascendant, Fortified, Challenger's Peril, Tyrannical",Tainiuu,Priest,Shadow,dps,Light's Hope
1878,327.5,303854323,10,Mists of Tirna Scithe,2024-10-30T12:01:11.000Z,1511758,1890999,2,"Xal'atath's Bargain: Ascendant, Fortified, Challenger's Peril, Tyrannical",Dekinai,Monk,Mistweaver,healer,Sundown Marsh
1878,327.5,303854323,10,Mists of Tirna Scithe,2024-10-30T12:01:11.000Z,1511758,1890999,2,"Xal'atath's Bargain: Ascendant, Fortified, Challenger's Peril, Tyrannical",布丁不咘叮,Warrior,Protection,tank,Skywall
1879,327.5,303441955,10,Mists of Tirna Scithe,2024-10-28T14:55:13.000Z,1511906,1890999,2,"Xal'atath's Bargain: Ascendant, Fortified, Challenger's Peril, Tyrannical",黑娟,Mage,Frost,dps,Sundown Marsh
1879,327.5,303441955,10,Mists of Tirna Scithe,2024-10-28T14:55:13.000Z,1511906,1890999,2,"Xal'atath's Bargain: Ascendant, Fortified, Challenger's Peril, Tyrannical",夜鶯,Demon Hunter,Vengeance,tank,Silverwing Hold
1879,327.5,303441955,10,Mists of Tirna Scithe,2024-10-28T14:55:13.000Z,1511906,1890999,2,"Xal'atath's Bargain: Ascendant, Fortified, Challenger's Peril, Tyrannical",黛芮莎,Paladin,Retribution,dps,Shadowmoon
1879,327.5,303441955,10,Mists of Tirna Scithe,2024-10-28T14:55:13.000Z,1511906,1890999,2,"Xal'atath's Bargain: Ascendant, Fortified, Challenger's Peril, Tyrannical",Eletricks,Shaman,Elemental,dps,Arthas
1879,327.5,303441955,10,Mists of Tirna Scithe,2024-10-28T14:55:13.000Z,1511906,1890999,2,"Xal'atath's Bargain: Ascendant, Fortified, Challenger's Peril, Tyrannical",愈大獲愈快樂,Shaman,Restoration,healer,Shadowmoon
1880,327.5,303637590,10,Mists of Tirna Scithe,2024-10-29T14:26:39.000Z,1511936,1890999,2,"Xal'atath's Bargain: Ascendant, Fortified, Challenger's Peril, Tyrannical",妖楓,Paladin,Protection,tank,Sundown Marsh
1880,327.5,303637590,10,Mists of Tirna Scithe,2024-10-29T14:26:39.000Z,1511936,1890999,2,"Xal'atath's Bargain: Ascendant, Fortified, Challenger's Peril, Tyrannical",Papapochi,Shaman,Enhancement,dps,Crystalpine Stinger
1880,327.5,303637590,10,Mists of Tirna Scithe,2024-10-29T14:26:39.000Z,1511936,1890999,2,"Xal'atath's Bargain: Ascendant, Fortified, Challenger's Peril, Tyrannical",曼特寧佐茶,Warlock,Affliction,dps,Demon Fall Canyon
1880,327.5,303637590,10,Mists of Tirna Scithe,2024-10-29T14:26:39.000Z,1511936,1890999,2,"Xal'atath's Bargain: Ascendant, Fortified, Challenger's Peril, Tyrannical",雪野,Warrior,Fury,dps,Demon Fall Canyon
1880,327.5,303637590,10,Mists of Tirna Scithe,2024-10-29T14:26:39.000Z,1511936,1890999,2,"Xal'atath's Bargain: Ascendant, Fortified, Challenger's Peril, Tyrannical",帕爾提娜,Priest,Holy,healer,Demon Fall Canyon
1881,327.5,302686069,10,Mists of Tirna Scithe,2024-10-25T15:30:06.000Z,1511936,1890999,2,"Xal'atath's Bargain: Ascendant, Fortified, Challenger's Peril, Tyrannical",春空,Death Knight,Frost,dps,Shadowmoon
1881,327.5,302686069,10,Mists of Tirna Scithe,2024-10-25T15:30:06.000Z,1511936,1890999,2,"Xal'atath's Bargain: Ascendant, Fortified, Challenger's Peril, Tyrannical",Jackj,Paladin,Retribution,dps,Shadowmoon
1881,327.5,302686069,10,Mists of Tirna Scithe,2024-10-25T15:30:06.000Z,1511936,1890999,2,"Xal'atath's Bargain: Ascendant, Fortified, Challenger's Peril, Tyrannical",Poping,Warrior,Protection,tank,Icecrown
1881,327.5,302686069,10,Mists of Tirna Scithe,2024-10-25T15:30:06.000Z,1511936,1890999,2,"Xal'atath's Bargain: Ascendant, Fortified, Challenger's Peril, Tyrannical",點點和垛垛,Hunter,Survival,dps,Arthas
1881,327.5,302686069,10,Mists of Tirna Scithe,2024-10-25T15:30:06.000Z,1511936,1890999,2,"Xal'atath's Bargain: Ascendant, Fortified, Challenger's Peril, Tyrannical",聖光餘孽,Paladin,Holy,healer,World Tree
1882,327.5,308278221,10,Mists of Tirna Scithe,2024-11-20T11:01:00.000Z,1512445,1890999,2,"Xal'atath's Bargain: Ascendant, Tyrannical, Challenger's Peril, Fortified",奧特蘭克山雞,Druid,Guardian,tank,Demon Fall Canyon
1882,327.5,308278221,10,Mists of Tirna Scithe,2024-11-20T11:01:00.000Z,1512445,1890999,2,"Xal'atath's Bargain: Ascendant, Tyrannical, Challenger's Peril, Fortified",老歡癲,Death Knight,Unholy,dps,Zealot Blade
1882,327.5,308278221,10,Mists of Tirna Scithe,2024-11-20T11:01:00.000Z,1512445,1890999,2,"Xal'atath's Bargain: Ascendant, Tyrannical, Challenger's Peril, Fortified",想念暗影,Priest,Discipline,healer,Sundown Marsh
1882,327.5,308278221,10,Mists of Tirna Scithe,2024-11-20T11:01:00.000Z,1512445,1890999,2,"Xal'atath's Bargain: Ascendant, Tyrannical, Challenger's Peril, Fortified",悠娜,Mage,Frost,dps,Nightsong
1882,327.5,308278221,10,Mists of Tirna Scithe,2024-11-20T11:01:00.000Z,1512445,1890999,2,"Xal'atath's Bargain: Ascendant, Tyrannical, Challenger's Peril, Fortified",伏魔御厨子,Warrior,Fury,dps,Sundown Marsh
1883,327.5,302989019,10,Mists of Tirna Scithe,2024-10-26T18:08:20.000Z,1512580,1890999,2,"Xal'atath's Bargain: Ascendant, Fortified, Challenger's Peril, Tyrannical",菈丁,Demon Hunter,Havoc,dps,Zealot Blade
1883,327.5,302989019,10,Mists of Tirna Scithe,2024-10-26T18:08:20.000Z,1512580,1890999,2,"Xal'atath's Bargain: Ascendant, Fortified, Challenger's Peril, Tyrannical",我是貓你信嗎,Evoker,Augmentation,dps,Dragonmaw
1883,327.5,302989019,10,Mists of Tirna Scithe,2024-10-26T18:08:20.000Z,1512580,1890999,2,"Xal'atath's Bargain: Ascendant, Fortified, Challenger's Peril, Tyrannical",Vicdk,Death Knight,Frost,dps,Shadowmoon
1883,327.5,302989019,10,Mists of Tirna Scithe,2024-10-26T18:08:20.000Z,1512580,1890999,2,"Xal'atath's Bargain: Ascendant, Fortified, Challenger's Peril, Tyrannical",如璃百守,Paladin,Protection,tank,Shadowmoon
1883,327.5,302989019,10,Mists of Tirna Scithe,2024-10-26T18:08:20.000Z,1512580,1890999,2,"Xal'atath's Bargain: Ascendant, Fortified, Challenger's Peril, Tyrannical",幽靈小瑪花,Priest,Discipline,healer,Shadowmoon
1884,327.5,302721566,10,Mists of Tirna Scithe,2024-10-25T18:09:40.000Z,1512817,1890999,2,"Xal'atath's Bargain: Ascendant, Fortified, Challenger's Peril, Tyrannical",心如止水,Death Knight,Frost,dps,Light's Hope
1884,327.5,302721566,10,Mists of Tirna Scithe,2024-10-25T18:09:40.000Z,1512817,1890999,2,"Xal'atath's Bargain: Ascendant, Fortified, Challenger's Peril, Tyrannical",原聆聽,Paladin,Protection,tank,Silverwing Hold
1884,327.5,302721566,10,Mists of Tirna Scithe,2024-10-25T18:09:40.000Z,1512817,1890999,2,"Xal'atath's Bargain: Ascendant, Fortified, Challenger's Peril, Tyrannical",坐骨神經痛,Evoker,Preservation,healer,Shadowmoon
1884,327.5,302721566,10,Mists of Tirna Scithe,2024-10-25T18:09:40.000Z,1512817,1890999,2,"Xal'atath's Bargain: Ascendant, Fortified, Challenger's Peril, Tyrannical",德魯肉,Druid,Balance,dps,Shadowmoon
1884,327.5,302721566,10,Mists of Tirna Scithe,2024-10-25T18:09:40.000Z,1512817,1890999,2,"Xal'atath's Bargain: Ascendant, Fortified, Challenger's Peril, Tyrannical",痛風-228211092,Hunter,Marksmanship,dps,Crystalpine Stinger
1885,327.5,307312625,10,Mists of Tirna Scithe,2024-11-15T13:15:03.000Z,1513091,1890999,2,"Xal'atath's Bargain: Ascendant, Tyrannical, Challenger's Peril, Fortified",血雨靈,Demon Hunter,Havoc,dps,Quel'dorei
1885,327.5,307312625,10,Mists of Tirna Scithe,2024-11-15T13:15:03.000Z,1513091,1890999,2,"Xal'atath's Bargain: Ascendant, Tyrannical, Challenger's Peril, Fortified",天草牧師,Priest,Discipline,healer,Shadowmoon
1885,327.5,307312625,10,Mists of Tirna Scithe,2024-11-15T13:15:03.000Z,1513091,1890999,2,"Xal'atath's Bargain: Ascendant, Tyrannical, Challenger's Peril, Fortified",地殼腫脹,Shaman,Enhancement,dps,Zealot Blade
1885,327.5,307312625,10,Mists of Tirna Scithe,2024-11-15T13:15:03.000Z,1513091,1890999,2,"Xal'atath's Bargain: Ascendant, Tyrannical, Challenger's Peril, Fortified",蔕法,Paladin,Protection,tank,World Tree
1885,327.5,307312625,10,Mists of Tirna Scithe,2024-11-15T13:15:03.000Z,1513091,1890999,2,"Xal'atath's Bargain: Ascendant, Tyrannical, Challenger's Peril, Fortified",聖光之名,Paladin,Retribution,dps,Zealot Blade
1886,327.5,303447091,10,Mists of Tirna Scithe,2024-10-28T17:23:41.000Z,1513384,1890999,2,"Xal'atath's Bargain: Ascendant, Fortified, Challenger's Peril, Tyrannical",塔魯黑角,Shaman,Enhancement,dps,Frostmane
1886,327.5,303447091,10,Mists of Tirna Scithe,2024-10-28T17:23:41.000Z,1513384,1890999,2,"Xal'atath's Bargain: Ascendant, Fortified, Challenger's Peril, Tyrannical",就是愛補刀,Priest,Shadow,dps,Frostmane
1886,327.5,303447091,10,Mists of Tirna Scithe,2024-10-28T17:23:41.000Z,1513384,1890999,2,"Xal'atath's Bargain: Ascendant, Fortified, Challenger's Peril, Tyrannical",撒旦的羽翼,Druid,Restoration,healer,Frostmane
1886,327.5,303447091,10,Mists of Tirna Scithe,2024-10-28T17:23:41.000Z,1513384,1890999,2,"Xal'atath's Bargain: Ascendant, Fortified, Challenger's Peril, Tyrannical",永生之後,Hunter,Beast Mastery,dps,Frostmane
1886,327.5,303447091,10,Mists of Tirna Scithe,2024-10-28T17:23:41.000Z,1513384,1890999,2,"Xal'atath's Bargain: Ascendant, Fortified, Challenger's Peril, Tyrannical",我推的蠢牛,Paladin,Protection,tank,Frostmane
1887,327.5,307519135,10,Mists of Tirna Scithe,2024-11-16T15:27:45.000Z,1513446,1890999,2,"Xal'atath's Bargain: Ascendant, Tyrannical, Challenger's Peril, Fortified",細小粒,Rogue,Assassination,dps,Sundown Marsh
1887,327.5,307519135,10,Mists of Tirna Scithe,2024-11-16T15:27:45.000Z,1513446,1890999,2,"Xal'atath's Bargain: Ascendant, Tyrannical, Challenger's Peril, Fortified",烤肉仔,Druid,Restoration,healer,Crystalpine Stinger
1887,327.5,307519135,10,Mists of Tirna Scithe,2024-11-16T15:27:45.000Z,1513446,1890999,2,"Xal'atath's Bargain: Ascendant, Tyrannical, Challenger's Peril, Fortified",二月廿九,Mage,Frost,dps,Crystalpine Stinger
1887,327.5,307519135,10,Mists of Tirna Scithe,2024-11-16T15:27:45.000Z,1513446,1890999,2,"Xal'atath's Bargain: Ascendant, Tyrannical, Challenger's Peril, Fortified",扒褲亂擼,Shaman,Elemental,dps,Sundown Marsh
1887,327.5,307519135,10,Mists of Tirna Scithe,2024-11-16T15:27:45.000Z,1513446,1890999,2,"Xal'atath's Bargain: Ascendant, Tyrannical, Challenger's Peril, Fortified",扮酷危害健康,Paladin,Protection,tank,Crystalpine Stinger
1888,327.5,308093000,10,Mists of Tirna Scithe,2024-11-19T16:36:53.000Z,1513470,1890999,2,"Xal'atath's Bargain: Ascendant, Tyrannical, Challenger's Peril, Fortified",油切茶,Shaman,Elemental,dps,Dragonmaw
1888,327.5,308093000,10,Mists of Tirna Scithe,2024-11-19T16:36:53.000Z,1513470,1890999,2,"Xal'atath's Bargain: Ascendant, Tyrannical, Challenger's Peril, Fortified",雷比歐娜,Shaman,Restoration,healer,Whisperwind
1888,327.5,308093000,10,Mists of Tirna Scithe,2024-11-19T16:36:53.000Z,1513470,1890999,2,"Xal'atath's Bargain: Ascendant, Tyrannical, Challenger's Peril, Fortified",流星狂雨,Warrior,Protection,tank,Whisperwind
1888,327.5,308093000,10,Mists of Tirna Scithe,2024-11-19T16:36:53.000Z,1513470,1890999,2,"Xal'atath's Bargain: Ascendant, Tyrannical, Challenger's Peril, Fortified",不獸控制,Evoker,Augmentation,dps,Whisperwind
1888,327.5,308093000,10,Mists of Tirna Scithe,2024-11-19T16:36:53.000Z,1513470,1890999,2,"Xal'atath's Bargain: Ascendant, Tyrannical, Challenger's Peril, Fortified",恆雲流水,Priest,Shadow,dps,Dragonmaw
1889,327.5,302710235,10,Mists of Tirna Scithe,2024-10-25T13:41:13.000Z,1513709,1890999,2,"Xal'atath's Bargain: Ascendant, Fortified, Challenger's Peril, Tyrannical",虛灵空幻,Death Knight,Frost,dps,Spirestone
1889,327.5,302710235,10,Mists of Tirna Scithe,2024-10-25T13:41:13.000Z,1513709,1890999,2,"Xal'atath's Bargain: Ascendant, Fortified, Challenger's Peril, Tyrannical",再濺就再見,Paladin,Protection,tank,Spirestone
1889,327.5,302710235,10,Mists of Tirna Scithe,2024-10-25T13:41:13.000Z,1513709,1890999,2,"Xal'atath's Bargain: Ascendant, Fortified, Challenger's Peril, Tyrannical",Lilies,Druid,Restoration,healer,Nightsong
1889,327.5,302710235,10,Mists of Tirna Scithe,2024-10-25T13:41:13.000Z,1513709,1890999,2,"Xal'atath's Bargain: Ascendant, Fortified, Challenger's Peril, Tyrannical",光年之外,Paladin,Retribution,dps,Silverwing Hold
1889,327.5,302710235,10,Mists of Tirna Scithe,2024-10-25T13:41:13.000Z,1513709,1890999,2,"Xal'atath's Bargain: Ascendant, Fortified, Challenger's Peril, Tyrannical",Chiikawa,Hunter,Beast Mastery,dps,Whisperwind
1890,327.5,307181803,10,Mists of Tirna Scithe,2024-11-14T17:37:32.000Z,1513908,1890999,2,"Xal'atath's Bargain: Ascendant, Tyrannical, Challenger's Peril, Fortified",蒼暗寒霜,Death Knight,Unholy,dps,Shadowmoon
1890,327.5,307181803,10,Mists of Tirna Scithe,2024-11-14T17:37:32.000Z,1513908,1890999,2,"Xal'atath's Bargain: Ascendant, Tyrannical, Challenger's Peril, Fortified",緋焰,Mage,Frost,dps,Whisperwind
1890,327.5,307181803,10,Mists of Tirna Scithe,2024-11-14T17:37:32.000Z,1513908,1890999,2,"Xal'atath's Bargain: Ascendant, Tyrannical, Challenger's Peril, Fortified",烏龍綠去冰半,Paladin,Protection,tank,Wrathbringer
1890,327.5,307181803,10,Mists of Tirna Scithe,2024-11-14T17:37:32.000Z,1513908,1890999,2,"Xal'atath's Bargain: Ascendant, Tyrannical, Challenger's Peril, Fortified",木須,Evoker,Devastation,dps,Demon Fall Canyon
1890,327.5,307181803,10,Mists of Tirna Scithe,2024-11-14T17:37:32.000Z,1513908,1890999,2,"Xal'atath's Bargain: Ascendant, Tyrannical, Challenger's Peril, Fortified",Ggpaladin,Paladin,Holy,healer,Shadowmoon
1891,327.5,302860192,10,Mists of Tirna Scithe,2024-10-26T06:29:37.000Z,1514594,1890999,2,"Xal'atath's Bargain: Ascendant, Fortified, Challenger's Peril, Tyrannical",維龍迪爾,Hunter,Beast Mastery,dps,Shadowmoon
1891,327.5,302860192,10,Mists of Tirna Scithe,2024-10-26T06:29:37.000Z,1514594,1890999,2,"Xal'atath's Bargain: Ascendant, Fortified, Challenger's Peril, Tyrannical",達摩戰士,Warrior,Protection,tank,Shadowmoon
1891,327.5,302860192,10,Mists of Tirna Scithe,2024-10-26T06:29:37.000Z,1514594,1890999,2,"Xal'atath's Bargain: Ascendant, Fortified, Challenger's Peril, Tyrannical",Calvinkleinm,Death Knight,Frost,dps,Arthas
1891,327.5,302860192,10,Mists of Tirna Scithe,2024-10-26T06:29:37.000Z,1514594,1890999,2,"Xal'atath's Bargain: Ascendant, Fortified, Challenger's Peril, Tyrannical",手術無效,Shaman,Restoration,healer,Shadowmoon
1891,327.5,302860192,10,Mists of Tirna Scithe,2024-10-26T06:29:37.000Z,1514594,1890999,2,"Xal'atath's Bargain: Ascendant, Fortified, Challenger's Peril, Tyrannical",Pachinco,Shaman,Elemental,dps,Crystalpine Stinger
1892,327.5,303144770,10,Mists of Tirna Scithe,2024-10-27T09:30:51.000Z,1514605,1890999,2,"Xal'atath's Bargain: Ascendant, Fortified, Challenger's Peril, Tyrannical",我需要復活,Death Knight,Blood,tank,Quel'dorei
1892,327.5,303144770,10,Mists of Tirna Scithe,2024-10-27T09:30:51.000Z,1514605,1890999,2,"Xal'atath's Bargain: Ascendant, Fortified, Challenger's Peril, Tyrannical",Darkoflight,Death Knight,Frost,dps,Bleeding Hollow
1892,327.5,303144770,10,Mists of Tirna Scithe,2024-10-27T09:30:51.000Z,1514605,1890999,2,"Xal'atath's Bargain: Ascendant, Fortified, Challenger's Peril, Tyrannical",婉晴兒,Priest,Holy,healer,Silverwing Hold
1892,327.5,303144770,10,Mists of Tirna Scithe,2024-10-27T09:30:51.000Z,1514605,1890999,2,"Xal'atath's Bargain: Ascendant, Fortified, Challenger's Peril, Tyrannical",小小家伙,Mage,Frost,dps,Sundown Marsh
1892,327.5,303144770,10,Mists of Tirna Scithe,2024-10-27T09:30:51.000Z,1514605,1890999,2,"Xal'atath's Bargain: Ascendant, Fortified, Challenger's Peril, Tyrannical",Remains,Shaman,Elemental,dps,Icecrown
1893,327.5,307673776,10,Mists of Tirna Scithe,2024-11-17T07:27:02.000Z,1514636,1890999,2,"Xal'atath's Bargain: Ascendant, Tyrannical, Challenger's Peril, Fortified",魂祈,Mage,Frost,dps,Bleeding Hollow
1893,327.5,307673776,10,Mists of Tirna Scithe,2024-11-17T07:27:02.000Z,1514636,1890999,2,"Xal'atath's Bargain: Ascendant, Tyrannical, Challenger's Peril, Fortified",一久一,Shaman,Restoration,healer,Crystalpine Stinger
1893,327.5,307673776,10,Mists of Tirna Scithe,2024-11-17T07:27:02.000Z,1514636,1890999,2,"Xal'atath's Bargain: Ascendant, Tyrannical, Challenger's Peril, Fortified",雪漾泡泡,Paladin,Retribution,dps,Hellscream
1893,327.5,307673776,10,Mists of Tirna Scithe,2024-11-17T07:27:02.000Z,1514636,1890999,2,"Xal'atath's Bargain: Ascendant, Tyrannical, Challenger's Peril, Fortified",光鑄史瓦羅,Paladin,Protection,tank,Arygos
1893,327.5,307673776,10,Mists of Tirna Scithe,2024-11-17T07:27:02.000Z,1514636,1890999,2,"Xal'atath's Bargain: Ascendant, Tyrannical, Challenger's Peril, Fortified",Nodoubt,Death Knight,Frost,dps,Wrathbringer
1894,327.5,307292394,10,Mists of Tirna Scithe,2024-11-15T09:08:24.000Z,1514744,1890999,2,"Xal'atath's Bargain: Ascendant, Tyrannical, Challenger's Peril, Fortified",郭滔一號,Mage,Arcane,dps,Arygos
1894,327.5,307292394,10,Mists of Tirna Scithe,2024-11-15T09:08:24.000Z,1514744,1890999,2,"Xal'atath's Bargain: Ascendant, Tyrannical, Challenger's Peril, Fortified",殘兵陌路,Shaman,Enhancement,dps,Whisperwind
1894,327.5,307292394,10,Mists of Tirna Scithe,2024-11-15T09:08:24.000Z,1514744,1890999,2,"Xal'atath's Bargain: Ascendant, Tyrannical, Challenger's Peril, Fortified",我佛慈悲掌,Death Knight,Frost,dps,Shadowmoon
1894,327.5,307292394,10,Mists of Tirna Scithe,2024-11-15T09:08:24.000Z,1514744,1890999,2,"Xal'atath's Bargain: Ascendant, Tyrannical, Challenger's Peril, Fortified",焱骨,Warrior,Protection,tank,World Tree
1894,327.5,307292394,10,Mists of Tirna Scithe,2024-11-15T09:08:24.000Z,1514744,1890999,2,"Xal'atath's Bargain: Ascendant, Tyrannical, Challenger's Peril, Fortified",Hannaharendt,Priest,Discipline,healer,Hellscream
1895,327.5,302841374,10,Mists of Tirna Scithe,2024-10-26T03:24:32.000Z,1515316,1890999,2,"Xal'atath's Bargain: Ascendant, Fortified, Challenger's Peril, Tyrannical",毛克,Shaman,Elemental,dps,Demon Fall Canyon
1895,327.5,302841374,10,Mists of Tirna Scithe,2024-10-26T03:24:32.000Z,1515316,1890999,2,"Xal'atath's Bargain: Ascendant, Fortified, Challenger's Peril, Tyrannical",Dinahlance,Priest,Shadow,dps,Sundown Marsh
1895,327.5,302841374,10,Mists of Tirna Scithe,2024-10-26T03:24:32.000Z,1515316,1890999,2,"Xal'atath's Bargain: Ascendant, Fortified, Challenger's Peril, Tyrannical",加班不加薪,Shaman,Restoration,healer,Demon Fall Canyon
1895,327.5,302841374,10,Mists of Tirna Scithe,2024-10-26T03:24:32.000Z,1515316,1890999,2,"Xal'atath's Bargain: Ascendant, Fortified, Challenger's Peril, Tyrannical",Macross,Paladin,Protection,tank,Sundown Marsh
1895,327.5,302841374,10,Mists of Tirna Scithe,2024-10-26T03:24:32.000Z,1515316,1890999,2,"Xal'atath's Bargain: Ascendant, Fortified, Challenger's Peril, Tyrannical",排骨酥麵,Rogue,Assassination,dps,Demon Fall Canyon
1896,327.4,308041455,10,Mists of Tirna Scithe,2024-11-19T06:44:21.000Z,1515367,1890999,2,"Xal'atath's Bargain: Ascendant, Tyrannical, Challenger's Peril, Fortified",命定情人,Druid,Guardian,tank,Stormscale
1896,327.4,308041455,10,Mists of Tirna Scithe,2024-11-19T06:44:21.000Z,1515367,1890999,2,"Xal'atath's Bargain: Ascendant, Tyrannical, Challenger's Peril, Fortified",蝴蝶飛咯咯追,Shaman,Restoration,healer,Zealot Blade
1896,327.4,308041455,10,Mists of Tirna Scithe,2024-11-19T06:44:21.000Z,1515367,1890999,2,"Xal'atath's Bargain: Ascendant, Tyrannical, Challenger's Peril, Fortified",Nedudu,Druid,Balance,dps,Quel'dorei
1896,327.4,308041455,10,Mists of Tirna Scithe,2024-11-19T06:44:21.000Z,1515367,1890999,2,"Xal'atath's Bargain: Ascendant, Tyrannical, Challenger's Peril, Fortified",一记喵喵拳,Shaman,Enhancement,dps,Sundown Marsh
1896,327.4,308041455,10,Mists of Tirna Scithe,2024-11-19T06:44:21.000Z,1515367,1890999,2,"Xal'atath's Bargain: Ascendant, Tyrannical, Challenger's Peril, Fortified",病迪凱,Death Knight,Frost,dps,Crystalpine Stinger
1897,327.4,307279682,10,Mists of Tirna Scithe,2024-11-15T06:20:07.000Z,1515367,1890999,2,"Xal'atath's Bargain: Ascendant, Tyrannical, Challenger's Peril, Fortified",梪梪,Druid,Restoration,healer,Demon Fall Canyon
1897,327.4,307279682,10,Mists of Tirna Scithe,2024-11-15T06:20:07.000Z,1515367,1890999,2,"Xal'atath's Bargain: Ascendant, Tyrannical, Challenger's Peril, Fortified",止於平凡,Death Knight,Frost,dps,Nightsong
1897,327.4,307279682,10,Mists of Tirna Scithe,2024-11-15T06:20:07.000Z,1515367,1890999,2,"Xal'atath's Bargain: Ascendant, Tyrannical, Challenger's Peril, Fortified",蒼武影,Warrior,Fury,dps,Sundown Marsh
1897,327.4,307279682,10,Mists of Tirna Scithe,2024-11-15T06:20:07.000Z,1515367,1890999,2,"Xal'atath's Bargain: Ascendant, Tyrannical, Challenger's Peril, Fortified",躺一下下啦,Paladin,Protection,tank,Bleeding Hollow
1897,327.4,307279682,10,Mists of Tirna Scithe,2024-11-15T06:20:07.000Z,1515367,1890999,2,"Xal'atath's Bargain: Ascendant, Tyrannical, Challenger's Peril, Fortified",歐吧屮,Hunter,Beast Mastery,dps,Menethil
1898,327.4,302718833,10,Mists of Tirna Scithe,2024-10-24T20:15:48.000Z,1515703,1890999,2,"Xal'atath's Bargain: Ascendant, Fortified, Challenger's Peril, Tyrannical",爆肝姆姆,Shaman,Restoration,healer,Sundown Marsh
1898,327.4,302718833,10,Mists of Tirna Scithe,2024-10-24T20:15:48.000Z,1515703,1890999,2,"Xal'atath's Bargain: Ascendant, Fortified, Challenger's Peril, Tyrannical",高嶺雷蹄鹿,Druid,Guardian,tank,Arygos
1898,327.4,302718833,10,Mists of Tirna Scithe,2024-10-24T20:15:48.000Z,1515703,1890999,2,"Xal'atath's Bargain: Ascendant, Fortified, Challenger's Peril, Tyrannical",淺羽由稀,Warlock,Demonology,dps,Chillwind Point
1898,327.4,302718833,10,Mists of Tirna Scithe,2024-10-24T20:15:48.000Z,1515703,1890999,2,"Xal'atath's Bargain: Ascendant, Fortified, Challenger's Peril, Tyrannical",小威廉,Shaman,Elemental,dps,Nightsong
1898,327.4,302718833,10,Mists of Tirna Scithe,2024-10-24T20:15:48.000Z,1515703,1890999,2,"Xal'atath's Bargain: Ascendant, Fortified, Challenger's Peril, Tyrannical",飛天大狗,Mage,Arcane,dps,Arygos
1899,327.4,302449705,10,Mists of Tirna Scithe,2024-10-24T08:29:55.000Z,1515875,1890999,2,"Xal'atath's Bargain: Ascendant, Fortified, Challenger's Peril, Tyrannical",Sett,Death Knight,Blood,tank,Whisperwind
1899,327.4,302449705,10,Mists of Tirna Scithe,2024-10-24T08:29:55.000Z,1515875,1890999,2,"Xal'atath's Bargain: Ascendant, Fortified, Challenger's Peril, Tyrannical",人生多少十年,Demon Hunter,Havoc,dps,Silverwing Hold
1899,327.4,302449705,10,Mists of Tirna Scithe,2024-10-24T08:29:55.000Z,1515875,1890999,2,"Xal'atath's Bargain: Ascendant, Fortified, Challenger's Peril, Tyrannical",奶牛怪,Shaman,Elemental,dps,Arthas
1899,327.4,302449705,10,Mists of Tirna Scithe,2024-10-24T08:29:55.000Z,1515875,1890999,2,"Xal'atath's Bargain: Ascendant, Fortified, Challenger's Peril, Tyrannical",小心小心,Priest,Shadow,dps,Skywall
1899,327.4,302449705,10,Mists of Tirna Scithe,2024-10-24T08:29:55.000Z,1515875,1890999,2,"Xal'atath's Bargain: Ascendant, Fortified, Challenger's Peril, Tyrannical",貼心小棉襖,Monk,Mistweaver,healer,Whisperwind
1900,327.4,303439709,10,Mists of Tirna Scithe,2024-10-28T14:28:24.000Z,1515878,1890999,2,"Xal'atath's Bargain: Ascendant, Fortified, Challenger's Peril, Tyrannical",阿羅漢,Warrior,Fury,dps,Shadowmoon
1900,327.4,303439709,10,Mists of Tirna Scithe,2024-10-28T14:28:24.000Z,1515878,1890999,2,"Xal'atath's Bargain: Ascendant, Fortified, Challenger's Peril, Tyrannical",戰狼天,Warrior,Protection,tank,Shadowmoon
1900,327.4,303439709,10,Mists of Tirna Scithe,2024-10-28T14:28:24.000Z,1515878,1890999,2,"Xal'atath's Bargain: Ascendant, Fortified, Challenger's Peril, Tyrannical",古爾丹丹漢堡,Warlock,Destruction,dps,Shadowmoon
1900,327.4,303439709,10,Mists of Tirna Scithe,2024-10-28T14:28:24.000Z,1515878,1890999,2,"Xal'atath's Bargain: Ascendant, Fortified, Challenger's Peril, Tyrannical",Ameth,Priest,Holy,healer,Quel'dorei
1900,327.4,303439709,10,Mists of Tirna Scithe,2024-10-28T14:28:24.000Z,1515878,1890999,2,"Xal'atath's Bargain: Ascendant, Fortified, Challenger's Peril, Tyrannical",劍影無蹤,Shaman,Elemental,dps,Whisperwind
1901,327.4,302712492,10,Mists of Tirna Scithe,2024-10-25T17:54:34.000Z,1515911,1890999,2,"Xal'atath's Bargain: Ascendant, Fortified, Challenger's Peril, Tyrannical",舞昕,Death Knight,Frost,dps,Shadowmoon
1901,327.4,302712492,10,Mists of Tirna Scithe,2024-10-25T17:54:34.000Z,1515911,1890999,2,"Xal'atath's Bargain: Ascendant, Fortified, Challenger's Peril, Tyrannical",莫再蔣,Hunter,Survival,dps,Spirestone
1901,327.4,302712492,10,Mists of Tirna Scithe,2024-10-25T17:54:34.000Z,1515911,1890999,2,"Xal'atath's Bargain: Ascendant, Fortified, Challenger's Peril, Tyrannical",猛猛瘩,Warlock,Demonology,dps,Chillwind Point
1901,327.4,302712492,10,Mists of Tirna Scithe,2024-10-25T17:54:34.000Z,1515911,1890999,2,"Xal'atath's Bargain: Ascendant, Fortified, Challenger's Peril, Tyrannical",乙骨,Warrior,Protection,tank,Spirestone
1901,327.4,302712492,10,Mists of Tirna Scithe,2024-10-25T17:54:34.000Z,1515911,1890999,2,"Xal'atath's Bargain: Ascendant, Fortified, Challenger's Peril, Tyrannical",瀧藝天,Shaman,Restoration,healer,Spirestone
1902,327.4,285724837,10,Mists of Tirna Scithe,2024-10-28T13:33:57.000Z,1516174,1890999,2,"Xal'atath's Bargain: Ascendant, Fortified, Challenger's Peril, Tyrannical",維龍迪爾,Hunter,Beast Mastery,dps,Shadowmoon
1902,327.4,285724837,10,Mists of Tirna Scithe,2024-10-28T13:33:57.000Z,1516174,1890999,2,"Xal'atath's Bargain: Ascendant, Fortified, Challenger's Peril, Tyrannical",達摩戰士,Warrior,Protection,tank,Shadowmoon
1902,327.4,285724837,10,Mists of Tirna Scithe,2024-10-28T13:33:57.000Z,1516174,1890999,2,"Xal'atath's Bargain: Ascendant, Fortified, Challenger's Peril, Tyrannical",奈祖,Warlock,Demonology,dps,Arygos
1902,327.4,285724837,10,Mists of Tirna Scithe,2024-10-28T13:33:57.000Z,1516174,1890999,2,"Xal'atath's Bargain: Ascendant, Fortified, Challenger's Peril, Tyrannical",手術無效,Shaman,Restoration,healer,Shadowmoon
1902,327.4,285724837,10,Mists of Tirna Scithe,2024-10-28T13:33:57.000Z,1516174,1890999,2,"Xal'atath's Bargain: Ascendant, Fortified, Challenger's Peril, Tyrannical",漏喜,Paladin,Retribution,dps,Shadowmoon
1903,327.4,303790124,10,Mists of Tirna Scithe,2024-10-30T00:42:30.000Z,1516321,1890999,2,"Xal'atath's Bargain: Ascendant, Fortified, Challenger's Peril, Tyrannical",Kuroko,Shaman,Restoration,healer,Shadowmoon
1903,327.4,303790124,10,Mists of Tirna Scithe,2024-10-30T00:42:30.000Z,1516321,1890999,2,"Xal'atath's Bargain: Ascendant, Fortified, Challenger's Peril, Tyrannical",山行,Monk,Windwalker,dps,Demon Fall Canyon
1903,327.4,303790124,10,Mists of Tirna Scithe,2024-10-30T00:42:30.000Z,1516321,1890999,2,"Xal'atath's Bargain: Ascendant, Fortified, Challenger's Peril, Tyrannical",阿卡迪亞,Mage,Fire,dps,Arthas
1903,327.4,303790124,10,Mists of Tirna Scithe,2024-10-30T00:42:30.000Z,1516321,1890999,2,"Xal'atath's Bargain: Ascendant, Fortified, Challenger's Peril, Tyrannical",聖光之名,Paladin,Retribution,dps,Zealot Blade
1903,327.4,303790124,10,Mists of Tirna Scithe,2024-10-30T00:42:30.000Z,1516321,1890999,2,"Xal'atath's Bargain: Ascendant, Fortified, Challenger's Peril, Tyrannical",瘋狂打臉,Warrior,Protection,tank,Arygos
1904,327.4,302875150,10,Mists of Tirna Scithe,2024-10-26T07:38:09.000Z,1516339,1890999,2,"Xal'atath's Bargain: Ascendant, Fortified, Challenger's Peril, Tyrannical",塔蘭姬姬大,Shaman,Elemental,dps,Chillwind Point
1904,327.4,302875150,10,Mists of Tirna Scithe,2024-10-26T07:38:09.000Z,1516339,1890999,2,"Xal'atath's Bargain: Ascendant, Fortified, Challenger's Peril, Tyrannical",Erzae,Evoker,Preservation,healer,Wrathbringer
1904,327.4,302875150,10,Mists of Tirna Scithe,2024-10-26T07:38:09.000Z,1516339,1890999,2,"Xal'atath's Bargain: Ascendant, Fortified, Challenger's Peril, Tyrannical",龍當藏在雲裡,Warrior,Protection,tank,Sundown Marsh
1904,327.4,302875150,10,Mists of Tirna Scithe,2024-10-26T07:38:09.000Z,1516339,1890999,2,"Xal'atath's Bargain: Ascendant, Fortified, Challenger's Peril, Tyrannical",Mutopaladin,Paladin,Retribution,dps,Chillwind Point
1904,327.4,302875150,10,Mists of Tirna Scithe,2024-10-26T07:38:09.000Z,1516339,1890999,2,"Xal'atath's Bargain: Ascendant, Fortified, Challenger's Peril, Tyrannical",舔舔黏黏舔舔,Death Knight,Frost,dps,Chillwind Point
1905,327.4,293399122,10,Mists of Tirna Scithe,2024-09-20T15:50:02.000Z,1516564,1890999,2,"Xal'atath's Bargain: Ascendant, Tyrannical, Challenger's Peril, Fortified",夜空之希望,Shaman,Restoration,healer,Nightsong
1905,327.4,293399122,10,Mists of Tirna Scithe,2024-09-20T15:50:02.000Z,1516564,1890999,2,"Xal'atath's Bargain: Ascendant, Tyrannical, Challenger's Peril, Fortified",魔希,Evoker,Devastation,dps,Frostmane
1905,327.4,293399122,10,Mists of Tirna Scithe,2024-09-20T15:50:02.000Z,1516564,1890999,2,"Xal'atath's Bargain: Ascendant, Tyrannical, Challenger's Peril, Fortified",不羈的醒與醉,Warrior,Fury,dps,Frostmane
1905,327.4,293399122,10,Mists of Tirna Scithe,2024-09-20T15:50:02.000Z,1516564,1890999,2,"Xal'atath's Bargain: Ascendant, Tyrannical, Challenger's Peril, Fortified",恐怖牛伯伯,Death Knight,Blood,tank,Arygos
1905,327.4,293399122,10,Mists of Tirna Scithe,2024-09-20T15:50:02.000Z,1516564,1890999,2,"Xal'atath's Bargain: Ascendant, Tyrannical, Challenger's Peril, Fortified",新資料夾五,Warlock,Demonology,dps,Frostmane
1906,327.4,308176703,10,Mists of Tirna Scithe,2024-11-19T13:17:47.000Z,1516569,1890999,2,"Xal'atath's Bargain: Ascendant, Tyrannical, Challenger's Peril, Fortified",獵術,Hunter,Survival,dps,Crystalpine Stinger
1906,327.4,308176703,10,Mists of Tirna Scithe,2024-11-19T13:17:47.000Z,1516569,1890999,2,"Xal'atath's Bargain: Ascendant, Tyrannical, Challenger's Peril, Fortified",奈汨-43823451,Warrior,Fury,dps,Sundown Marsh
1906,327.4,308176703,10,Mists of Tirna Scithe,2024-11-19T13:17:47.000Z,1516569,1890999,2,"Xal'atath's Bargain: Ascendant, Tyrannical, Challenger's Peril, Fortified",那個瑞瑞,Priest,Discipline,healer,Shadowmoon
1906,327.4,308176703,10,Mists of Tirna Scithe,2024-11-19T13:17:47.000Z,1516569,1890999,2,"Xal'atath's Bargain: Ascendant, Tyrannical, Challenger's Peril, Fortified",復古新滋味,Paladin,Retribution,dps,Sundown Marsh
1906,327.4,308176703,10,Mists of Tirna Scithe,2024-11-19T13:17:47.000Z,1516569,1890999,2,"Xal'atath's Bargain: Ascendant, Tyrannical, Challenger's Peril, Fortified",棺飼茵葡颯,Druid,Guardian,tank,World Tree
1907,327.4,303440073,10,Mists of Tirna Scithe,2024-10-28T16:29:59.000Z,1516619,1890999,2,"Xal'atath's Bargain: Ascendant, Fortified, Challenger's Peril, Tyrannical",一成,Hunter,Marksmanship,dps,Silverwing Hold
1907,327.4,303440073,10,Mists of Tirna Scithe,2024-10-28T16:29:59.000Z,1516619,1890999,2,"Xal'atath's Bargain: Ascendant, Fortified, Challenger's Peril, Tyrannical",過冷河,Druid,Balance,dps,Demon Fall Canyon
1907,327.4,303440073,10,Mists of Tirna Scithe,2024-10-28T16:29:59.000Z,1516619,1890999,2,"Xal'atath's Bargain: Ascendant, Fortified, Challenger's Peril, Tyrannical",舞月凝,Paladin,Holy,healer,Demon Fall Canyon
1907,327.4,303440073,10,Mists of Tirna Scithe,2024-10-28T16:29:59.000Z,1516619,1890999,2,"Xal'atath's Bargain: Ascendant, Fortified, Challenger's Peril, Tyrannical",美痣痣,Demon Hunter,Havoc,dps,Demon Fall Canyon
1907,327.4,303440073,10,Mists of Tirna Scithe,2024-10-28T16:29:59.000Z,1516619,1890999,2,"Xal'atath's Bargain: Ascendant, Fortified, Challenger's Peril, Tyrannical",Doubletop,Warrior,Protection,tank,Sundown Marsh
1908,327.4,308274592,10,Mists of Tirna Scithe,2024-11-20T13:13:17.000Z,1516781,1890999,2,"Xal'atath's Bargain: Ascendant, Tyrannical, Challenger's Peril, Fortified",日暮途遠丶,Demon Hunter,Havoc,dps,Sundown Marsh
1908,327.4,308274592,10,Mists of Tirna Scithe,2024-11-20T13:13:17.000Z,1516781,1890999,2,"Xal'atath's Bargain: Ascendant, Tyrannical, Challenger's Peril, Fortified",晓霞,Paladin,Protection,tank,Sundown Marsh
1908,327.4,308274592,10,Mists of Tirna Scithe,2024-11-20T13:13:17.000Z,1516781,1890999,2,"Xal'atath's Bargain: Ascendant, Tyrannical, Challenger's Peril, Fortified",Antoineodin,Shaman,Elemental,dps,Bleeding Hollow
1908,327.4,308274592,10,Mists of Tirna Scithe,2024-11-20T13:13:17.000Z,1516781,1890999,2,"Xal'atath's Bargain: Ascendant, Tyrannical, Challenger's Peril, Fortified",米米修,Warlock,Demonology,dps,Sundown Marsh
1908,327.4,308274592,10,Mists of Tirna Scithe,2024-11-20T13:13:17.000Z,1516781,1890999,2,"Xal'atath's Bargain: Ascendant, Tyrannical, Challenger's Peril, Fortified",喬巴衛門,Shaman,Restoration,healer,Quel'dorei
1909,327.4,302974100,10,Mists of Tirna Scithe,2024-10-26T17:29:36.000Z,1516783,1890999,2,"Xal'atath's Bargain: Ascendant, Fortified, Challenger's Peril, Tyrannical",想補就補,Priest,Shadow,dps,Wrathbringer
1909,327.4,302974100,10,Mists of Tirna Scithe,2024-10-26T17:29:36.000Z,1516783,1890999,2,"Xal'atath's Bargain: Ascendant, Fortified, Challenger's Peril, Tyrannical",豬豬兒,Paladin,Holy,healer,Skywall
1909,327.4,302974100,10,Mists of Tirna Scithe,2024-10-26T17:29:36.000Z,1516783,1890999,2,"Xal'atath's Bargain: Ascendant, Fortified, Challenger's Peril, Tyrannical",Fwerdas,Hunter,Survival,dps,Chillwind Point
1909,327.4,302974100,10,Mists of Tirna Scithe,2024-10-26T17:29:36.000Z,1516783,1890999,2,"Xal'atath's Bargain: Ascendant, Fortified, Challenger's Peril, Tyrannical",你狗叫什麼,Druid,Guardian,tank,Chillwind Point
1909,327.4,302974100,10,Mists of Tirna Scithe,2024-10-26T17:29:36.000Z,1516783,1890999,2,"Xal'atath's Bargain: Ascendant, Fortified, Challenger's Peril, Tyrannical",Bibootax,Paladin,Retribution,dps,Menethil
1910,327.4,302718335,10,Mists of Tirna Scithe,2024-10-25T13:10:00.000Z,1517012,1890999,2,"Xal'atath's Bargain: Ascendant, Fortified, Challenger's Peril, Tyrannical",小紅鳥,Shaman,Restoration,healer,Light's Hope
1910,327.4,302718335,10,Mists of Tirna Scithe,2024-10-25T13:10:00.000Z,1517012,1890999,2,"Xal'atath's Bargain: Ascendant, Fortified, Challenger's Peril, Tyrannical",Cerberus,Mage,Arcane,dps,Whisperwind
1910,327.4,302718335,10,Mists of Tirna Scithe,2024-10-25T13:10:00.000Z,1517012,1890999,2,"Xal'atath's Bargain: Ascendant, Fortified, Challenger's Peril, Tyrannical",污地可耕,Warlock,Demonology,dps,Arygos
1910,327.4,302718335,10,Mists of Tirna Scithe,2024-10-25T13:10:00.000Z,1517012,1890999,2,"Xal'atath's Bargain: Ascendant, Fortified, Challenger's Peril, Tyrannical",Colo,Paladin,Retribution,dps,Silverwing Hold
1910,327.4,302718335,10,Mists of Tirna Scithe,2024-10-25T13:10:00.000Z,1517012,1890999,2,"Xal'atath's Bargain: Ascendant, Fortified, Challenger's Peril, Tyrannical",嵐斯洛特-227690868,Demon Hunter,Vengeance,tank,Whisperwind
1911,327.4,303655079,10,Mists of Tirna Scithe,2024-10-30T15:24:52.000Z,1517190,1890999,2,"Xal'atath's Bargain: Ascendant, Fortified, Challenger's Peril, Tyrannical",維尼跳跳熊,Monk,Brewmaster,tank,Wrathbringer
1911,327.4,303655079,10,Mists of Tirna Scithe,2024-10-30T15:24:52.000Z,1517190,1890999,2,"Xal'atath's Bargain: Ascendant, Fortified, Challenger's Peril, Tyrannical",酥狐蕾,Shaman,Restoration,healer,Wrathbringer
1911,327.4,303655079,10,Mists of Tirna Scithe,2024-10-30T15:24:52.000Z,1517190,1890999,2,"Xal'atath's Bargain: Ascendant, Fortified, Challenger's Peril, Tyrannical",神奇麥,Mage,Frost,dps,Wrathbringer
1911,327.4,303655079,10,Mists of Tirna Scithe,2024-10-30T15:24:52.000Z,1517190,1890999,2,"Xal'atath's Bargain: Ascendant, Fortified, Challenger's Peril, Tyrannical",Misha,Warrior,Fury,dps,Crystalpine Stinger
1911,327.4,303655079,10,Mists of Tirna Scithe,2024-10-30T15:24:52.000Z,1517190,1890999,2,"Xal'atath's Bargain: Ascendant, Fortified, Challenger's Peril, Tyrannical",狂亂小野豬,Hunter,Beast Mastery,dps,Sundown Marsh
1912,327.4,221924691,10,Mists of Tirna Scithe,2024-11-14T14:05:43.000Z,1517334,1890999,2,"Xal'atath's Bargain: Ascendant, Tyrannical, Challenger's Peril, Fortified",海派兔,Demon Hunter,Vengeance,tank,Frostmane
1912,327.4,221924691,10,Mists of Tirna Scithe,2024-11-14T14:05:43.000Z,1517334,1890999,2,"Xal'atath's Bargain: Ascendant, Tyrannical, Challenger's Peril, Fortified",Bluewhale,Hunter,Beast Mastery,dps,Frostmane
1912,327.4,221924691,10,Mists of Tirna Scithe,2024-11-14T14:05:43.000Z,1517334,1890999,2,"Xal'atath's Bargain: Ascendant, Tyrannical, Challenger's Peril, Fortified",我要上成大,Death Knight,Frost,dps,Frostmane
1912,327.4,221924691,10,Mists of Tirna Scithe,2024-11-14T14:05:43.000Z,1517334,1890999,2,"Xal'atath's Bargain: Ascendant, Tyrannical, Challenger's Peril, Fortified",比祈,Monk,Mistweaver,healer,Frostmane
1912,327.4,221924691,10,Mists of Tirna Scithe,2024-11-14T14:05:43.000Z,1517334,1890999,2,"Xal'atath's Bargain: Ascendant, Tyrannical, Challenger's Peril, Fortified",龍夕里拉,Evoker,Devastation,dps,Frostmane
1913,327.4,307735676,10,Mists of Tirna Scithe,2024-11-17T16:15:33.000Z,1517394,1890999,2,"Xal'atath's Bargain: Ascendant, Tyrannical, Challenger's Peril, Fortified",丁千千,Shaman,Restoration,healer,Quel'dorei
1913,327.4,307735676,10,Mists of Tirna Scithe,2024-11-17T16:15:33.000Z,1517394,1890999,2,"Xal'atath's Bargain: Ascendant, Tyrannical, Challenger's Peril, Fortified",只是為了,Priest,Shadow,dps,Shadowmoon
1913,327.4,307735676,10,Mists of Tirna Scithe,2024-11-17T16:15:33.000Z,1517394,1890999,2,"Xal'atath's Bargain: Ascendant, Tyrannical, Challenger's Peril, Fortified",德不嚐濕,Druid,Guardian,tank,Chillwind Point
1913,327.4,307735676,10,Mists of Tirna Scithe,2024-11-17T16:15:33.000Z,1517394,1890999,2,"Xal'atath's Bargain: Ascendant, Tyrannical, Challenger's Peril, Fortified",英純太后,Rogue,Assassination,dps,Shadowmoon
1913,327.4,307735676,10,Mists of Tirna Scithe,2024-11-17T16:15:33.000Z,1517394,1890999,2,"Xal'atath's Bargain: Ascendant, Tyrannical, Challenger's Peril, Fortified",苦命阿勞,Shaman,Enhancement,dps,Quel'dorei
1914,327.4,307170750,10,Mists of Tirna Scithe,2024-11-14T15:51:42.000Z,1517411,1890999,2,"Xal'atath's Bargain: Ascendant, Tyrannical, Challenger's Peril, Fortified",盼大莉亞,Monk,Mistweaver,healer,Whisperwind
1914,327.4,307170750,10,Mists of Tirna Scithe,2024-11-14T15:51:42.000Z,1517411,1890999,2,"Xal'atath's Bargain: Ascendant, Tyrannical, Challenger's Peril, Fortified",團一團,Hunter,Beast Mastery,dps,Icecrown
1914,327.4,307170750,10,Mists of Tirna Scithe,2024-11-14T15:51:42.000Z,1517411,1890999,2,"Xal'atath's Bargain: Ascendant, Tyrannical, Challenger's Peril, Fortified",冰小艾,Paladin,Retribution,dps,Sundown Marsh
1914,327.4,307170750,10,Mists of Tirna Scithe,2024-11-14T15:51:42.000Z,1517411,1890999,2,"Xal'atath's Bargain: Ascendant, Tyrannical, Challenger's Peril, Fortified",到處插,Shaman,Enhancement,dps,Icecrown
1914,327.4,307170750,10,Mists of Tirna Scithe,2024-11-14T15:51:42.000Z,1517411,1890999,2,"Xal'atath's Bargain: Ascendant, Tyrannical, Challenger's Peril, Fortified",小红手雏田,Warrior,Protection,tank,Shadowmoon
1915,327.4,303626804,10,Mists of Tirna Scithe,2024-10-29T11:43:14.000Z,1517495,1890999,2,"Xal'atath's Bargain: Ascendant, Fortified, Challenger's Peril, Tyrannical",丟丟雪球,Mage,Arcane,dps,Crystalpine Stinger
1915,327.4,303626804,10,Mists of Tirna Scithe,2024-10-29T11:43:14.000Z,1517495,1890999,2,"Xal'atath's Bargain: Ascendant, Fortified, Challenger's Peril, Tyrannical",波波薯-155813228,Priest,Holy,healer,Sundown Marsh
1915,327.4,303626804,10,Mists of Tirna Scithe,2024-10-29T11:43:14.000Z,1517495,1890999,2,"Xal'atath's Bargain: Ascendant, Fortified, Challenger's Peril, Tyrannical",Dmajor,Death Knight,Frost,dps,Crystalpine Stinger
1915,327.4,303626804,10,Mists of Tirna Scithe,2024-10-29T11:43:14.000Z,1517495,1890999,2,"Xal'atath's Bargain: Ascendant, Fortified, Challenger's Peril, Tyrannical",似影沉光-227121703,Paladin,Protection,tank,Sundown Marsh
1915,327.4,303626804,10,Mists of Tirna Scithe,2024-10-29T11:43:14.000Z,1517495,1890999,2,"Xal'atath's Bargain: Ascendant, Fortified, Challenger's Peril, Tyrannical",笑死哈哈,Paladin,Retribution,dps,Frostmane
1916,327.4,307464663,10,Mists of Tirna Scithe,2024-11-16T07:35:34.000Z,1517704,1890999,2,"Xal'atath's Bargain: Ascendant, Tyrannical, Challenger's Peril, Fortified",獨酌飲月,Priest,Discipline,healer,Dragonmaw
1916,327.4,307464663,10,Mists of Tirna Scithe,2024-11-16T07:35:34.000Z,1517704,1890999,2,"Xal'atath's Bargain: Ascendant, Tyrannical, Challenger's Peril, Fortified",在火九方,Monk,Windwalker,dps,Spirestone
1916,327.4,307464663,10,Mists of Tirna Scithe,2024-11-16T07:35:34.000Z,1517704,1890999,2,"Xal'atath's Bargain: Ascendant, Tyrannical, Challenger's Peril, Fortified",琉諾伊布奇,Evoker,Devastation,dps,Crystalpine Stinger
1916,327.4,307464663,10,Mists of Tirna Scithe,2024-11-16T07:35:34.000Z,1517704,1890999,2,"Xal'atath's Bargain: Ascendant, Tyrannical, Challenger's Peril, Fortified",Yukikajiura,Priest,Shadow,dps,Chillwind Point
1916,327.4,307464663,10,Mists of Tirna Scithe,2024-11-16T07:35:34.000Z,1517704,1890999,2,"Xal'atath's Bargain: Ascendant, Tyrannical, Challenger's Peril, Fortified",鐵支路等一人,Paladin,Protection,tank,Chillwind Point
1917,327.4,307514755,10,Mists of Tirna Scithe,2024-11-16T15:46:39.000Z,1518052,1890999,2,"Xal'atath's Bargain: Ascendant, Tyrannical, Challenger's Peril, Fortified",日影星耀,Paladin,Holy,healer,Wrathbringer
1917,327.4,307514755,10,Mists of Tirna Scithe,2024-11-16T15:46:39.000Z,1518052,1890999,2,"Xal'atath's Bargain: Ascendant, Tyrannical, Challenger's Peril, Fortified",紫菁,Paladin,Retribution,dps,Nightsong
1917,327.4,307514755,10,Mists of Tirna Scithe,2024-11-16T15:46:39.000Z,1518052,1890999,2,"Xal'atath's Bargain: Ascendant, Tyrannical, Challenger's Peril, Fortified",小病毒,Druid,Balance,dps,Nightsong
1917,327.4,307514755,10,Mists of Tirna Scithe,2024-11-16T15:46:39.000Z,1518052,1890999,2,"Xal'atath's Bargain: Ascendant, Tyrannical, Challenger's Peril, Fortified",目影星耀-231166122,Demon Hunter,Vengeance,tank,Dragonmaw
1917,327.4,307514755,10,Mists of Tirna Scithe,2024-11-16T15:46:39.000Z,1518052,1890999,2,"Xal'atath's Bargain: Ascendant, Tyrannical, Challenger's Peril, Fortified",曰影星耀,Mage,Frost,dps,Dragonmaw
1918,327.4,302718509,10,Mists of Tirna Scithe,2024-10-25T11:26:46.000Z,1518125,1890999,2,"Xal'atath's Bargain: Ascendant, Fortified, Challenger's Peril, Tyrannical",暴雪全家確診,Mage,Frost,dps,Frostmane
1918,327.4,302718509,10,Mists of Tirna Scithe,2024-10-25T11:26:46.000Z,1518125,1890999,2,"Xal'atath's Bargain: Ascendant, Fortified, Challenger's Peril, Tyrannical",極速獵手,Hunter,Beast Mastery,dps,Dragonmaw
1918,327.4,302718509,10,Mists of Tirna Scithe,2024-10-25T11:26:46.000Z,1518125,1890999,2,"Xal'atath's Bargain: Ascendant, Fortified, Challenger's Peril, Tyrannical",打我啊笨蛋,Rogue,Outlaw,dps,Bleeding Hollow
1918,327.4,302718509,10,Mists of Tirna Scithe,2024-10-25T11:26:46.000Z,1518125,1890999,2,"Xal'atath's Bargain: Ascendant, Fortified, Challenger's Peril, Tyrannical",薩滿喵,Shaman,Restoration,healer,Shadowmoon
1918,327.4,302718509,10,Mists of Tirna Scithe,2024-10-25T11:26:46.000Z,1518125,1890999,2,"Xal'atath's Bargain: Ascendant, Fortified, Challenger's Peril, Tyrannical",真里亞,Druid,Guardian,tank,Frostmane
1919,327.4,308209680,10,Mists of Tirna Scithe,2024-11-19T17:17:14.000Z,1518314,1890999,2,"Xal'atath's Bargain: Ascendant, Tyrannical, Challenger's Peril, Fortified",起床吃肉棒,Shaman,Enhancement,dps,Arthas
1919,327.4,308209680,10,Mists of Tirna Scithe,2024-11-19T17:17:14.000Z,1518314,1890999,2,"Xal'atath's Bargain: Ascendant, Tyrannical, Challenger's Peril, Fortified",偷箱用,Rogue,Assassination,dps,Nightsong
1919,327.4,308209680,10,Mists of Tirna Scithe,2024-11-19T17:17:14.000Z,1518314,1890999,2,"Xal'atath's Bargain: Ascendant, Tyrannical, Challenger's Peril, Fortified",抹茶蘇打水,Mage,Frost,dps,Arthas
1919,327.4,308209680,10,Mists of Tirna Scithe,2024-11-19T17:17:14.000Z,1518314,1890999,2,"Xal'atath's Bargain: Ascendant, Tyrannical, Challenger's Peril, Fortified",麻吉啪啦叮,Paladin,Protection,tank,Demon Fall Canyon
1919,327.4,308209680,10,Mists of Tirna Scithe,2024-11-19T17:17:14.000Z,1518314,1890999,2,"Xal'atath's Bargain: Ascendant, Tyrannical, Challenger's Peril, Fortified",Talonflame,Paladin,Holy,healer,Zealot Blade
1920,327.4,308430472,10,Mists of Tirna Scithe,2024-11-20T13:59:57.000Z,1518366,1890999,2,"Xal'atath's Bargain: Ascendant, Tyrannical, Challenger's Peril, Fortified",零崎零識,Warlock,Demonology,dps,Arthas
1920,327.4,308430472,10,Mists of Tirna Scithe,2024-11-20T13:59:57.000Z,1518366,1890999,2,"Xal'atath's Bargain: Ascendant, Tyrannical, Challenger's Peril, Fortified",長衫罩指茸,Death Knight,Unholy,dps,Shadowmoon
1920,327.4,308430472,10,Mists of Tirna Scithe,2024-11-20T13:59:57.000Z,1518366,1890999,2,"Xal'atath's Bargain: Ascendant, Tyrannical, Challenger's Peril, Fortified",莉莉妮特風行,Paladin,Protection,tank,Arthas
1920,327.4,308430472,10,Mists of Tirna Scithe,2024-11-20T13:59:57.000Z,1518366,1890999,2,"Xal'atath's Bargain: Ascendant, Tyrannical, Challenger's Peril, Fortified",Swatchz,Hunter,Beast Mastery,dps,Arthas
1920,327.4,308430472,10,Mists of Tirna Scithe,2024-11-20T13:59:57.000Z,1518366,1890999,2,"Xal'atath's Bargain: Ascendant, Tyrannical, Challenger's Peril, Fortified",緣緣,Shaman,Restoration,healer,Arthas
1921,327.4,307184842,10,Mists of Tirna Scithe,2024-11-14T17:45:34.000Z,1518462,1890999,2,"Xal'atath's Bargain: Ascendant, Tyrannical, Challenger's Peril, Fortified",惡魔歸來,Demon Hunter,Vengeance,tank,Icecrown
1921,327.4,307184842,10,Mists of Tirna Scithe,2024-11-14T17:45:34.000Z,1518462,1890999,2,"Xal'atath's Bargain: Ascendant, Tyrannical, Challenger's Peril, Fortified",亞由亞由,Priest,Discipline,healer,Chillwind Point
1921,327.4,307184842,10,Mists of Tirna Scithe,2024-11-14T17:45:34.000Z,1518462,1890999,2,"Xal'atath's Bargain: Ascendant, Tyrannical, Challenger's Peril, Fortified",迺基胤幫邦,Evoker,Augmentation,dps,Arthas
1921,327.4,307184842,10,Mists of Tirna Scithe,2024-11-14T17:45:34.000Z,1518462,1890999,2,"Xal'atath's Bargain: Ascendant, Tyrannical, Challenger's Peril, Fortified",拜因德拉莫,Warlock,Destruction,dps,Icecrown
1921,327.4,307184842,10,Mists of Tirna Scithe,2024-11-14T17:45:34.000Z,1518462,1890999,2,"Xal'atath's Bargain: Ascendant, Tyrannical, Challenger's Peril, Fortified",奇怪的圖騰,Shaman,Enhancement,dps,Arthas
1922,327.4,302712186,10,Mists of Tirna Scithe,2024-10-25T16:04:38.000Z,1518759,1890999,2,"Xal'atath's Bargain: Ascendant, Fortified, Challenger's Peril, Tyrannical",家政婦,Monk,Windwalker,dps,Demon Fall Canyon
1922,327.4,302712186,10,Mists of Tirna Scithe,2024-10-25T16:04:38.000Z,1518759,1890999,2,"Xal'atath's Bargain: Ascendant, Fortified, Challenger's Peril, Tyrannical",悠悠我伈,Druid,Restoration,healer,Dragonmaw
1922,327.4,302712186,10,Mists of Tirna Scithe,2024-10-25T16:04:38.000Z,1518759,1890999,2,"Xal'atath's Bargain: Ascendant, Fortified, Challenger's Peril, Tyrannical",漾小凜,Shaman,Elemental,dps,Sundown Marsh
1922,327.4,302712186,10,Mists of Tirna Scithe,2024-10-25T16:04:38.000Z,1518759,1890999,2,"Xal'atath's Bargain: Ascendant, Fortified, Challenger's Peril, Tyrannical",義刀流,Paladin,Retribution,dps,Sundown Marsh
1922,327.4,302712186,10,Mists of Tirna Scithe,2024-10-25T16:04:38.000Z,1518759,1890999,2,"Xal'atath's Bargain: Ascendant, Fortified, Challenger's Peril, Tyrannical",牛扭牛扭牛,Druid,Guardian,tank,Silverwing Hold
1923,327.4,307681425,10,Mists of Tirna Scithe,2024-11-17T07:37:37.000Z,1518951,1890999,2,"Xal'atath's Bargain: Ascendant, Tyrannical, Challenger's Peril, Fortified",荒野的追尋者,Shaman,Restoration,healer,Icecrown
1923,327.4,307681425,10,Mists of Tirna Scithe,2024-11-17T07:37:37.000Z,1518951,1890999,2,"Xal'atath's Bargain: Ascendant, Tyrannical, Challenger's Peril, Fortified",蒼陵,Warrior,Protection,tank,Chillwind Point
1923,327.4,307681425,10,Mists of Tirna Scithe,2024-11-17T07:37:37.000Z,1518951,1890999,2,"Xal'atath's Bargain: Ascendant, Tyrannical, Challenger's Peril, Fortified",希望的救贖,Druid,Balance,dps,Nightsong
1923,327.4,307681425,10,Mists of Tirna Scithe,2024-11-17T07:37:37.000Z,1518951,1890999,2,"Xal'atath's Bargain: Ascendant, Tyrannical, Challenger's Peril, Fortified",Arielle,Paladin,Retribution,dps,Nightsong
1923,327.4,307681425,10,Mists of Tirna Scithe,2024-11-17T07:37:37.000Z,1518951,1890999,2,"Xal'atath's Bargain: Ascendant, Tyrannical, Challenger's Peril, Fortified",Ymage,Mage,Frost,dps,Spirestone
1924,327.4,308137061,10,Mists of Tirna Scithe,2024-11-19T13:12:43.000Z,1518968,1890999,2,"Xal'atath's Bargain: Ascendant, Tyrannical, Challenger's Peril, Fortified",嵐尼,Warlock,Affliction,dps,Chillwind Point
1924,327.4,308137061,10,Mists of Tirna Scithe,2024-11-19T13:12:43.000Z,1518968,1890999,2,"Xal'atath's Bargain: Ascendant, Tyrannical, Challenger's Peril, Fortified",機掰王凱超,Druid,Guardian,tank,Chillwind Point
1924,327.4,308137061,10,Mists of Tirna Scithe,2024-11-19T13:12:43.000Z,1518968,1890999,2,"Xal'atath's Bargain: Ascendant, Tyrannical, Challenger's Peril, Fortified",獨自傷悲,Hunter,Beast Mastery,dps,Menethil
1924,327.4,308137061,10,Mists of Tirna Scithe,2024-11-19T13:12:43.000Z,1518968,1890999,2,"Xal'atath's Bargain: Ascendant, Tyrannical, Challenger's Peril, Fortified",歐洲時尚型男,Paladin,Retribution,dps,Silverwing Hold
1924,327.4,308137061,10,Mists of Tirna Scithe,2024-11-19T13:12:43.000Z,1518968,1890999,2,"Xal'atath's Bargain: Ascendant, Tyrannical, Challenger's Peril, Fortified",栗古,Priest,Discipline,healer,Chillwind Point
1925,327.4,303990496,10,Mists of Tirna Scithe,2024-10-30T14:57:56.000Z,1519333,1890999,2,"Xal'atath's Bargain: Ascendant, Fortified, Challenger's Peril, Tyrannical",Shadows,Death Knight,Frost,dps,Chillwind Point
1925,327.4,303990496,10,Mists of Tirna Scithe,2024-10-30T14:57:56.000Z,1519333,1890999,2,"Xal'atath's Bargain: Ascendant, Fortified, Challenger's Peril, Tyrannical",Noith,Priest,Holy,healer,Icecrown
1925,327.4,303990496,10,Mists of Tirna Scithe,2024-10-30T14:57:56.000Z,1519333,1890999,2,"Xal'atath's Bargain: Ascendant, Fortified, Challenger's Peril, Tyrannical",稻香,Shaman,Elemental,dps,Chillwind Point
1925,327.4,303990496,10,Mists of Tirna Scithe,2024-10-30T14:57:56.000Z,1519333,1890999,2,"Xal'atath's Bargain: Ascendant, Fortified, Challenger's Peril, Tyrannical",Syluckyman,Paladin,Retribution,dps,Zealot Blade
1925,327.4,303990496,10,Mists of Tirna Scithe,2024-10-30T14:57:56.000Z,1519333,1890999,2,"Xal'atath's Bargain: Ascendant, Fortified, Challenger's Peril, Tyrannical",Osginy,Paladin,Protection,tank,Chillwind Point
1926,327.4,307891408,10,Mists of Tirna Scithe,2024-11-18T09:29:25.000Z,1520330,1890999,2,"Xal'atath's Bargain: Ascendant, Tyrannical, Challenger's Peril, Fortified",風滔夜月,Death Knight,Blood,tank,Wrathbringer
1926,327.4,307891408,10,Mists of Tirna Scithe,2024-11-18T09:29:25.000Z,1520330,1890999,2,"Xal'atath's Bargain: Ascendant, Tyrannical, Challenger's Peril, Fortified",醬喔,Mage,Fire,dps,Frostmane
1926,327.4,307891408,10,Mists of Tirna Scithe,2024-11-18T09:29:25.000Z,1520330,1890999,2,"Xal'atath's Bargain: Ascendant, Tyrannical, Challenger's Peril, Fortified",壽沙沙,Hunter,Survival,dps,Sundown Marsh
1926,327.4,307891408,10,Mists of Tirna Scithe,2024-11-18T09:29:25.000Z,1520330,1890999,2,"Xal'atath's Bargain: Ascendant, Tyrannical, Challenger's Peril, Fortified",橘子汁的回甘,Paladin,Retribution,dps,Stormscale
1926,327.4,307891408,10,Mists of Tirna Scithe,2024-11-18T09:29:25.000Z,1520330,1890999,2,"Xal'atath's Bargain: Ascendant, Tyrannical, Challenger's Peril, Fortified",奧蕾利婭,Shaman,Restoration,healer,Wrathbringer
1927,327.3,307124324,10,Mists of Tirna Scithe,2024-11-14T06:24:04.000Z,1520632,1890999,2,"Xal'atath's Bargain: Ascendant, Tyrannical, Challenger's Peril, Fortified",Rallyz,Shaman,Restoration,healer,Arthas
1927,327.3,307124324,10,Mists of Tirna Scithe,2024-11-14T06:24:04.000Z,1520632,1890999,2,"Xal'atath's Bargain: Ascendant, Tyrannical, Challenger's Peril, Fortified",靈緲,Rogue,Assassination,dps,Arthas
1927,327.3,307124324,10,Mists of Tirna Scithe,2024-11-14T06:24:04.000Z,1520632,1890999,2,"Xal'atath's Bargain: Ascendant, Tyrannical, Challenger's Peril, Fortified",零崎零識,Warlock,Demonology,dps,Arthas
1927,327.3,307124324,10,Mists of Tirna Scithe,2024-11-14T06:24:04.000Z,1520632,1890999,2,"Xal'atath's Bargain: Ascendant, Tyrannical, Challenger's Peril, Fortified",Jarvinia,Warrior,Protection,tank,Shadowmoon
1927,327.3,307124324,10,Mists of Tirna Scithe,2024-11-14T06:24:04.000Z,1520632,1890999,2,"Xal'atath's Bargain: Ascendant, Tyrannical, Challenger's Peril, Fortified",夷蚌嚇怯-227880143,Paladin,Retribution,dps,Stormscale
1928,327.3,303188613,10,Mists of Tirna Scithe,2024-10-27T14:08:28.000Z,1520911,1890999,2,"Xal'atath's Bargain: Ascendant, Fortified, Challenger's Peril, Tyrannical",六十六個獵人,Hunter,Survival,dps,Crystalpine Stinger
1928,327.3,303188613,10,Mists of Tirna Scithe,2024-10-27T14:08:28.000Z,1520911,1890999,2,"Xal'atath's Bargain: Ascendant, Fortified, Challenger's Peril, Tyrannical",蓋亞克洛諾斯,Shaman,Elemental,dps,Crystalpine Stinger
1928,327.3,303188613,10,Mists of Tirna Scithe,2024-10-27T14:08:28.000Z,1520911,1890999,2,"Xal'atath's Bargain: Ascendant, Fortified, Challenger's Peril, Tyrannical",Kant,Death Knight,Blood,tank,Crystalpine Stinger
1928,327.3,303188613,10,Mists of Tirna Scithe,2024-10-27T14:08:28.000Z,1520911,1890999,2,"Xal'atath's Bargain: Ascendant, Fortified, Challenger's Peril, Tyrannical",霞之丘诗羽,Hunter,Survival,dps,Crystalpine Stinger
1928,327.3,303188613,10,Mists of Tirna Scithe,2024-10-27T14:08:28.000Z,1520911,1890999,2,"Xal'atath's Bargain: Ascendant, Fortified, Challenger's Peril, Tyrannical",熊貓貓,Shaman,Restoration,healer,Crystalpine Stinger
1929,327.3,307326606,10,Mists of Tirna Scithe,2024-11-15T15:07:13.000Z,1521646,1890999,2,"Xal'atath's Bargain: Ascendant, Tyrannical, Challenger's Peril, Fortified",快篩兩條線,Death Knight,Blood,tank,Arygos
1929,327.3,307326606,10,Mists of Tirna Scithe,2024-11-15T15:07:13.000Z,1521646,1890999,2,"Xal'atath's Bargain: Ascendant, Tyrannical, Challenger's Peril, Fortified",電療專家,Shaman,Restoration,healer,Menethil
1929,327.3,307326606,10,Mists of Tirna Scithe,2024-11-15T15:07:13.000Z,1521646,1890999,2,"Xal'atath's Bargain: Ascendant, Tyrannical, Challenger's Peril, Fortified",夢綾音,Paladin,Retribution,dps,Skywall
1929,327.3,307326606,10,Mists of Tirna Scithe,2024-11-15T15:07:13.000Z,1521646,1890999,2,"Xal'atath's Bargain: Ascendant, Tyrannical, Challenger's Peril, Fortified",部落舞凰,Warrior,Fury,dps,Arygos
1929,327.3,307326606,10,Mists of Tirna Scithe,2024-11-15T15:07:13.000Z,1521646,1890999,2,"Xal'atath's Bargain: Ascendant, Tyrannical, Challenger's Peril, Fortified",蒙大拿,Death Knight,Frost,dps,Arygos
1930,327.3,307522042,10,Mists of Tirna Scithe,2024-11-16T15:33:24.000Z,1521810,1890999,2,"Xal'atath's Bargain: Ascendant, Tyrannical, Challenger's Peril, Fortified",七夜雪,Druid,Guardian,tank,Sundown Marsh
1930,327.3,307522042,10,Mists of Tirna Scithe,2024-11-16T15:33:24.000Z,1521810,1890999,2,"Xal'atath's Bargain: Ascendant, Tyrannical, Challenger's Peril, Fortified",Alrischa,Paladin,Retribution,dps,Nightsong
1930,327.3,307522042,10,Mists of Tirna Scithe,2024-11-16T15:33:24.000Z,1521810,1890999,2,"Xal'atath's Bargain: Ascendant, Tyrannical, Challenger's Peril, Fortified",Areanz,Shaman,Restoration,healer,Demon Fall Canyon
1930,327.3,307522042,10,Mists of Tirna Scithe,2024-11-16T15:33:24.000Z,1521810,1890999,2,"Xal'atath's Bargain: Ascendant, Tyrannical, Challenger's Peril, Fortified",戳戳杳,Shaman,Enhancement,dps,Sundown Marsh
1930,327.3,307522042,10,Mists of Tirna Scithe,2024-11-16T15:33:24.000Z,1521810,1890999,2,"Xal'atath's Bargain: Ascendant, Tyrannical, Challenger's Peril, Fortified",大辣螺絲粉,Druid,Balance,dps,Sundown Marsh
1931,327.3,308077136,10,Mists of Tirna Scithe,2024-11-19T12:47:17.000Z,1521922,1890999,2,"Xal'atath's Bargain: Ascendant, Tyrannical, Challenger's Peril, Fortified",公正,Hunter,Beast Mastery,dps,Hellscream
1931,327.3,308077136,10,Mists of Tirna Scithe,2024-11-19T12:47:17.000Z,1521922,1890999,2,"Xal'atath's Bargain: Ascendant, Tyrannical, Challenger's Peril, Fortified",乂天使惡魔乂,Druid,Restoration,healer,Silverwing Hold
1931,327.3,308077136,10,Mists of Tirna Scithe,2024-11-19T12:47:17.000Z,1521922,1890999,2,"Xal'atath's Bargain: Ascendant, Tyrannical, Challenger's Peril, Fortified",如此這樣,Paladin,Retribution,dps,Silverwing Hold
1931,327.3,308077136,10,Mists of Tirna Scithe,2024-11-19T12:47:17.000Z,1521922,1890999,2,"Xal'atath's Bargain: Ascendant, Tyrannical, Challenger's Peril, Fortified",Kristine,Paladin,Retribution,dps,Shadowmoon
1931,327.3,308077136,10,Mists of Tirna Scithe,2024-11-19T12:47:17.000Z,1521922,1890999,2,"Xal'atath's Bargain: Ascendant, Tyrannical, Challenger's Peril, Fortified",山鬼,Warrior,Protection,tank,Silverwing Hold
1932,327.3,307907005,10,Mists of Tirna Scithe,2024-11-18T12:43:36.000Z,1521965,1890999,2,"Xal'atath's Bargain: Ascendant, Tyrannical, Challenger's Peril, Fortified",天儺,Warrior,Protection,tank,Shadowmoon
1932,327.3,307907005,10,Mists of Tirna Scithe,2024-11-18T12:43:36.000Z,1521965,1890999,2,"Xal'atath's Bargain: Ascendant, Tyrannical, Challenger's Peril, Fortified",吉祥果,Druid,Balance,dps,Whisperwind
1932,327.3,307907005,10,Mists of Tirna Scithe,2024-11-18T12:43:36.000Z,1521965,1890999,2,"Xal'atath's Bargain: Ascendant, Tyrannical, Challenger's Peril, Fortified",乂天人乂,Warlock,Destruction,dps,Chillwind Point
1932,327.3,307907005,10,Mists of Tirna Scithe,2024-11-18T12:43:36.000Z,1521965,1890999,2,"Xal'atath's Bargain: Ascendant, Tyrannical, Challenger's Peril, Fortified",椎名雪,Priest,Holy,healer,Shadowmoon
1932,327.3,307907005,10,Mists of Tirna Scithe,2024-11-18T12:43:36.000Z,1521965,1890999,2,"Xal'atath's Bargain: Ascendant, Tyrannical, Challenger's Peril, Fortified",正光阻,Paladin,Retribution,dps,Shadowmoon
1933,327.3,308296514,10,Mists of Tirna Scithe,2024-11-20T13:16:07.000Z,1521985,1890999,2,"Xal'atath's Bargain: Ascendant, Tyrannical, Challenger's Peril, Fortified",Howdareu,Hunter,Survival,dps,Bleeding Hollow
1933,327.3,308296514,10,Mists of Tirna Scithe,2024-11-20T13:16:07.000Z,1521985,1890999,2,"Xal'atath's Bargain: Ascendant, Tyrannical, Challenger's Peril, Fortified",薩殺殺,Shaman,Restoration,healer,Crystalpine Stinger
1933,327.3,308296514,10,Mists of Tirna Scithe,2024-11-20T13:16:07.000Z,1521985,1890999,2,"Xal'atath's Bargain: Ascendant, Tyrannical, Challenger's Peril, Fortified",千咲,Paladin,Retribution,dps,Demon Fall Canyon
1933,327.3,308296514,10,Mists of Tirna Scithe,2024-11-20T13:16:07.000Z,1521985,1890999,2,"Xal'atath's Bargain: Ascendant, Tyrannical, Challenger's Peril, Fortified",Cilian,Warrior,Protection,tank,Sundown Marsh
1933,327.3,308296514,10,Mists of Tirna Scithe,2024-11-20T13:16:07.000Z,1521985,1890999,2,"Xal'atath's Bargain: Ascendant, Tyrannical, Challenger's Peril, Fortified",似炛,Paladin,Retribution,dps,Stormscale
1934,327.3,307909448,10,Mists of Tirna Scithe,2024-11-18T05:08:20.000Z,1522144,1890999,2,"Xal'atath's Bargain: Ascendant, Tyrannical, Challenger's Peril, Fortified",喬安,Shaman,Restoration,healer,Stormscale
1934,327.3,307909448,10,Mists of Tirna Scithe,2024-11-18T05:08:20.000Z,1522144,1890999,2,"Xal'atath's Bargain: Ascendant, Tyrannical, Challenger's Peril, Fortified",天使舞儿,Warlock,Destruction,dps,Light's Hope
1934,327.3,307909448,10,Mists of Tirna Scithe,2024-11-18T05:08:20.000Z,1522144,1890999,2,"Xal'atath's Bargain: Ascendant, Tyrannical, Challenger's Peril, Fortified",雪漾泡泡,Paladin,Retribution,dps,Hellscream
1934,327.3,307909448,10,Mists of Tirna Scithe,2024-11-18T05:08:20.000Z,1522144,1890999,2,"Xal'atath's Bargain: Ascendant, Tyrannical, Challenger's Peril, Fortified",蒿凸路死,Demon Hunter,Vengeance,tank,Arthas
1934,327.3,307909448,10,Mists of Tirna Scithe,2024-11-18T05:08:20.000Z,1522144,1890999,2,"Xal'atath's Bargain: Ascendant, Tyrannical, Challenger's Peril, Fortified",紅色人種,Death Knight,Frost,dps,Arthas
1935,327.3,307178586,10,Mists of Tirna Scithe,2024-11-14T17:05:10.000Z,1522292,1890999,2,"Xal'atath's Bargain: Ascendant, Tyrannical, Challenger's Peril, Fortified",花生恩,Mage,Fire,dps,Menethil
1935,327.3,307178586,10,Mists of Tirna Scithe,2024-11-14T17:05:10.000Z,1522292,1890999,2,"Xal'atath's Bargain: Ascendant, Tyrannical, Challenger's Peril, Fortified",磁石戰士貝塔,Hunter,Survival,dps,Frostmane
1935,327.3,307178586,10,Mists of Tirna Scithe,2024-11-14T17:05:10.000Z,1522292,1890999,2,"Xal'atath's Bargain: Ascendant, Tyrannical, Challenger's Peril, Fortified",歐皇專家爾泰,Druid,Feral,dps,Menethil
1935,327.3,307178586,10,Mists of Tirna Scithe,2024-11-14T17:05:10.000Z,1522292,1890999,2,"Xal'atath's Bargain: Ascendant, Tyrannical, Challenger's Peril, Fortified",Midkight,Death Knight,Blood,tank,Bleeding Hollow
1935,327.3,307178586,10,Mists of Tirna Scithe,2024-11-14T17:05:10.000Z,1522292,1890999,2,"Xal'atath's Bargain: Ascendant, Tyrannical, Challenger's Peril, Fortified",喵小美,Shaman,Restoration,healer,Frostmane
1936,327.3,303853423,10,Mists of Tirna Scithe,2024-10-30T15:44:48.000Z,1522430,1890999,2,"Xal'atath's Bargain: Ascendant, Fortified, Challenger's Peril, Tyrannical",克蕾兒德露恩,Rogue,Outlaw,dps,Shadowmoon
1936,327.3,303853423,10,Mists of Tirna Scithe,2024-10-30T15:44:48.000Z,1522430,1890999,2,"Xal'atath's Bargain: Ascendant, Fortified, Challenger's Peril, Tyrannical",秋小焰,Hunter,Survival,dps,Shadowmoon
1936,327.3,303853423,10,Mists of Tirna Scithe,2024-10-30T15:44:48.000Z,1522430,1890999,2,"Xal'atath's Bargain: Ascendant, Fortified, Challenger's Peril, Tyrannical",開場歪歪,Warrior,Protection,tank,Shadowmoon
1936,327.3,303853423,10,Mists of Tirna Scithe,2024-10-30T15:44:48.000Z,1522430,1890999,2,"Xal'atath's Bargain: Ascendant, Fortified, Challenger's Peril, Tyrannical",肉品供應商,Druid,Restoration,healer,Shadowmoon
1936,327.3,303853423,10,Mists of Tirna Scithe,2024-10-30T15:44:48.000Z,1522430,1890999,2,"Xal'atath's Bargain: Ascendant, Fortified, Challenger's Peril, Tyrannical",亡者墓中無人,Death Knight,Frost,dps,Shadowmoon
1937,327.3,308063606,10,Mists of Tirna Scithe,2024-11-19T14:14:39.000Z,1522525,1890999,2,"Xal'atath's Bargain: Ascendant, Tyrannical, Challenger's Peril, Fortified",Riseup,Mage,Frost,dps,Stormscale
1937,327.3,308063606,10,Mists of Tirna Scithe,2024-11-19T14:14:39.000Z,1522525,1890999,2,"Xal'atath's Bargain: Ascendant, Tyrannical, Challenger's Peril, Fortified",面對疾風吧,Demon Hunter,Havoc,dps,Stormscale
1937,327.3,308063606,10,Mists of Tirna Scithe,2024-11-19T14:14:39.000Z,1522525,1890999,2,"Xal'atath's Bargain: Ascendant, Tyrannical, Challenger's Peril, Fortified",鬧夠了沒有,Death Knight,Blood,tank,Stormscale
1937,327.3,308063606,10,Mists of Tirna Scithe,2024-11-19T14:14:39.000Z,1522525,1890999,2,"Xal'atath's Bargain: Ascendant, Tyrannical, Challenger's Peril, Fortified",栗栗熊,Shaman,Restoration,healer,Stormscale
1937,327.3,308063606,10,Mists of Tirna Scithe,2024-11-19T14:14:39.000Z,1522525,1890999,2,"Xal'atath's Bargain: Ascendant, Tyrannical, Challenger's Peril, Fortified",Greed,Hunter,Survival,dps,Stormscale
1938,327.3,303202855,10,Mists of Tirna Scithe,2024-10-27T12:38:57.000Z,1522744,1890999,2,"Xal'atath's Bargain: Ascendant, Fortified, Challenger's Peril, Tyrannical",Crishna,Death Knight,Unholy,dps,Sundown Marsh
1938,327.3,303202855,10,Mists of Tirna Scithe,2024-10-27T12:38:57.000Z,1522744,1890999,2,"Xal'atath's Bargain: Ascendant, Fortified, Challenger's Peril, Tyrannical",羅西尼熊貓,Shaman,Elemental,dps,Sundown Marsh
1938,327.3,303202855,10,Mists of Tirna Scithe,2024-10-27T12:38:57.000Z,1522744,1890999,2,"Xal'atath's Bargain: Ascendant, Fortified, Challenger's Peril, Tyrannical",夢裏,Paladin,Retribution,dps,Skywall
1938,327.3,303202855,10,Mists of Tirna Scithe,2024-10-27T12:38:57.000Z,1522744,1890999,2,"Xal'atath's Bargain: Ascendant, Fortified, Challenger's Peril, Tyrannical",Ccbro,Warrior,Protection,tank,Sundown Marsh
1938,327.3,303202855,10,Mists of Tirna Scithe,2024-10-27T12:38:57.000Z,1522744,1890999,2,"Xal'atath's Bargain: Ascendant, Fortified, Challenger's Peril, Tyrannical",Unclepand,Monk,Mistweaver,healer,Arygos
1939,327.3,308055576,10,Mists of Tirna Scithe,2024-11-19T06:54:10.000Z,1523214,1890999,2,"Xal'atath's Bargain: Ascendant, Tyrannical, Challenger's Peril, Fortified",優雅流星,Paladin,Retribution,dps,Bleeding Hollow
1939,327.3,308055576,10,Mists of Tirna Scithe,2024-11-19T06:54:10.000Z,1523214,1890999,2,"Xal'atath's Bargain: Ascendant, Tyrannical, Challenger's Peril, Fortified",小雪晴,Death Knight,Blood,tank,Nightsong
1939,327.3,308055576,10,Mists of Tirna Scithe,2024-11-19T06:54:10.000Z,1523214,1890999,2,"Xal'atath's Bargain: Ascendant, Tyrannical, Challenger's Peril, Fortified",桃妡,Shaman,Restoration,healer,World Tree
1939,327.3,308055576,10,Mists of Tirna Scithe,2024-11-19T06:54:10.000Z,1523214,1890999,2,"Xal'atath's Bargain: Ascendant, Tyrannical, Challenger's Peril, Fortified",向钱看,Evoker,Augmentation,dps,Crystalpine Stinger
1939,327.3,308055576,10,Mists of Tirna Scithe,2024-11-19T06:54:10.000Z,1523214,1890999,2,"Xal'atath's Bargain: Ascendant, Tyrannical, Challenger's Peril, Fortified",鼠咪,Rogue,Assassination,dps,Bleeding Hollow
1940,327.3,303206735,10,Mists of Tirna Scithe,2024-10-27T14:50:37.000Z,1523301,1890999,2,"Xal'atath's Bargain: Ascendant, Fortified, Challenger's Peril, Tyrannical",狼焰心,Shaman,Elemental,dps,Sundown Marsh
1940,327.3,303206735,10,Mists of Tirna Scithe,2024-10-27T14:50:37.000Z,1523301,1890999,2,"Xal'atath's Bargain: Ascendant, Fortified, Challenger's Peril, Tyrannical",霓德霍格,Evoker,Preservation,healer,Arygos
1940,327.3,303206735,10,Mists of Tirna Scithe,2024-10-27T14:50:37.000Z,1523301,1890999,2,"Xal'atath's Bargain: Ascendant, Fortified, Challenger's Peril, Tyrannical",武士三惡,Paladin,Retribution,dps,Arthas
1940,327.3,303206735,10,Mists of Tirna Scithe,2024-10-27T14:50:37.000Z,1523301,1890999,2,"Xal'atath's Bargain: Ascendant, Fortified, Challenger's Peril, Tyrannical",青蛙,Death Knight,Blood,tank,Menethil
1940,327.3,303206735,10,Mists of Tirna Scithe,2024-10-27T14:50:37.000Z,1523301,1890999,2,"Xal'atath's Bargain: Ascendant, Fortified, Challenger's Peril, Tyrannical",Guratoni,Warlock,Affliction,dps,Spirestone
1941,327.3,304041424,10,Mists of Tirna Scithe,2024-10-30T12:33:02.000Z,1523837,1890999,2,"Xal'atath's Bargain: Ascendant, Fortified, Challenger's Peril, Tyrannical",墨希,Warrior,Protection,tank,Dragonmaw
1941,327.3,304041424,10,Mists of Tirna Scithe,2024-10-30T12:33:02.000Z,1523837,1890999,2,"Xal'atath's Bargain: Ascendant, Fortified, Challenger's Peril, Tyrannical",奈茵,Demon Hunter,Havoc,dps,Bleeding Hollow
1941,327.3,304041424,10,Mists of Tirna Scithe,2024-10-30T12:33:02.000Z,1523837,1890999,2,"Xal'atath's Bargain: Ascendant, Fortified, Challenger's Peril, Tyrannical",圖騰科科,Shaman,Restoration,healer,Menethil
1941,327.3,304041424,10,Mists of Tirna Scithe,2024-10-30T12:33:02.000Z,1523837,1890999,2,"Xal'atath's Bargain: Ascendant, Fortified, Challenger's Peril, Tyrannical",Sunadokei,Mage,Frost,dps,Menethil
1941,327.3,304041424,10,Mists of Tirna Scithe,2024-10-30T12:33:02.000Z,1523837,1890999,2,"Xal'atath's Bargain: Ascendant, Fortified, Challenger's Peril, Tyrannical",囧囧瞎,Demon Hunter,Havoc,dps,Frostmane
1942,327.3,302881189,10,Mists of Tirna Scithe,2024-10-26T09:52:29.000Z,1523838,1890999,2,"Xal'atath's Bargain: Ascendant, Fortified, Challenger's Peril, Tyrannical",胖天,Shaman,Elemental,dps,Menethil
1942,327.3,302881189,10,Mists of Tirna Scithe,2024-10-26T09:52:29.000Z,1523838,1890999,2,"Xal'atath's Bargain: Ascendant, Fortified, Challenger's Peril, Tyrannical",缺德不缺德,Druid,Guardian,tank,Order of the Cloud Serpent
1942,327.3,302881189,10,Mists of Tirna Scithe,2024-10-26T09:52:29.000Z,1523838,1890999,2,"Xal'atath's Bargain: Ascendant, Fortified, Challenger's Peril, Tyrannical",艾蕾麗雅,Mage,Fire,dps,Menethil
1942,327.3,302881189,10,Mists of Tirna Scithe,2024-10-26T09:52:29.000Z,1523838,1890999,2,"Xal'atath's Bargain: Ascendant, Fortified, Challenger's Peril, Tyrannical",魂不附體,Death Knight,Frost,dps,Zealot Blade
1942,327.3,302881189,10,Mists of Tirna Scithe,2024-10-26T09:52:29.000Z,1523838,1890999,2,"Xal'atath's Bargain: Ascendant, Fortified, Challenger's Peril, Tyrannical",Anitaz,Priest,Holy,healer,Frostmane
1943,327.3,307425532,10,Mists of Tirna Scithe,2024-11-16T01:24:32.000Z,1524137,1890999,2,"Xal'atath's Bargain: Ascendant, Tyrannical, Challenger's Peril, Fortified",陰森小桃,Paladin,Retribution,dps,Chillwind Point
1943,327.3,307425532,10,Mists of Tirna Scithe,2024-11-16T01:24:32.000Z,1524137,1890999,2,"Xal'atath's Bargain: Ascendant, Tyrannical, Challenger's Peril, Fortified",Lebron,Shaman,Elemental,dps,Chillwind Point
1943,327.3,307425532,10,Mists of Tirna Scithe,2024-11-16T01:24:32.000Z,1524137,1890999,2,"Xal'atath's Bargain: Ascendant, Tyrannical, Challenger's Peril, Fortified",瓷杯,Shaman,Restoration,healer,Icecrown
1943,327.3,307425532,10,Mists of Tirna Scithe,2024-11-16T01:24:32.000Z,1524137,1890999,2,"Xal'atath's Bargain: Ascendant, Tyrannical, Challenger's Peril, Fortified",陳橘,Druid,Guardian,tank,Icecrown
1943,327.3,307425532,10,Mists of Tirna Scithe,2024-11-16T01:24:32.000Z,1524137,1890999,2,"Xal'atath's Bargain: Ascendant, Tyrannical, Challenger's Peril, Fortified",改弱他改弱你,Mage,Frost,dps,Sundown Marsh
1944,327.3,307500053,10,Mists of Tirna Scithe,2024-11-16T13:42:27.000Z,1524216,1890999,2,"Xal'atath's Bargain: Ascendant, Tyrannical, Challenger's Peril, Fortified",昏倒,Paladin,Retribution,dps,Zealot Blade
1944,327.3,307500053,10,Mists of Tirna Scithe,2024-11-16T13:42:27.000Z,1524216,1890999,2,"Xal'atath's Bargain: Ascendant, Tyrannical, Challenger's Peril, Fortified",薩人不眨眼,Shaman,Restoration,healer,Nightsong
1944,327.3,307500053,10,Mists of Tirna Scithe,2024-11-16T13:42:27.000Z,1524216,1890999,2,"Xal'atath's Bargain: Ascendant, Tyrannical, Challenger's Peril, Fortified",小泉聖光,Paladin,Retribution,dps,Whisperwind
1944,327.3,307500053,10,Mists of Tirna Scithe,2024-11-16T13:42:27.000Z,1524216,1890999,2,"Xal'atath's Bargain: Ascendant, Tyrannical, Challenger's Peril, Fortified",塔根沃斯,Evoker,Devastation,dps,Shadowmoon
1944,327.3,307500053,10,Mists of Tirna Scithe,2024-11-16T13:42:27.000Z,1524216,1890999,2,"Xal'atath's Bargain: Ascendant, Tyrannical, Challenger's Peril, Fortified",炎魔龍王,Warrior,Protection,tank,Bleeding Hollow
1945,327.3,307519139,10,Mists of Tirna Scithe,2024-11-16T15:00:27.000Z,1524413,1890999,2,"Xal'atath's Bargain: Ascendant, Tyrannical, Challenger's Peril, Fortified",豫曉楓,Druid,Guardian,tank,Crystalpine Stinger
1945,327.3,307519139,10,Mists of Tirna Scithe,2024-11-16T15:00:27.000Z,1524413,1890999,2,"Xal'atath's Bargain: Ascendant, Tyrannical, Challenger's Peril, Fortified",櫻華月響,Death Knight,Frost,dps,Sundown Marsh
1945,327.3,307519139,10,Mists of Tirna Scithe,2024-11-16T15:00:27.000Z,1524413,1890999,2,"Xal'atath's Bargain: Ascendant, Tyrannical, Challenger's Peril, Fortified",Missice,Mage,Frost,dps,Sundown Marsh
1945,327.3,307519139,10,Mists of Tirna Scithe,2024-11-16T15:00:27.000Z,1524413,1890999,2,"Xal'atath's Bargain: Ascendant, Tyrannical, Challenger's Peril, Fortified",夜與星之歌,Priest,Discipline,healer,Sundown Marsh
1945,327.3,307519139,10,Mists of Tirna Scithe,2024-11-16T15:00:27.000Z,1524413,1890999,2,"Xal'atath's Bargain: Ascendant, Tyrannical, Challenger's Peril, Fortified",沒問題我包辦,Druid,Balance,dps,Arthas
1946,327.3,307335343,10,Mists of Tirna Scithe,2024-11-15T16:37:16.000Z,1524768,1890999,2,"Xal'atath's Bargain: Ascendant, Tyrannical, Challenger's Peril, Fortified",柒思涼涼,Paladin,Protection,tank,Whisperwind
1946,327.3,307335343,10,Mists of Tirna Scithe,2024-11-15T16:37:16.000Z,1524768,1890999,2,"Xal'atath's Bargain: Ascendant, Tyrannical, Challenger's Peril, Fortified",駕駕皮皮德,Hunter,Survival,dps,Whisperwind
1946,327.3,307335343,10,Mists of Tirna Scithe,2024-11-15T16:37:16.000Z,1524768,1890999,2,"Xal'atath's Bargain: Ascendant, Tyrannical, Challenger's Peril, Fortified",冰妞妞,Hunter,Beast Mastery,dps,Demon Fall Canyon
1946,327.3,307335343,10,Mists of Tirna Scithe,2024-11-15T16:37:16.000Z,1524768,1890999,2,"Xal'atath's Bargain: Ascendant, Tyrannical, Challenger's Peril, Fortified",壞脾氣的雏田,Warlock,Destruction,dps,Shadowmoon
1946,327.3,307335343,10,Mists of Tirna Scithe,2024-11-15T16:37:16.000Z,1524768,1890999,2,"Xal'atath's Bargain: Ascendant, Tyrannical, Challenger's Peril, Fortified",滾滾失眠,Shaman,Restoration,healer,Demon Fall Canyon
1947,327.3,308061777,10,Mists of Tirna Scithe,2024-11-18T15:52:59.000Z,1524972,1890999,2,"Xal'atath's Bargain: Ascendant, Tyrannical, Challenger's Peril, Fortified",Sanithy,Paladin,Protection,tank,Stormscale
1947,327.3,308061777,10,Mists of Tirna Scithe,2024-11-18T15:52:59.000Z,1524972,1890999,2,"Xal'atath's Bargain: Ascendant, Tyrannical, Challenger's Peril, Fortified",瓦力思,Priest,Discipline,healer,Frostmane
1947,327.3,308061777,10,Mists of Tirna Scithe,2024-11-18T15:52:59.000Z,1524972,1890999,2,"Xal'atath's Bargain: Ascendant, Tyrannical, Challenger's Peril, Fortified",寄雲,Hunter,Beast Mastery,dps,Whisperwind
1947,327.3,308061777,10,Mists of Tirna Scithe,2024-11-18T15:52:59.000Z,1524972,1890999,2,"Xal'atath's Bargain: Ascendant, Tyrannical, Challenger's Peril, Fortified",Doki,Demon Hunter,Havoc,dps,Silverwing Hold
1947,327.3,308061777,10,Mists of Tirna Scithe,2024-11-18T15:52:59.000Z,1524972,1890999,2,"Xal'atath's Bargain: Ascendant, Tyrannical, Challenger's Peril, Fortified",Dorphin,Hunter,Survival,dps,Frostmane
1948,327.2,302711617,10,Mists of Tirna Scithe,2024-10-25T17:07:27.000Z,1526089,1890999,2,"Xal'atath's Bargain: Ascendant, Fortified, Challenger's Peril, Tyrannical",北美浣熊,Paladin,Holy,healer,Shadowmoon
1948,327.2,302711617,10,Mists of Tirna Scithe,2024-10-25T17:07:27.000Z,1526089,1890999,2,"Xal'atath's Bargain: Ascendant, Fortified, Challenger's Peril, Tyrannical",拉鏈會夾到,Death Knight,Unholy,dps,Light's Hope
1948,327.2,302711617,10,Mists of Tirna Scithe,2024-10-25T17:07:27.000Z,1526089,1890999,2,"Xal'atath's Bargain: Ascendant, Fortified, Challenger's Peril, Tyrannical",瑞刻,Druid,Guardian,tank,Sundown Marsh
1948,327.2,302711617,10,Mists of Tirna Scithe,2024-10-25T17:07:27.000Z,1526089,1890999,2,"Xal'atath's Bargain: Ascendant, Fortified, Challenger's Peril, Tyrannical",Earthling,Shaman,Elemental,dps,Sundown Marsh
1948,327.2,302711617,10,Mists of Tirna Scithe,2024-10-25T17:07:27.000Z,1526089,1890999,2,"Xal'atath's Bargain: Ascendant, Fortified, Challenger's Peril, Tyrannical",埃朵,Paladin,Retribution,dps,Sundown Marsh
1949,327.2,307531043,10,Mists of Tirna Scithe,2024-11-16T16:59:22.000Z,1526229,1890999,2,"Xal'atath's Bargain: Ascendant, Tyrannical, Challenger's Peril, Fortified",多比愛咬人,Death Knight,Blood,tank,Spirestone
1949,327.2,307531043,10,Mists of Tirna Scithe,2024-11-16T16:59:22.000Z,1526229,1890999,2,"Xal'atath's Bargain: Ascendant, Tyrannical, Challenger's Peril, Fortified",電療專家,Shaman,Restoration,healer,Menethil
1949,327.2,307531043,10,Mists of Tirna Scithe,2024-11-16T16:59:22.000Z,1526229,1890999,2,"Xal'atath's Bargain: Ascendant, Tyrannical, Challenger's Peril, Fortified",Alvaro,Warlock,Demonology,dps,Spirestone
1949,327.2,307531043,10,Mists of Tirna Scithe,2024-11-16T16:59:22.000Z,1526229,1890999,2,"Xal'atath's Bargain: Ascendant, Tyrannical, Challenger's Peril, Fortified",Saintlagger,Paladin,Retribution,dps,Shadowmoon
1949,327.2,307531043,10,Mists of Tirna Scithe,2024-11-16T16:59:22.000Z,1526229,1890999,2,"Xal'atath's Bargain: Ascendant, Tyrannical, Challenger's Peril, Fortified",腳趾尾抽筋,Shaman,Enhancement,dps,Shadowmoon
1950,327.2,302864754,10,Mists of Tirna Scithe,2024-10-26T07:04:53.000Z,1526376,1890999,2,"Xal'atath's Bargain: Ascendant, Fortified, Challenger's Peril, Tyrannical",幻影楓塵,Demon Hunter,Vengeance,tank,Light's Hope
1950,327.2,302864754,10,Mists of Tirna Scithe,2024-10-26T07:04:53.000Z,1526376,1890999,2,"Xal'atath's Bargain: Ascendant, Fortified, Challenger's Peril, Tyrannical",他老弟貳點零,Warlock,Destruction,dps,Crystalpine Stinger
1950,327.2,302864754,10,Mists of Tirna Scithe,2024-10-26T07:04:53.000Z,1526376,1890999,2,"Xal'atath's Bargain: Ascendant, Fortified, Challenger's Peril, Tyrannical",Chuchuchu,Priest,Holy,healer,Quel'dorei
1950,327.2,302864754,10,Mists of Tirna Scithe,2024-10-26T07:04:53.000Z,1526376,1890999,2,"Xal'atath's Bargain: Ascendant, Fortified, Challenger's Peril, Tyrannical",弦壺,Shaman,Elemental,dps,Arthas
1950,327.2,302864754,10,Mists of Tirna Scithe,2024-10-26T07:04:53.000Z,1526376,1890999,2,"Xal'atath's Bargain: Ascendant, Fortified, Challenger's Peril, Tyrannical",賽科蘭特,Paladin,Retribution,dps,Demon Fall Canyon
1951,327.2,307167909,10,Mists of Tirna Scithe,2024-11-14T15:12:47.000Z,1526428,1890999,2,"Xal'atath's Bargain: Ascendant, Tyrannical, Challenger's Peril, Fortified",一霜燃一,Death Knight,Blood,tank,Arthas
1951,327.2,307167909,10,Mists of Tirna Scithe,2024-11-14T15:12:47.000Z,1526428,1890999,2,"Xal'atath's Bargain: Ascendant, Tyrannical, Challenger's Peril, Fortified",愛德森,Hunter,Marksmanship,dps,Demon Fall Canyon
1951,327.2,307167909,10,Mists of Tirna Scithe,2024-11-14T15:12:47.000Z,1526428,1890999,2,"Xal'atath's Bargain: Ascendant, Tyrannical, Challenger's Peril, Fortified",超級正妹,Paladin,Retribution,dps,Arthas
1951,327.2,307167909,10,Mists of Tirna Scithe,2024-11-14T15:12:47.000Z,1526428,1890999,2,"Xal'atath's Bargain: Ascendant, Tyrannical, Challenger's Peril, Fortified",一艾維娜一,Priest,Discipline,healer,Arthas
1951,327.2,307167909,10,Mists of Tirna Scithe,2024-11-14T15:12:47.000Z,1526428,1890999,2,"Xal'atath's Bargain: Ascendant, Tyrannical, Challenger's Peril, Fortified",承影之痕,Evoker,Augmentation,dps,Zealot Blade
1952,327.2,308065911,10,Mists of Tirna Scithe,2024-11-19T12:09:42.000Z,1526445,1890999,2,"Xal'atath's Bargain: Ascendant, Tyrannical, Challenger's Peril, Fortified",琉璃色的聖光,Paladin,Retribution,dps,Crystalpine Stinger
1952,327.2,308065911,10,Mists of Tirna Scithe,2024-11-19T12:09:42.000Z,1526445,1890999,2,"Xal'atath's Bargain: Ascendant, Tyrannical, Challenger's Peril, Fortified",七上八薩,Shaman,Enhancement,dps,Demon Fall Canyon
1952,327.2,308065911,10,Mists of Tirna Scithe,2024-11-19T12:09:42.000Z,1526445,1890999,2,"Xal'atath's Bargain: Ascendant, Tyrannical, Challenger's Peril, Fortified",說故事給我聽,Monk,Brewmaster,tank,Frostmane
1952,327.2,308065911,10,Mists of Tirna Scithe,2024-11-19T12:09:42.000Z,1526445,1890999,2,"Xal'atath's Bargain: Ascendant, Tyrannical, Challenger's Peril, Fortified",Themargarita,Hunter,Marksmanship,dps,World Tree
1952,327.2,308065911,10,Mists of Tirna Scithe,2024-11-19T12:09:42.000Z,1526445,1890999,2,"Xal'atath's Bargain: Ascendant, Tyrannical, Challenger's Peril, Fortified",晴天雷,Shaman,Restoration,healer,Chillwind Point
1953,327.2,307902524,10,Mists of Tirna Scithe,2024-11-17T14:54:34.000Z,1526632,1890999,2,"Xal'atath's Bargain: Ascendant, Tyrannical, Challenger's Peril, Fortified",甘寧羊,Warrior,Protection,tank,Quel'dorei
1953,327.2,307902524,10,Mists of Tirna Scithe,2024-11-17T14:54:34.000Z,1526632,1890999,2,"Xal'atath's Bargain: Ascendant, Tyrannical, Challenger's Peril, Fortified",白殿領域,Warlock,Destruction,dps,Arthas
1953,327.2,307902524,10,Mists of Tirna Scithe,2024-11-17T14:54:34.000Z,1526632,1890999,2,"Xal'atath's Bargain: Ascendant, Tyrannical, Challenger's Peril, Fortified",夢想旅途,Death Knight,Frost,dps,Sundown Marsh
1953,327.2,307902524,10,Mists of Tirna Scithe,2024-11-17T14:54:34.000Z,1526632,1890999,2,"Xal'atath's Bargain: Ascendant, Tyrannical, Challenger's Peril, Fortified",香蒜丁骨龍排,Evoker,Preservation,healer,Sundown Marsh
1953,327.2,307902524,10,Mists of Tirna Scithe,2024-11-17T14:54:34.000Z,1526632,1890999,2,"Xal'atath's Bargain: Ascendant, Tyrannical, Challenger's Peril, Fortified",少林龍爪手,Warrior,Fury,dps,Icecrown
1954,327.2,302875124,10,Mists of Tirna Scithe,2024-10-26T06:22:22.000Z,1526693,1890999,2,"Xal'atath's Bargain: Ascendant, Fortified, Challenger's Peril, Tyrannical",莉莉的小雪狼,Shaman,Restoration,healer,Quel'dorei
1954,327.2,302875124,10,Mists of Tirna Scithe,2024-10-26T06:22:22.000Z,1526693,1890999,2,"Xal'atath's Bargain: Ascendant, Fortified, Challenger's Peril, Tyrannical",夜歌,Death Knight,Frost,dps,Arthas
1954,327.2,302875124,10,Mists of Tirna Scithe,2024-10-26T06:22:22.000Z,1526693,1890999,2,"Xal'atath's Bargain: Ascendant, Fortified, Challenger's Peril, Tyrannical",冷雪貓咪,Hunter,Survival,dps,World Tree
1954,327.2,302875124,10,Mists of Tirna Scithe,2024-10-26T06:22:22.000Z,1526693,1890999,2,"Xal'atath's Bargain: Ascendant, Fortified, Challenger's Peril, Tyrannical",咕奶奶,Druid,Guardian,tank,Shadowmoon
1954,327.2,302875124,10,Mists of Tirna Scithe,2024-10-26T06:22:22.000Z,1526693,1890999,2,"Xal'atath's Bargain: Ascendant, Fortified, Challenger's Peril, Tyrannical",醒來,Shaman,Elemental,dps,Shadowmoon
1955,327.2,307109654,10,Mists of Tirna Scithe,2024-11-14T03:35:41.000Z,1526783,1890999,2,"Xal'atath's Bargain: Ascendant, Tyrannical, Challenger's Peril, Fortified",邱邱吉,Warrior,Protection,tank,Arthas
1955,327.2,307109654,10,Mists of Tirna Scithe,2024-11-14T03:35:41.000Z,1526783,1890999,2,"Xal'atath's Bargain: Ascendant, Tyrannical, Challenger's Peril, Fortified",宵夜你想,Mage,Frost,dps,Arthas
1955,327.2,307109654,10,Mists of Tirna Scithe,2024-11-14T03:35:41.000Z,1526783,1890999,2,"Xal'atath's Bargain: Ascendant, Tyrannical, Challenger's Peril, Fortified",陽焰,Paladin,Retribution,dps,Nightsong
1955,327.2,307109654,10,Mists of Tirna Scithe,2024-11-14T03:35:41.000Z,1526783,1890999,2,"Xal'atath's Bargain: Ascendant, Tyrannical, Challenger's Peril, Fortified",傻滿,Shaman,Restoration,healer,Zealot Blade
1955,327.2,307109654,10,Mists of Tirna Scithe,2024-11-14T03:35:41.000Z,1526783,1890999,2,"Xal'atath's Bargain: Ascendant, Tyrannical, Challenger's Peril, Fortified",薩薩虎狐,Shaman,Elemental,dps,Arygos
1956,327.2,303225361,10,Mists of Tirna Scithe,2024-10-27T17:06:29.000Z,1527087,1890999,2,"Xal'atath's Bargain: Ascendant, Fortified, Challenger's Peril, Tyrannical",恐懼圖騰,Shaman,Enhancement,dps,Stormscale
1956,327.2,303225361,10,Mists of Tirna Scithe,2024-10-27T17:06:29.000Z,1527087,1890999,2,"Xal'atath's Bargain: Ascendant, Fortified, Challenger's Peril, Tyrannical",Jbr,Death Knight,Frost,dps,Stormscale
1956,327.2,303225361,10,Mists of Tirna Scithe,2024-10-27T17:06:29.000Z,1527087,1890999,2,"Xal'atath's Bargain: Ascendant, Fortified, Challenger's Peril, Tyrannical",哈曼坎恩,Warrior,Protection,tank,Stormscale
1956,327.2,303225361,10,Mists of Tirna Scithe,2024-10-27T17:06:29.000Z,1527087,1890999,2,"Xal'atath's Bargain: Ascendant, Fortified, Challenger's Peril, Tyrannical",湫風,Priest,Discipline,healer,Stormscale
1956,327.2,303225361,10,Mists of Tirna Scithe,2024-10-27T17:06:29.000Z,1527087,1890999,2,"Xal'atath's Bargain: Ascendant, Fortified, Challenger's Peril, Tyrannical",希爾媂,Mage,Frost,dps,Nightsong
1957,327.2,302819285,10,Mists of Tirna Scithe,2024-10-25T23:40:14.000Z,1527184,1890999,2,"Xal'atath's Bargain: Ascendant, Fortified, Challenger's Peril, Tyrannical",艾爾馮司,Monk,Mistweaver,healer,Crystalpine Stinger
1957,327.2,302819285,10,Mists of Tirna Scithe,2024-10-25T23:40:14.000Z,1527184,1890999,2,"Xal'atath's Bargain: Ascendant, Fortified, Challenger's Peril, Tyrannical",暴風酒,Monk,Brewmaster,tank,Stormscale
1957,327.2,302819285,10,Mists of Tirna Scithe,2024-10-25T23:40:14.000Z,1527184,1890999,2,"Xal'atath's Bargain: Ascendant, Fortified, Challenger's Peril, Tyrannical",薩諾爾德,Paladin,Retribution,dps,Whisperwind
1957,327.2,302819285,10,Mists of Tirna Scithe,2024-10-25T23:40:14.000Z,1527184,1890999,2,"Xal'atath's Bargain: Ascendant, Fortified, Challenger's Peril, Tyrannical",蓋布里歐,Shaman,Elemental,dps,Demon Fall Canyon
1957,327.2,302819285,10,Mists of Tirna Scithe,2024-10-25T23:40:14.000Z,1527184,1890999,2,"Xal'atath's Bargain: Ascendant, Fortified, Challenger's Peril, Tyrannical",念時卿,Death Knight,Unholy,dps,Nightsong
1958,327.2,307679466,10,Mists of Tirna Scithe,2024-11-17T08:50:53.000Z,1527722,1890999,2,"Xal'atath's Bargain: Ascendant, Tyrannical, Challenger's Peril, Fortified",沒有為什麼,Death Knight,Frost,dps,Skywall
1958,327.2,307679466,10,Mists of Tirna Scithe,2024-11-17T08:50:53.000Z,1527722,1890999,2,"Xal'atath's Bargain: Ascendant, Tyrannical, Challenger's Peril, Fortified",玩命奎斯,Druid,Guardian,tank,Hellscream
1958,327.2,307679466,10,Mists of Tirna Scithe,2024-11-17T08:50:53.000Z,1527722,1890999,2,"Xal'atath's Bargain: Ascendant, Tyrannical, Challenger's Peril, Fortified",小狐仔,Priest,Discipline,healer,Shadowmoon
1958,327.2,307679466,10,Mists of Tirna Scithe,2024-11-17T08:50:53.000Z,1527722,1890999,2,"Xal'atath's Bargain: Ascendant, Tyrannical, Challenger's Peril, Fortified",Bohemsix,Hunter,Survival,dps,Sundown Marsh
1958,327.2,307679466,10,Mists of Tirna Scithe,2024-11-17T08:50:53.000Z,1527722,1890999,2,"Xal'atath's Bargain: Ascendant, Tyrannical, Challenger's Peril, Fortified",一具屍體,Warrior,Fury,dps,Spirestone
1959,327.2,303896714,10,Mists of Tirna Scithe,2024-10-30T16:51:11.000Z,1527872,1890999,2,"Xal'atath's Bargain: Ascendant, Fortified, Challenger's Peril, Tyrannical",絕望闇夜,Mage,Arcane,dps,Icecrown
1959,327.2,303896714,10,Mists of Tirna Scithe,2024-10-30T16:51:11.000Z,1527872,1890999,2,"Xal'atath's Bargain: Ascendant, Fortified, Challenger's Peril, Tyrannical",沉睡的大象,Paladin,Protection,tank,Crystalpine Stinger
1959,327.2,303896714,10,Mists of Tirna Scithe,2024-10-30T16:51:11.000Z,1527872,1890999,2,"Xal'atath's Bargain: Ascendant, Fortified, Challenger's Peril, Tyrannical",Kicow,Hunter,Survival,dps,Shadowmoon
1959,327.2,303896714,10,Mists of Tirna Scithe,2024-10-30T16:51:11.000Z,1527872,1890999,2,"Xal'atath's Bargain: Ascendant, Fortified, Challenger's Peril, Tyrannical",黑夜星光,Paladin,Retribution,dps,Crystalpine Stinger
1959,327.2,303896714,10,Mists of Tirna Scithe,2024-10-30T16:51:11.000Z,1527872,1890999,2,"Xal'atath's Bargain: Ascendant, Fortified, Challenger's Peril, Tyrannical",樂天來如,Monk,Mistweaver,healer,Crystalpine Stinger
1960,327.2,303137766,10,Mists of Tirna Scithe,2024-10-27T08:41:44.000Z,1528613,1890999,2,"Xal'atath's Bargain: Ascendant, Fortified, Challenger's Peril, Tyrannical",狼躍月,Shaman,Enhancement,dps,Crystalpine Stinger
1960,327.2,303137766,10,Mists of Tirna Scithe,2024-10-27T08:41:44.000Z,1528613,1890999,2,"Xal'atath's Bargain: Ascendant, Fortified, Challenger's Peril, Tyrannical",橘子班長,Demon Hunter,Havoc,dps,Frostmane
1960,327.2,303137766,10,Mists of Tirna Scithe,2024-10-27T08:41:44.000Z,1528613,1890999,2,"Xal'atath's Bargain: Ascendant, Fortified, Challenger's Peril, Tyrannical",Supermonk,Monk,Mistweaver,healer,Arygos
1960,327.2,303137766,10,Mists of Tirna Scithe,2024-10-27T08:41:44.000Z,1528613,1890999,2,"Xal'atath's Bargain: Ascendant, Fortified, Challenger's Peril, Tyrannical",吮指原味咕,Druid,Guardian,tank,Nightsong
1960,327.2,303137766,10,Mists of Tirna Scithe,2024-10-27T08:41:44.000Z,1528613,1890999,2,"Xal'atath's Bargain: Ascendant, Fortified, Challenger's Peril, Tyrannical",慕里昂,Mage,Frost,dps,Icecrown
1961,327.2,308082719,10,Mists of Tirna Scithe,2024-11-19T15:00:35.000Z,1528745,1890999,2,"Xal'atath's Bargain: Ascendant, Tyrannical, Challenger's Peril, Fortified",蛇魔女,Shaman,Restoration,healer,Dragonmaw
1961,327.2,308082719,10,Mists of Tirna Scithe,2024-11-19T15:00:35.000Z,1528745,1890999,2,"Xal'atath's Bargain: Ascendant, Tyrannical, Challenger's Peril, Fortified",伊芮雅,Shaman,Elemental,dps,Stormscale
1961,327.2,308082719,10,Mists of Tirna Scithe,2024-11-19T15:00:35.000Z,1528745,1890999,2,"Xal'atath's Bargain: Ascendant, Tyrannical, Challenger's Peril, Fortified",Crazyf,Warlock,Demonology,dps,Stormscale
1961,327.2,308082719,10,Mists of Tirna Scithe,2024-11-19T15:00:35.000Z,1528745,1890999,2,"Xal'atath's Bargain: Ascendant, Tyrannical, Challenger's Peril, Fortified",天不從人願,Mage,Arcane,dps,Stormscale
1961,327.2,308082719,10,Mists of Tirna Scithe,2024-11-19T15:00:35.000Z,1528745,1890999,2,"Xal'atath's Bargain: Ascendant, Tyrannical, Challenger's Peril, Fortified",大嘰嘰,Druid,Guardian,tank,Stormscale
1962,327.2,302916573,10,Mists of Tirna Scithe,2024-10-26T12:14:19.000Z,1528865,1890999,2,"Xal'atath's Bargain: Ascendant, Fortified, Challenger's Peril, Tyrannical",Rerollprisst,Priest,Holy,healer,Wrathbringer
1962,327.2,302916573,10,Mists of Tirna Scithe,2024-10-26T12:14:19.000Z,1528865,1890999,2,"Xal'atath's Bargain: Ascendant, Fortified, Challenger's Peril, Tyrannical",Bayaroka,Death Knight,Frost,dps,Hellscream
1962,327.2,302916573,10,Mists of Tirna Scithe,2024-10-26T12:14:19.000Z,1528865,1890999,2,"Xal'atath's Bargain: Ascendant, Fortified, Challenger's Peril, Tyrannical",Zlatan,Warrior,Protection,tank,Wrathbringer
1962,327.2,302916573,10,Mists of Tirna Scithe,2024-10-26T12:14:19.000Z,1528865,1890999,2,"Xal'atath's Bargain: Ascendant, Fortified, Challenger's Peril, Tyrannical",布利尼薄餅,Priest,Shadow,dps,Wrathbringer
1962,327.2,302916573,10,Mists of Tirna Scithe,2024-10-26T12:14:19.000Z,1528865,1890999,2,"Xal'atath's Bargain: Ascendant, Fortified, Challenger's Peril, Tyrannical",公公十號,Shaman,Elemental,dps,Spirestone
1963,327.2,303180744,10,Mists of Tirna Scithe,2024-10-27T11:51:47.000Z,1529029,1890999,2,"Xal'atath's Bargain: Ascendant, Fortified, Challenger's Peril, Tyrannical",Zffz,Warrior,Protection,tank,Chillwind Point
1963,327.2,303180744,10,Mists of Tirna Scithe,2024-10-27T11:51:47.000Z,1529029,1890999,2,"Xal'atath's Bargain: Ascendant, Fortified, Challenger's Peril, Tyrannical",被迫重玩,Monk,Windwalker,dps,Chillwind Point
1963,327.2,303180744,10,Mists of Tirna Scithe,2024-10-27T11:51:47.000Z,1529029,1890999,2,"Xal'atath's Bargain: Ascendant, Fortified, Challenger's Peril, Tyrannical",Soraa,Paladin,Retribution,dps,Sundown Marsh
1963,327.2,303180744,10,Mists of Tirna Scithe,2024-10-27T11:51:47.000Z,1529029,1890999,2,"Xal'atath's Bargain: Ascendant, Fortified, Challenger's Peril, Tyrannical",牛牛乾脆麵,Shaman,Restoration,healer,Nightsong
1963,327.2,303180744,10,Mists of Tirna Scithe,2024-10-27T11:51:47.000Z,1529029,1890999,2,"Xal'atath's Bargain: Ascendant, Fortified, Challenger's Peril, Tyrannical",無賊神經病,Rogue,Assassination,dps,Arthas
1964,327.2,302712211,10,Mists of Tirna Scithe,2024-10-25T07:02:58.000Z,1529335,1890999,2,"Xal'atath's Bargain: Ascendant, Fortified, Challenger's Peril, Tyrannical",加列牛,Paladin,Retribution,dps,Arthas
1964,327.2,302712211,10,Mists of Tirna Scithe,2024-10-25T07:02:58.000Z,1529335,1890999,2,"Xal'atath's Bargain: Ascendant, Fortified, Challenger's Peril, Tyrannical",鄧炳強,Warrior,Protection,tank,Silverwing Hold
1964,327.2,302712211,10,Mists of Tirna Scithe,2024-10-25T07:02:58.000Z,1529335,1890999,2,"Xal'atath's Bargain: Ascendant, Fortified, Challenger's Peril, Tyrannical",Kosekibijou,Monk,Mistweaver,healer,Wrathbringer
1964,327.2,302712211,10,Mists of Tirna Scithe,2024-10-25T07:02:58.000Z,1529335,1890999,2,"Xal'atath's Bargain: Ascendant, Fortified, Challenger's Peril, Tyrannical",雷克斯余,Hunter,Marksmanship,dps,Zealot Blade
1964,327.2,302712211,10,Mists of Tirna Scithe,2024-10-25T07:02:58.000Z,1529335,1890999,2,"Xal'atath's Bargain: Ascendant, Fortified, Challenger's Peril, Tyrannical",芙珥喬娜-229838736,Demon Hunter,Havoc,dps,Shadowmoon
1965,327.2,308298954,10,Mists of Tirna Scithe,2024-11-20T16:50:25.000Z,1529366,1890999,2,"Xal'atath's Bargain: Ascendant, Tyrannical, Challenger's Peril, Fortified",火賽斯,Shaman,Elemental,dps,Silverwing Hold
1965,327.2,308298954,10,Mists of Tirna Scithe,2024-11-20T16:50:25.000Z,1529366,1890999,2,"Xal'atath's Bargain: Ascendant, Tyrannical, Challenger's Peril, Fortified",Loserdog,Paladin,Retribution,dps,Sundown Marsh
1965,327.2,308298954,10,Mists of Tirna Scithe,2024-11-20T16:50:25.000Z,1529366,1890999,2,"Xal'atath's Bargain: Ascendant, Tyrannical, Challenger's Peril, Fortified",度蘭寧,Death Knight,Frost,dps,Wrathbringer
1965,327.2,308298954,10,Mists of Tirna Scithe,2024-11-20T16:50:25.000Z,1529366,1890999,2,"Xal'atath's Bargain: Ascendant, Tyrannical, Challenger's Peril, Fortified",南投豆花妹,Shaman,Restoration,healer,Frostmane
1965,327.2,308298954,10,Mists of Tirna Scithe,2024-11-20T16:50:25.000Z,1529366,1890999,2,"Xal'atath's Bargain: Ascendant, Tyrannical, Challenger's Peril, Fortified",Bangbang,Warrior,Protection,tank,Sundown Marsh
1966,327.2,307137545,10,Mists of Tirna Scithe,2024-11-14T10:04:51.000Z,1529700,1890999,2,"Xal'atath's Bargain: Ascendant, Tyrannical, Challenger's Peril, Fortified",銀驃當家,Hunter,Beast Mastery,dps,Icecrown
1966,327.2,307137545,10,Mists of Tirna Scithe,2024-11-14T10:04:51.000Z,1529700,1890999,2,"Xal'atath's Bargain: Ascendant, Tyrannical, Challenger's Peril, Fortified",熱太妃糖紅茶-56921698,Priest,Discipline,healer,Arthas
1966,327.2,307137545,10,Mists of Tirna Scithe,2024-11-14T10:04:51.000Z,1529700,1890999,2,"Xal'atath's Bargain: Ascendant, Tyrannical, Challenger's Peril, Fortified",淚已成星,Paladin,Protection,tank,Icecrown
1966,327.2,307137545,10,Mists of Tirna Scithe,2024-11-14T10:04:51.000Z,1529700,1890999,2,"Xal'atath's Bargain: Ascendant, Tyrannical, Challenger's Peril, Fortified",Raichu,Paladin,Retribution,dps,Spirestone
1966,327.2,307137545,10,Mists of Tirna Scithe,2024-11-14T10:04:51.000Z,1529700,1890999,2,"Xal'atath's Bargain: Ascendant, Tyrannical, Challenger's Peril, Fortified",香蕉王,Death Knight,Frost,dps,Spirestone
1967,327.2,303622915,10,Mists of Tirna Scithe,2024-10-29T12:00:39.000Z,1529855,1890999,2,"Xal'atath's Bargain: Ascendant, Fortified, Challenger's Peril, Tyrannical",Furyfang,Paladin,Retribution,dps,World Tree
1967,327.2,303622915,10,Mists of Tirna Scithe,2024-10-29T12:00:39.000Z,1529855,1890999,2,"Xal'atath's Bargain: Ascendant, Fortified, Challenger's Peril, Tyrannical",寂玉的薩滿,Shaman,Restoration,healer,Skywall
1967,327.2,303622915,10,Mists of Tirna Scithe,2024-10-29T12:00:39.000Z,1529855,1890999,2,"Xal'atath's Bargain: Ascendant, Fortified, Challenger's Peril, Tyrannical",武壹武,Mage,Arcane,dps,Sundown Marsh
1967,327.2,303622915,10,Mists of Tirna Scithe,2024-10-29T12:00:39.000Z,1529855,1890999,2,"Xal'atath's Bargain: Ascendant, Fortified, Challenger's Peril, Tyrannical",斯亞特,Demon Hunter,Havoc,dps,Bleeding Hollow
1967,327.2,303622915,10,Mists of Tirna Scithe,2024-10-29T12:00:39.000Z,1529855,1890999,2,"Xal'atath's Bargain: Ascendant, Fortified, Challenger's Peril, Tyrannical",淆底獸,Warrior,Protection,tank,Dragonmaw
1968,327.2,302511190,10,Mists of Tirna Scithe,2024-10-24T15:06:00.000Z,1529858,1890999,2,"Xal'atath's Bargain: Ascendant, Fortified, Challenger's Peril, Tyrannical",陸魑,Warrior,Protection,tank,Whisperwind
1968,327.2,302511190,10,Mists of Tirna Scithe,2024-10-24T15:06:00.000Z,1529858,1890999,2,"Xal'atath's Bargain: Ascendant, Fortified, Challenger's Peril, Tyrannical",大涼奶,Priest,Discipline,healer,Shadowmoon
1968,327.2,302511190,10,Mists of Tirna Scithe,2024-10-24T15:06:00.000Z,1529858,1890999,2,"Xal'atath's Bargain: Ascendant, Fortified, Challenger's Peril, Tyrannical",前面有大腳怪,Mage,Frost,dps,Whisperwind
1968,327.2,302511190,10,Mists of Tirna Scithe,2024-10-24T15:06:00.000Z,1529858,1890999,2,"Xal'atath's Bargain: Ascendant, Fortified, Challenger's Peril, Tyrannical",墨多海鴉褲,Warrior,Fury,dps,Shadowmoon
1968,327.2,302511190,10,Mists of Tirna Scithe,2024-10-24T15:06:00.000Z,1529858,1890999,2,"Xal'atath's Bargain: Ascendant, Fortified, Challenger's Peril, Tyrannical",大麻古茶坊,Evoker,Augmentation,dps,Quel'dorei
1969,327.2,308014342,10,Mists of Tirna Scithe,2024-11-18T18:45:18.000Z,1530040,1890999,2,"Xal'atath's Bargain: Ascendant, Tyrannical, Challenger's Peril, Fortified",看佛經打飛機,Monk,Mistweaver,healer,Sundown Marsh
1969,327.2,308014342,10,Mists of Tirna Scithe,2024-11-18T18:45:18.000Z,1530040,1890999,2,"Xal'atath's Bargain: Ascendant, Tyrannical, Challenger's Peril, Fortified",Ekuria,Death Knight,Blood,tank,Sundown Marsh
1969,327.2,308014342,10,Mists of Tirna Scithe,2024-11-18T18:45:18.000Z,1530040,1890999,2,"Xal'atath's Bargain: Ascendant, Tyrannical, Challenger's Peril, Fortified",Siqs,Mage,Frost,dps,Bleeding Hollow
1969,327.2,308014342,10,Mists of Tirna Scithe,2024-11-18T18:45:18.000Z,1530040,1890999,2,"Xal'atath's Bargain: Ascendant, Tyrannical, Challenger's Peril, Fortified",半分影,Monk,Windwalker,dps,Sundown Marsh
1969,327.2,308014342,10,Mists of Tirna Scithe,2024-11-18T18:45:18.000Z,1530040,1890999,2,"Xal'atath's Bargain: Ascendant, Tyrannical, Challenger's Peril, Fortified",Sykes,Rogue,Assassination,dps,Nightsong
1970,327.2,302712804,10,Mists of Tirna Scithe,2024-10-25T17:52:09.000Z,1530189,1890999,2,"Xal'atath's Bargain: Ascendant, Fortified, Challenger's Peril, Tyrannical",微不爽,Shaman,Elemental,dps,Shadowmoon
1970,327.2,302712804,10,Mists of Tirna Scithe,2024-10-25T17:52:09.000Z,1530189,1890999,2,"Xal'atath's Bargain: Ascendant, Fortified, Challenger's Peril, Tyrannical",Yayascarlet,Priest,Holy,healer,Quel'dorei
1970,327.2,302712804,10,Mists of Tirna Scithe,2024-10-25T17:52:09.000Z,1530189,1890999,2,"Xal'atath's Bargain: Ascendant, Fortified, Challenger's Peril, Tyrannical",芝芝草莓,Demon Hunter,Vengeance,tank,Quel'dorei
1970,327.2,302712804,10,Mists of Tirna Scithe,2024-10-25T17:52:09.000Z,1530189,1890999,2,"Xal'atath's Bargain: Ascendant, Fortified, Challenger's Peril, Tyrannical",但是要收費,Shaman,Elemental,dps,Shadowmoon
1970,327.2,302712804,10,Mists of Tirna Scithe,2024-10-25T17:52:09.000Z,1530189,1890999,2,"Xal'atath's Bargain: Ascendant, Fortified, Challenger's Peril, Tyrannical",Tueeiillk,Druid,Balance,dps,Sundown Marsh
1971,327.2,303809941,10,Mists of Tirna Scithe,2024-10-30T04:23:50.000Z,1530318,1890999,2,"Xal'atath's Bargain: Ascendant, Fortified, Challenger's Peril, Tyrannical",傲劍寒心,Hunter,Survival,dps,Shadowmoon
1971,327.2,303809941,10,Mists of Tirna Scithe,2024-10-30T04:23:50.000Z,1530318,1890999,2,"Xal'atath's Bargain: Ascendant, Fortified, Challenger's Peril, Tyrannical",時夢有病,Evoker,Preservation,healer,Zealot Blade
1971,327.2,303809941,10,Mists of Tirna Scithe,2024-10-30T04:23:50.000Z,1530318,1890999,2,"Xal'atath's Bargain: Ascendant, Fortified, Challenger's Peril, Tyrannical",天線低低嗶,Paladin,Retribution,dps,Shadowmoon
1971,327.2,303809941,10,Mists of Tirna Scithe,2024-10-30T04:23:50.000Z,1530318,1890999,2,"Xal'atath's Bargain: Ascendant, Fortified, Challenger's Peril, Tyrannical",惡魔柴犬,Warlock,Demonology,dps,Menethil
1971,327.2,303809941,10,Mists of Tirna Scithe,2024-10-30T04:23:50.000Z,1530318,1890999,2,"Xal'atath's Bargain: Ascendant, Fortified, Challenger's Peril, Tyrannical",月下白雪,Demon Hunter,Vengeance,tank,Shadowmoon
1972,327.1,302934576,10,Mists of Tirna Scithe,2024-10-26T14:08:24.000Z,1530807,1890999,2,"Xal'atath's Bargain: Ascendant, Fortified, Challenger's Peril, Tyrannical",霜凝水鏡,Mage,Frost,dps,World Tree
1972,327.1,302934576,10,Mists of Tirna Scithe,2024-10-26T14:08:24.000Z,1530807,1890999,2,"Xal'atath's Bargain: Ascendant, Fortified, Challenger's Peril, Tyrannical",沼冰,Paladin,Retribution,dps,Sundown Marsh
1972,327.1,302934576,10,Mists of Tirna Scithe,2024-10-26T14:08:24.000Z,1530807,1890999,2,"Xal'atath's Bargain: Ascendant, Fortified, Challenger's Peril, Tyrannical",岳禾,Druid,Restoration,healer,Arthas
1972,327.1,302934576,10,Mists of Tirna Scithe,2024-10-26T14:08:24.000Z,1530807,1890999,2,"Xal'atath's Bargain: Ascendant, Fortified, Challenger's Peril, Tyrannical",一囧,Warrior,Protection,tank,Whisperwind
1972,327.1,302934576,10,Mists of Tirna Scithe,2024-10-26T14:08:24.000Z,1530807,1890999,2,"Xal'atath's Bargain: Ascendant, Fortified, Challenger's Peril, Tyrannical",雲瀾時鏡-227646653,Rogue,Assassination,dps,World Tree
1973,327.1,307519147,10,Mists of Tirna Scithe,2024-11-16T15:28:17.000Z,1530990,1890999,2,"Xal'atath's Bargain: Ascendant, Tyrannical, Challenger's Peril, Fortified",楓纓,Druid,Restoration,healer,Skywall
1973,327.1,307519147,10,Mists of Tirna Scithe,2024-11-16T15:28:17.000Z,1530990,1890999,2,"Xal'atath's Bargain: Ascendant, Tyrannical, Challenger's Peril, Fortified",打臉騎士,Paladin,Retribution,dps,Wrathbringer
1973,327.1,307519147,10,Mists of Tirna Scithe,2024-11-16T15:28:17.000Z,1530990,1890999,2,"Xal'atath's Bargain: Ascendant, Tyrannical, Challenger's Peril, Fortified",搞怪,Shaman,Elemental,dps,Skywall
1973,327.1,307519147,10,Mists of Tirna Scithe,2024-11-16T15:28:17.000Z,1530990,1890999,2,"Xal'atath's Bargain: Ascendant, Tyrannical, Challenger's Peril, Fortified",二哈絲絲,Death Knight,Blood,tank,Skywall
1973,327.1,307519147,10,Mists of Tirna Scithe,2024-11-16T15:28:17.000Z,1530990,1890999,2,"Xal'atath's Bargain: Ascendant, Tyrannical, Challenger's Peril, Fortified",聖光小以,Paladin,Retribution,dps,Shadowmoon
1974,327.1,303145219,10,Mists of Tirna Scithe,2024-10-27T07:18:26.000Z,1531030,1890999,1,"Xal'atath's Bargain: Ascendant, Fortified, Challenger's Peril, Tyrannical",圖騰科科,Shaman,Restoration,healer,Menethil
1974,327.1,303145219,10,Mists of Tirna Scithe,2024-10-27T07:18:26.000Z,1531030,1890999,1,"Xal'atath's Bargain: Ascendant, Fortified, Challenger's Peril, Tyrannical",餘霞,Death Knight,Blood,tank,Bleeding Hollow
1974,327.1,303145219,10,Mists of Tirna Scithe,2024-10-27T07:18:26.000Z,1531030,1890999,1,"Xal'atath's Bargain: Ascendant, Fortified, Challenger's Peril, Tyrannical",Lunatea,Paladin,Retribution,dps,Bleeding Hollow
1974,327.1,303145219,10,Mists of Tirna Scithe,2024-10-27T07:18:26.000Z,1531030,1890999,1,"Xal'atath's Bargain: Ascendant, Fortified, Challenger's Peril, Tyrannical",Sunadokei,Mage,Frost,dps,Menethil
1974,327.1,303145219,10,Mists of Tirna Scithe,2024-10-27T07:18:26.000Z,1531030,1890999,1,"Xal'atath's Bargain: Ascendant, Fortified, Challenger's Peril, Tyrannical",玫川一芙,Evoker,Devastation,dps,Frostmane
1975,327.1,303587935,10,Mists of Tirna Scithe,2024-10-28T17:08:59.000Z,1531138,1890999,1,"Xal'atath's Bargain: Ascendant, Fortified, Challenger's Peril, Tyrannical",Gustavo,Hunter,Beast Mastery,dps,Arygos
1975,327.1,303587935,10,Mists of Tirna Scithe,2024-10-28T17:08:59.000Z,1531138,1890999,1,"Xal'atath's Bargain: Ascendant, Fortified, Challenger's Peril, Tyrannical",Epiphany,Mage,Frost,dps,Arthas
1975,327.1,303587935,10,Mists of Tirna Scithe,2024-10-28T17:08:59.000Z,1531138,1890999,1,"Xal'atath's Bargain: Ascendant, Fortified, Challenger's Peril, Tyrannical",可燃性烏龍茶,Shaman,Elemental,dps,Nightsong
1975,327.1,303587935,10,Mists of Tirna Scithe,2024-10-28T17:08:59.000Z,1531138,1890999,1,"Xal'atath's Bargain: Ascendant, Fortified, Challenger's Peril, Tyrannical",七米米鳥,Priest,Discipline,healer,Arygos
1975,327.1,303587935,10,Mists of Tirna Scithe,2024-10-28T17:08:59.000Z,1531138,1890999,1,"Xal'atath's Bargain: Ascendant, Fortified, Challenger's Peril, Tyrannical",牛太郎,Paladin,Protection,tank,Arthas
1976,327.1,307459648,10,Mists of Tirna Scithe,2024-11-16T06:45:24.000Z,1531342,1890999,1,"Xal'atath's Bargain: Ascendant, Tyrannical, Challenger's Peril, Fortified",你爹,Mage,Arcane,dps,Silverwing Hold
1976,327.1,307459648,10,Mists of Tirna Scithe,2024-11-16T06:45:24.000Z,1531342,1890999,1,"Xal'atath's Bargain: Ascendant, Tyrannical, Challenger's Peril, Fortified",尤爾薩克,Shaman,Enhancement,dps,Silverwing Hold
1976,327.1,307459648,10,Mists of Tirna Scithe,2024-11-16T06:45:24.000Z,1531342,1890999,1,"Xal'atath's Bargain: Ascendant, Tyrannical, Challenger's Peril, Fortified",豬界高富帥,Warrior,Protection,tank,Frostmane
1976,327.1,307459648,10,Mists of Tirna Scithe,2024-11-16T06:45:24.000Z,1531342,1890999,1,"Xal'atath's Bargain: Ascendant, Tyrannical, Challenger's Peril, Fortified",溫暖的黑咖啡,Warlock,Demonology,dps,Menethil
1976,327.1,307459648,10,Mists of Tirna Scithe,2024-11-16T06:45:24.000Z,1531342,1890999,1,"Xal'atath's Bargain: Ascendant, Tyrannical, Challenger's Peril, Fortified",鵝肉的溫柔,Druid,Restoration,healer,Frostmane
1977,327.1,301433305,10,Mists of Tirna Scithe,2024-10-28T13:12:50.000Z,1531480,1890999,1,"Xal'atath's Bargain: Ascendant, Fortified, Challenger's Peril, Tyrannical",鳳凰皇朝,Paladin,Holy,healer,Wrathbringer
1977,327.1,301433305,10,Mists of Tirna Scithe,2024-10-28T13:12:50.000Z,1531480,1890999,1,"Xal'atath's Bargain: Ascendant, Fortified, Challenger's Peril, Tyrannical",化羽隨風,Death Knight,Blood,tank,Wrathbringer
1977,327.1,301433305,10,Mists of Tirna Scithe,2024-10-28T13:12:50.000Z,1531480,1890999,1,"Xal'atath's Bargain: Ascendant, Fortified, Challenger's Peril, Tyrannical",Phiona,Paladin,Retribution,dps,Wrathbringer
1977,327.1,301433305,10,Mists of Tirna Scithe,2024-10-28T13:12:50.000Z,1531480,1890999,1,"Xal'atath's Bargain: Ascendant, Fortified, Challenger's Peril, Tyrannical",Arlecchino,Death Knight,Frost,dps,Wrathbringer
1977,327.1,301433305,10,Mists of Tirna Scithe,2024-10-28T13:12:50.000Z,1531480,1890999,1,"Xal'atath's Bargain: Ascendant, Fortified, Challenger's Peril, Tyrannical",黛安娜,Warrior,Fury,dps,Wrathbringer
1978,327.1,303183377,10,Mists of Tirna Scithe,2024-10-27T13:31:53.000Z,1531620,1890999,1,"Xal'atath's Bargain: Ascendant, Fortified, Challenger's Peril, Tyrannical",真機八貓,Death Knight,Frost,dps,Stormscale
1978,327.1,303183377,10,Mists of Tirna Scithe,2024-10-27T13:31:53.000Z,1531620,1890999,1,"Xal'atath's Bargain: Ascendant, Fortified, Challenger's Peril, Tyrannical",哈茲卡析,Warlock,Demonology,dps,Nightsong
1978,327.1,303183377,10,Mists of Tirna Scithe,2024-10-27T13:31:53.000Z,1531620,1890999,1,"Xal'atath's Bargain: Ascendant, Fortified, Challenger's Peril, Tyrannical",柯波拉,Druid,Guardian,tank,Stormscale
1978,327.1,303183377,10,Mists of Tirna Scithe,2024-10-27T13:31:53.000Z,1531620,1890999,1,"Xal'atath's Bargain: Ascendant, Fortified, Challenger's Peril, Tyrannical",湫風,Priest,Discipline,healer,Stormscale
1978,327.1,303183377,10,Mists of Tirna Scithe,2024-10-27T13:31:53.000Z,1531620,1890999,1,"Xal'atath's Bargain: Ascendant, Fortified, Challenger's Peril, Tyrannical",獵人發大財,Hunter,Marksmanship,dps,Stormscale
1979,327.1,303811042,10,Mists of Tirna Scithe,2024-10-30T08:25:44.000Z,1531954,1890999,1,"Xal'atath's Bargain: Ascendant, Fortified, Challenger's Peril, Tyrannical",Alishae,Rogue,Assassination,dps,Skywall
1979,327.1,303811042,10,Mists of Tirna Scithe,2024-10-30T08:25:44.000Z,1531954,1890999,1,"Xal'atath's Bargain: Ascendant, Fortified, Challenger's Peril, Tyrannical",殤影,Evoker,Preservation,healer,Crystalpine Stinger
1979,327.1,303811042,10,Mists of Tirna Scithe,2024-10-30T08:25:44.000Z,1531954,1890999,1,"Xal'atath's Bargain: Ascendant, Fortified, Challenger's Peril, Tyrannical",南蠻風唐揚雞,Shaman,Elemental,dps,Light's Hope
1979,327.1,303811042,10,Mists of Tirna Scithe,2024-10-30T08:25:44.000Z,1531954,1890999,1,"Xal'atath's Bargain: Ascendant, Fortified, Challenger's Peril, Tyrannical",Bono,Paladin,Retribution,dps,Shadowmoon
1979,327.1,303811042,10,Mists of Tirna Scithe,2024-10-30T08:25:44.000Z,1531954,1890999,1,"Xal'atath's Bargain: Ascendant, Fortified, Challenger's Peril, Tyrannical",Stormpaladin,Paladin,Protection,tank,Shadowmoon
1980,327.1,302718690,10,Mists of Tirna Scithe,2024-10-25T15:06:38.000Z,1532049,1890999,1,"Xal'atath's Bargain: Ascendant, Fortified, Challenger's Peril, Tyrannical",希緹,Paladin,Protection,tank,Bleeding Hollow
1980,327.1,302718690,10,Mists of Tirna Scithe,2024-10-25T15:06:38.000Z,1532049,1890999,1,"Xal'atath's Bargain: Ascendant, Fortified, Challenger's Peril, Tyrannical",科科牛,Druid,Restoration,healer,Menethil
1980,327.1,302718690,10,Mists of Tirna Scithe,2024-10-25T15:06:38.000Z,1532049,1890999,1,"Xal'atath's Bargain: Ascendant, Fortified, Challenger's Peril, Tyrannical",燙燙你,Mage,Frost,dps,Menethil
1980,327.1,302718690,10,Mists of Tirna Scithe,2024-10-25T15:06:38.000Z,1532049,1890999,1,"Xal'atath's Bargain: Ascendant, Fortified, Challenger's Peril, Tyrannical",Misstsrm,Shaman,Elemental,dps,Menethil
1980,327.1,302718690,10,Mists of Tirna Scithe,2024-10-25T15:06:38.000Z,1532049,1890999,1,"Xal'atath's Bargain: Ascendant, Fortified, Challenger's Peril, Tyrannical",玫川一芙,Evoker,Devastation,dps,Frostmane
1981,327.1,307161700,10,Mists of Tirna Scithe,2024-11-14T14:39:23.000Z,1532263,1890999,1,"Xal'atath's Bargain: Ascendant, Tyrannical, Challenger's Peril, Fortified",咖啡茶,Death Knight,Unholy,dps,Stormscale
1981,327.1,307161700,10,Mists of Tirna Scithe,2024-11-14T14:39:23.000Z,1532263,1890999,1,"Xal'atath's Bargain: Ascendant, Tyrannical, Challenger's Peril, Fortified",貓忘魚尾紗,Priest,Discipline,healer,Sundown Marsh
1981,327.1,307161700,10,Mists of Tirna Scithe,2024-11-14T14:39:23.000Z,1532263,1890999,1,"Xal'atath's Bargain: Ascendant, Tyrannical, Challenger's Peril, Fortified",蠢蠢,Hunter,Beast Mastery,dps,Shadowmoon
1981,327.1,307161700,10,Mists of Tirna Scithe,2024-11-14T14:39:23.000Z,1532263,1890999,1,"Xal'atath's Bargain: Ascendant, Tyrannical, Challenger's Peril, Fortified",旑糜,Warrior,Protection,tank,Stormscale
1981,327.1,307161700,10,Mists of Tirna Scithe,2024-11-14T14:39:23.000Z,1532263,1890999,1,"Xal'atath's Bargain: Ascendant, Tyrannical, Challenger's Peril, Fortified",Gachikun,Paladin,Retribution,dps,Shadowmoon
1982,327.1,302710113,10,Mists of Tirna Scithe,2024-10-25T17:20:44.000Z,1532286,1890999,1,"Xal'atath's Bargain: Ascendant, Fortified, Challenger's Peril, Tyrannical",其實我很迷你,Shaman,Restoration,healer,Wrathbringer
1982,327.1,302710113,10,Mists of Tirna Scithe,2024-10-25T17:20:44.000Z,1532286,1890999,1,"Xal'atath's Bargain: Ascendant, Fortified, Challenger's Peril, Tyrannical",Boxuan,Hunter,Beast Mastery,dps,Sundown Marsh
1982,327.1,302710113,10,Mists of Tirna Scithe,2024-10-25T17:20:44.000Z,1532286,1890999,1,"Xal'atath's Bargain: Ascendant, Fortified, Challenger's Peril, Tyrannical",伊琮不行,Demon Hunter,Vengeance,tank,Demon Fall Canyon
1982,327.1,302710113,10,Mists of Tirna Scithe,2024-10-25T17:20:44.000Z,1532286,1890999,1,"Xal'atath's Bargain: Ascendant, Fortified, Challenger's Peril, Tyrannical",Nekoslave,Paladin,Retribution,dps,Nightsong
1982,327.1,302710113,10,Mists of Tirna Scithe,2024-10-25T17:20:44.000Z,1532286,1890999,1,"Xal'atath's Bargain: Ascendant, Fortified, Challenger's Peril, Tyrannical",Clifdragon,Evoker,Augmentation,dps,Nightsong
1983,327.1,302945086,10,Mists of Tirna Scithe,2024-10-26T09:38:41.000Z,1532296,1890999,1,"Xal'atath's Bargain: Ascendant, Fortified, Challenger's Peril, Tyrannical",初念淺,Shaman,Restoration,healer,Whisperwind
1983,327.1,302945086,10,Mists of Tirna Scithe,2024-10-26T09:38:41.000Z,1532296,1890999,1,"Xal'atath's Bargain: Ascendant, Fortified, Challenger's Peril, Tyrannical",史提西亞,Mage,Frost,dps,Wrathbringer
1983,327.1,302945086,10,Mists of Tirna Scithe,2024-10-26T09:38:41.000Z,1532296,1890999,1,"Xal'atath's Bargain: Ascendant, Fortified, Challenger's Peril, Tyrannical",奧麗給,Warrior,Protection,tank,Whisperwind
1983,327.1,302945086,10,Mists of Tirna Scithe,2024-10-26T09:38:41.000Z,1532296,1890999,1,"Xal'atath's Bargain: Ascendant, Fortified, Challenger's Peril, Tyrannical",歐齁,Paladin,Retribution,dps,Quel'dorei
1983,327.1,302945086,10,Mists of Tirna Scithe,2024-10-26T09:38:41.000Z,1532296,1890999,1,"Xal'atath's Bargain: Ascendant, Fortified, Challenger's Peril, Tyrannical",Biguo,Warlock,Destruction,dps,Shadowmoon
1984,327.1,308089083,10,Mists of Tirna Scithe,2024-11-17T13:43:01.000Z,1532385,1890999,1,"Xal'atath's Bargain: Ascendant, Tyrannical, Challenger's Peril, Fortified",玖邊麗,Paladin,Retribution,dps,Skywall
1984,327.1,308089083,10,Mists of Tirna Scithe,2024-11-17T13:43:01.000Z,1532385,1890999,1,"Xal'atath's Bargain: Ascendant, Tyrannical, Challenger's Peril, Fortified",嵐狄烏斯,Hunter,Beast Mastery,dps,Skywall
1984,327.1,308089083,10,Mists of Tirna Scithe,2024-11-17T13:43:01.000Z,1532385,1890999,1,"Xal'atath's Bargain: Ascendant, Tyrannical, Challenger's Peril, Fortified",莫高雷牛奶甜,Rogue,Assassination,dps,Skywall
1984,327.1,308089083,10,Mists of Tirna Scithe,2024-11-17T13:43:01.000Z,1532385,1890999,1,"Xal'atath's Bargain: Ascendant, Tyrannical, Challenger's Peril, Fortified",薩塔莉亞,Shaman,Restoration,healer,Skywall
1984,327.1,308089083,10,Mists of Tirna Scithe,2024-11-17T13:43:01.000Z,1532385,1890999,1,"Xal'atath's Bargain: Ascendant, Tyrannical, Challenger's Peril, Fortified",開怪就倒坦,Paladin,Protection,tank,Skywall
1985,327.1,302875031,10,Mists of Tirna Scithe,2024-10-26T08:16:37.000Z,1532447,1890999,1,"Xal'atath's Bargain: Ascendant, Fortified, Challenger's Peril, Tyrannical",撼天神雷,Shaman,Enhancement,dps,World Tree
1985,327.1,302875031,10,Mists of Tirna Scithe,2024-10-26T08:16:37.000Z,1532447,1890999,1,"Xal'atath's Bargain: Ascendant, Fortified, Challenger's Peril, Tyrannical",霜月抹茶,Shaman,Restoration,healer,World Tree
1985,327.1,302875031,10,Mists of Tirna Scithe,2024-10-26T08:16:37.000Z,1532447,1890999,1,"Xal'atath's Bargain: Ascendant, Fortified, Challenger's Peril, Tyrannical",一彩虹盒子一,Paladin,Protection,tank,Quel'dorei
1985,327.1,302875031,10,Mists of Tirna Scithe,2024-10-26T08:16:37.000Z,1532447,1890999,1,"Xal'atath's Bargain: Ascendant, Fortified, Challenger's Peril, Tyrannical",雲卷,Death Knight,Frost,dps,Arygos
1985,327.1,302875031,10,Mists of Tirna Scithe,2024-10-26T08:16:37.000Z,1532447,1890999,1,"Xal'atath's Bargain: Ascendant, Fortified, Challenger's Peril, Tyrannical",Hclsham,Shaman,Elemental,dps,Arygos
1986,327.1,303880268,10,Mists of Tirna Scithe,2024-10-30T18:20:13.000Z,1532875,1890999,1,"Xal'atath's Bargain: Ascendant, Fortified, Challenger's Peril, Tyrannical",夜紫馨,Paladin,Retribution,dps,Bleeding Hollow
1986,327.1,303880268,10,Mists of Tirna Scithe,2024-10-30T18:20:13.000Z,1532875,1890999,1,"Xal'atath's Bargain: Ascendant, Fortified, Challenger's Peril, Tyrannical",罰站課實習生,Shaman,Enhancement,dps,Quel'dorei
1986,327.1,303880268,10,Mists of Tirna Scithe,2024-10-30T18:20:13.000Z,1532875,1890999,1,"Xal'atath's Bargain: Ascendant, Fortified, Challenger's Peril, Tyrannical",Okboyk,Death Knight,Blood,tank,Crystalpine Stinger
1986,327.1,303880268,10,Mists of Tirna Scithe,2024-10-30T18:20:13.000Z,1532875,1890999,1,"Xal'atath's Bargain: Ascendant, Fortified, Challenger's Peril, Tyrannical",低頭猛干飯,Druid,Restoration,healer,Hellscream
1986,327.1,303880268,10,Mists of Tirna Scithe,2024-10-30T18:20:13.000Z,1532875,1890999,1,"Xal'atath's Bargain: Ascendant, Fortified, Challenger's Peril, Tyrannical",Holyboyy,Paladin,Retribution,dps,Sundown Marsh
1987,327.1,307913711,10,Mists of Tirna Scithe,2024-11-18T14:37:31.000Z,1532928,1890999,1,"Xal'atath's Bargain: Ascendant, Tyrannical, Challenger's Peril, Fortified",煉獄狂舞,Warlock,Destruction,dps,Crystalpine Stinger
1987,327.1,307913711,10,Mists of Tirna Scithe,2024-11-18T14:37:31.000Z,1532928,1890999,1,"Xal'atath's Bargain: Ascendant, Tyrannical, Challenger's Peril, Fortified",幸福伊始,Mage,Frost,dps,Wrathbringer
1987,327.1,307913711,10,Mists of Tirna Scithe,2024-11-18T14:37:31.000Z,1532928,1890999,1,"Xal'atath's Bargain: Ascendant, Tyrannical, Challenger's Peril, Fortified",你在看嗎,Paladin,Retribution,dps,Shadowmoon
1987,327.1,307913711,10,Mists of Tirna Scithe,2024-11-18T14:37:31.000Z,1532928,1890999,1,"Xal'atath's Bargain: Ascendant, Tyrannical, Challenger's Peril, Fortified",墨汁圣骑,Paladin,Protection,tank,Wrathbringer
1987,327.1,307913711,10,Mists of Tirna Scithe,2024-11-18T14:37:31.000Z,1532928,1890999,1,"Xal'atath's Bargain: Ascendant, Tyrannical, Challenger's Peril, Fortified",淚冠哀歌,Shaman,Restoration,healer,World Tree
1988,327.1,303582036,10,Mists of Tirna Scithe,2024-10-28T14:47:45.000Z,1533739,1890999,1,"Xal'atath's Bargain: Ascendant, Fortified, Challenger's Peril, Tyrannical",啊屋,Rogue,Assassination,dps,Shadowmoon
1988,327.1,303582036,10,Mists of Tirna Scithe,2024-10-28T14:47:45.000Z,1533739,1890999,1,"Xal'atath's Bargain: Ascendant, Fortified, Challenger's Peril, Tyrannical",天儺,Warrior,Protection,tank,Shadowmoon
1988,327.1,303582036,10,Mists of Tirna Scithe,2024-10-28T14:47:45.000Z,1533739,1890999,1,"Xal'atath's Bargain: Ascendant, Fortified, Challenger's Peril, Tyrannical",月洛,Druid,Balance,dps,Nightsong
1988,327.1,303582036,10,Mists of Tirna Scithe,2024-10-28T14:47:45.000Z,1533739,1890999,1,"Xal'atath's Bargain: Ascendant, Fortified, Challenger's Peril, Tyrannical",被無視的存在,Druid,Restoration,healer,Frostmane
1988,327.1,303582036,10,Mists of Tirna Scithe,2024-10-28T14:47:45.000Z,1533739,1890999,1,"Xal'atath's Bargain: Ascendant, Fortified, Challenger's Peril, Tyrannical",阪口,Shaman,Elemental,dps,Dragonmaw
1989,327.1,307780610,10,Mists of Tirna Scithe,2024-11-17T19:45:22.000Z,1534555,1890999,1,"Xal'atath's Bargain: Ascendant, Tyrannical, Challenger's Peril, Fortified",緋雪夜嵐,Shaman,Enhancement,dps,Quel'dorei
1989,327.1,307780610,10,Mists of Tirna Scithe,2024-11-17T19:45:22.000Z,1534555,1890999,1,"Xal'atath's Bargain: Ascendant, Tyrannical, Challenger's Peril, Fortified",小宵虎南,Evoker,Preservation,healer,Skywall
1989,327.1,307780610,10,Mists of Tirna Scithe,2024-11-17T19:45:22.000Z,1534555,1890999,1,"Xal'atath's Bargain: Ascendant, Tyrannical, Challenger's Peril, Fortified",死亡常伴吾身,Death Knight,Frost,dps,Arthas
1989,327.1,307780610,10,Mists of Tirna Scithe,2024-11-17T19:45:22.000Z,1534555,1890999,1,"Xal'atath's Bargain: Ascendant, Tyrannical, Challenger's Peril, Fortified",頭號通緝犯,Paladin,Protection,tank,Shadowmoon
1989,327.1,307780610,10,Mists of Tirna Scithe,2024-11-17T19:45:22.000Z,1534555,1890999,1,"Xal'atath's Bargain: Ascendant, Tyrannical, Challenger's Peril, Fortified",Nkob,Mage,Fire,dps,Sundown Marsh
1990,327.1,307688725,10,Mists of Tirna Scithe,2024-11-17T06:29:07.000Z,1534602,1890999,1,"Xal'atath's Bargain: Ascendant, Tyrannical, Challenger's Peril, Fortified",一分糖,Warlock,Destruction,dps,Silverwing Hold
1990,327.1,307688725,10,Mists of Tirna Scithe,2024-11-17T06:29:07.000Z,1534602,1890999,1,"Xal'atath's Bargain: Ascendant, Tyrannical, Challenger's Peril, Fortified",摳摳口香糖,Priest,Discipline,healer,Zealot Blade
1990,327.1,307688725,10,Mists of Tirna Scithe,2024-11-17T06:29:07.000Z,1534602,1890999,1,"Xal'atath's Bargain: Ascendant, Tyrannical, Challenger's Peril, Fortified",粉穗幸谷澤,Paladin,Protection,tank,Icecrown
1990,327.1,307688725,10,Mists of Tirna Scithe,2024-11-17T06:29:07.000Z,1534602,1890999,1,"Xal'atath's Bargain: Ascendant, Tyrannical, Challenger's Peril, Fortified",土城大母牛,Rogue,Assassination,dps,Sundown Marsh
1990,327.1,307688725,10,Mists of Tirna Scithe,2024-11-17T06:29:07.000Z,1534602,1890999,1,"Xal'atath's Bargain: Ascendant, Tyrannical, Challenger's Peril, Fortified",Cocohot-231209694,Mage,Arcane,dps,Sundown Marsh
1991,327.1,304121318,10,Mists of Tirna Scithe,2024-10-30T12:12:01.000Z,1534642,1890999,1,"Xal'atath's Bargain: Ascendant, Fortified, Challenger's Peril, Tyrannical",緋焰,Mage,Frost,dps,Whisperwind
1991,327.1,304121318,10,Mists of Tirna Scithe,2024-10-30T12:12:01.000Z,1534642,1890999,1,"Xal'atath's Bargain: Ascendant, Fortified, Challenger's Peril, Tyrannical",Reilinn,Druid,Guardian,tank,Shadowmoon
1991,327.1,304121318,10,Mists of Tirna Scithe,2024-10-30T12:12:01.000Z,1534642,1890999,1,"Xal'atath's Bargain: Ascendant, Fortified, Challenger's Peril, Tyrannical",Hanipal,Paladin,Retribution,dps,Bleeding Hollow
1991,327.1,304121318,10,Mists of Tirna Scithe,2024-10-30T12:12:01.000Z,1534642,1890999,1,"Xal'atath's Bargain: Ascendant, Fortified, Challenger's Peril, Tyrannical",Nani,Monk,Windwalker,dps,Spirestone
1991,327.1,304121318,10,Mists of Tirna Scithe,2024-10-30T12:12:01.000Z,1534642,1890999,1,"Xal'atath's Bargain: Ascendant, Fortified, Challenger's Peril, Tyrannical",Twicexnine,Priest,Discipline,healer,Whisperwind
1992,327.1,307698116,10,Mists of Tirna Scithe,2024-11-17T11:28:04.000Z,1534719,1890999,1,"Xal'atath's Bargain: Ascendant, Tyrannical, Challenger's Peril, Fortified",哎雅雅,Paladin,Retribution,dps,Sundown Marsh
1992,327.1,307698116,10,Mists of Tirna Scithe,2024-11-17T11:28:04.000Z,1534719,1890999,1,"Xal'atath's Bargain: Ascendant, Tyrannical, Challenger's Peril, Fortified",Uzziel,Paladin,Protection,tank,Skywall
1992,327.1,307698116,10,Mists of Tirna Scithe,2024-11-17T11:28:04.000Z,1534719,1890999,1,"Xal'atath's Bargain: Ascendant, Tyrannical, Challenger's Peril, Fortified",一口豆奶,Hunter,Beast Mastery,dps,Shadowmoon
1992,327.1,307698116,10,Mists of Tirna Scithe,2024-11-17T11:28:04.000Z,1534719,1890999,1,"Xal'atath's Bargain: Ascendant, Tyrannical, Challenger's Peril, Fortified",幻玥朧,Shaman,Restoration,healer,Shadowmoon
1992,327.1,307698116,10,Mists of Tirna Scithe,2024-11-17T11:28:04.000Z,1534719,1890999,1,"Xal'atath's Bargain: Ascendant, Tyrannical, Challenger's Peril, Fortified",本部以藏,Rogue,Outlaw,dps,Wrathbringer
1993,327.1,307181188,10,Mists of Tirna Scithe,2024-11-14T17:23:22.000Z,1534986,1890999,1,"Xal'atath's Bargain: Ascendant, Tyrannical, Challenger's Peril, Fortified",神一樣的朋友,Mage,Fire,dps,Sundown Marsh
1993,327.1,307181188,10,Mists of Tirna Scithe,2024-11-14T17:23:22.000Z,1534986,1890999,1,"Xal'atath's Bargain: Ascendant, Tyrannical, Challenger's Peril, Fortified",湮滅之光,Paladin,Protection,tank,Silverwing Hold
1993,327.1,307181188,10,Mists of Tirna Scithe,2024-11-14T17:23:22.000Z,1534986,1890999,1,"Xal'atath's Bargain: Ascendant, Tyrannical, Challenger's Peril, Fortified",呆寶愛吃菜菜,Shaman,Restoration,healer,Skywall
1993,327.1,307181188,10,Mists of Tirna Scithe,2024-11-14T17:23:22.000Z,1534986,1890999,1,"Xal'atath's Bargain: Ascendant, Tyrannical, Challenger's Peril, Fortified",卑彌呼,Paladin,Retribution,dps,Wrathbringer
1993,327.1,307181188,10,Mists of Tirna Scithe,2024-11-14T17:23:22.000Z,1534986,1890999,1,"Xal'atath's Bargain: Ascendant, Tyrannical, Challenger's Peril, Fortified",笵達爾鹿盔,Druid,Balance,dps,Shadowmoon
1994,327,308283194,10,Mists of Tirna Scithe,2024-11-20T14:37:33.000Z,1535526,1890999,1,"Xal'atath's Bargain: Ascendant, Tyrannical, Challenger's Peril, Fortified",灰色咕咕,Druid,Balance,dps,Sundown Marsh
1994,327,308283194,10,Mists of Tirna Scithe,2024-11-20T14:37:33.000Z,1535526,1890999,1,"Xal'atath's Bargain: Ascendant, Tyrannical, Challenger's Peril, Fortified",Oragon,Evoker,Augmentation,dps,Sundown Marsh
1994,327,308283194,10,Mists of Tirna Scithe,2024-11-20T14:37:33.000Z,1535526,1890999,1,"Xal'atath's Bargain: Ascendant, Tyrannical, Challenger's Peril, Fortified",哞哞奶茶,Druid,Restoration,healer,Hellscream
1994,327,308283194,10,Mists of Tirna Scithe,2024-11-20T14:37:33.000Z,1535526,1890999,1,"Xal'atath's Bargain: Ascendant, Tyrannical, Challenger's Peril, Fortified",清水煮師爺,Priest,Shadow,dps,Spirestone
1994,327,308283194,10,Mists of Tirna Scithe,2024-11-20T14:37:33.000Z,1535526,1890999,1,"Xal'atath's Bargain: Ascendant, Tyrannical, Challenger's Peril, Fortified",Yenpal,Paladin,Protection,tank,Nightsong
1995,327,303843691,10,Mists of Tirna Scithe,2024-11-14T14:38:12.000Z,1535534,1890999,1,"Xal'atath's Bargain: Ascendant, Tyrannical, Challenger's Peril, Fortified",Hypnos,Warrior,Arms,dps,Shadowmoon
1995,327,303843691,10,Mists of Tirna Scithe,2024-11-14T14:38:12.000Z,1535534,1890999,1,"Xal'atath's Bargain: Ascendant, Tyrannical, Challenger's Peril, Fortified",空心,Shaman,Restoration,healer,Nightsong
1995,327,303843691,10,Mists of Tirna Scithe,2024-11-14T14:38:12.000Z,1535534,1890999,1,"Xal'atath's Bargain: Ascendant, Tyrannical, Challenger's Peril, Fortified",艾瑞卡,Priest,Shadow,dps,Nightsong
1995,327,303843691,10,Mists of Tirna Scithe,2024-11-14T14:38:12.000Z,1535534,1890999,1,"Xal'atath's Bargain: Ascendant, Tyrannical, Challenger's Peril, Fortified",Diorama,Death Knight,Blood,tank,Arthas
1995,327,303843691,10,Mists of Tirna Scithe,2024-11-14T14:38:12.000Z,1535534,1890999,1,"Xal'atath's Bargain: Ascendant, Tyrannical, Challenger's Peril, Fortified",花生起司球,Paladin,Retribution,dps,Chillwind Point
1996,327,294712388,10,Mists of Tirna Scithe,2024-09-23T16:12:09.000Z,1536070,1890999,1,"Xal'atath's Bargain: Ascendant, Tyrannical, Challenger's Peril, Fortified",姬娜,Shaman,Enhancement,dps,Shadowmoon
1996,327,294712388,10,Mists of Tirna Scithe,2024-09-23T16:12:09.000Z,1536070,1890999,1,"Xal'atath's Bargain: Ascendant, Tyrannical, Challenger's Peril, Fortified",在火九方,Monk,Windwalker,dps,Spirestone
1996,327,294712388,10,Mists of Tirna Scithe,2024-09-23T16:12:09.000Z,1536070,1890999,1,"Xal'atath's Bargain: Ascendant, Tyrannical, Challenger's Peril, Fortified",日日是好日,Warlock,Destruction,dps,Shadowmoon
1996,327,294712388,10,Mists of Tirna Scithe,2024-09-23T16:12:09.000Z,1536070,1890999,1,"Xal'atath's Bargain: Ascendant, Tyrannical, Challenger's Peril, Fortified",美公子裘裘,Paladin,Protection,tank,Bleeding Hollow
1996,327,294712388,10,Mists of Tirna Scithe,2024-09-23T16:12:09.000Z,1536070,1890999,1,"Xal'atath's Bargain: Ascendant, Tyrannical, Challenger's Peril, Fortified",Runatic,Priest,Discipline,healer,Shadowmoon
1997,327,307330539,10,Mists of Tirna Scithe,2024-11-15T15:34:03.000Z,1536122,1890999,1,"Xal'atath's Bargain: Ascendant, Tyrannical, Challenger's Peril, Fortified",獵藝,Hunter,Beast Mastery,dps,Shadowmoon
1997,327,307330539,10,Mists of Tirna Scithe,2024-11-15T15:34:03.000Z,1536122,1890999,1,"Xal'atath's Bargain: Ascendant, Tyrannical, Challenger's Peril, Fortified",錢多多三號,Paladin,Holy,healer,Shadowmoon
1997,327,307330539,10,Mists of Tirna Scithe,2024-11-15T15:34:03.000Z,1536122,1890999,1,"Xal'atath's Bargain: Ascendant, Tyrannical, Challenger's Peril, Fortified",龍捲暴風,Warrior,Fury,dps,Arthas
1997,327,307330539,10,Mists of Tirna Scithe,2024-11-15T15:34:03.000Z,1536122,1890999,1,"Xal'atath's Bargain: Ascendant, Tyrannical, Challenger's Peril, Fortified",長橋顧馬,Paladin,Protection,tank,Silverwing Hold
1997,327,307330539,10,Mists of Tirna Scithe,2024-11-15T15:34:03.000Z,1536122,1890999,1,"Xal'atath's Bargain: Ascendant, Tyrannical, Challenger's Peril, Fortified",不要改名,Warlock,Destruction,dps,World Tree
1998,327,303414880,10,Mists of Tirna Scithe,2024-10-28T13:55:44.000Z,1536172,1890999,1,"Xal'atath's Bargain: Ascendant, Fortified, Challenger's Peril, Tyrannical",咖哩炸豬排,Monk,Mistweaver,healer,Shadowmoon
1998,327,303414880,10,Mists of Tirna Scithe,2024-10-28T13:55:44.000Z,1536172,1890999,1,"Xal'atath's Bargain: Ascendant, Fortified, Challenger's Peril, Tyrannical",朋友的朋友,Monk,Brewmaster,tank,Hellscream
1998,327,303414880,10,Mists of Tirna Scithe,2024-10-28T13:55:44.000Z,1536172,1890999,1,"Xal'atath's Bargain: Ascendant, Fortified, Challenger's Peril, Tyrannical",聖光小豬仔,Paladin,Retribution,dps,Shadowmoon
1998,327,303414880,10,Mists of Tirna Scithe,2024-10-28T13:55:44.000Z,1536172,1890999,1,"Xal'atath's Bargain: Ascendant, Fortified, Challenger's Peril, Tyrannical",漢堡加奶昔,Mage,Frost,dps,Shadowmoon
1998,327,303414880,10,Mists of Tirna Scithe,2024-10-28T13:55:44.000Z,1536172,1890999,1,"Xal'atath's Bargain: Ascendant, Fortified, Challenger's Peril, Tyrannical",我是冰龍,Death Knight,Frost,dps,Shadowmoon
1999,327,303849520,10,Mists of Tirna Scithe,2024-10-29T13:16:17.000Z,1536387,1890999,1,"Xal'atath's Bargain: Ascendant, Fortified, Challenger's Peril, Tyrannical",阿弜,Demon Hunter,Vengeance,tank,Arthas
1999,327,303849520,10,Mists of Tirna Scithe,2024-10-29T13:16:17.000Z,1536387,1890999,1,"Xal'atath's Bargain: Ascendant, Fortified, Challenger's Peril, Tyrannical",輕描淡寫,Warrior,Fury,dps,Zealot Blade
1999,327,303849520,10,Mists of Tirna Scithe,2024-10-29T13:16:17.000Z,1536387,1890999,1,"Xal'atath's Bargain: Ascendant, Fortified, Challenger's Peril, Tyrannical",鮭賈萬,Druid,Balance,dps,Arthas
1999,327,303849520,10,Mists of Tirna Scithe,2024-10-29T13:16:17.000Z,1536387,1890999,1,"Xal'atath's Bargain: Ascendant, Fortified, Challenger's Peril, Tyrannical",Nimabeegg,Shaman,Elemental,dps,Shadowmoon
1999,327,303849520,10,Mists of Tirna Scithe,2024-10-29T13:16:17.000Z,1536387,1890999,1,"Xal'atath's Bargain: Ascendant, Fortified, Challenger's Peril, Tyrannical",Gsni,Paladin,Holy,healer,Arthas
2000,327,307734835,10,Mists of Tirna Scithe,2024-11-17T15:42:27.000Z,1536435,1890999,1,"Xal'atath's Bargain: Ascendant, Tyrannical, Challenger's Peril, Fortified",萌蒙,Shaman,Enhancement,dps,Zealot Blade
2000,327,307734835,10,Mists of Tirna Scithe,2024-11-17T15:42:27.000Z,1536435,1890999,1,"Xal'atath's Bargain: Ascendant, Tyrannical, Challenger's Peril, Fortified",斬卍殺神卍佛,Demon Hunter,Havoc,dps,Shadowmoon
2000,327,307734835,10,Mists of Tirna Scithe,2024-11-17T15:42:27.000Z,1536435,1890999,1,"Xal'atath's Bargain: Ascendant, Tyrannical, Challenger's Peril, Fortified",龍羽飛,Evoker,Preservation,healer,Shadowmoon
2000,327,307734835,10,Mists of Tirna Scithe,2024-11-17T15:42:27.000Z,1536435,1890999,1,"Xal'atath's Bargain: Ascendant, Tyrannical, Challenger's Peril, Fortified",修葛爾斯-130010399,Paladin,Protection,tank,Shadowmoon
2000,327,307734835,10,Mists of Tirna Scithe,2024-11-17T15:42:27.000Z,1536435,1890999,1,"Xal'atath's Bargain: Ascendant, Tyrannical, Challenger's Peril, Fortified",Remains,Shaman,Elemental,dps,Icecrown
